/*--------------------------------*- C++ -*----------------------------------*\
  =========                 |
  \\      /  F ield         | OpenFOAM: The Open Source CFD Toolbox
   \\    /   O peration     | Website:  https://openfoam.org
    \\  /    A nd           | Version:  7
     \\/     M anipulation  |
\*---------------------------------------------------------------------------*/
FoamFile
{
    version     2.0;
    format      ascii;
    class       volVectorField;
    location    "1.3";
    object      U;
}
// * * * * * * * * * * * * * * * * * * * * * * * * * * * * * * * * * * * * * //

dimensions      [0 1 -1 0 0 0 0];

internalField   nonuniform List<vector> 
2222
(
(2.430522993 0.5952512632 0)
(2.436228542 0.5839756378 0)
(2.447504523 0.5772989476 0)
(2.464917848 0.577067847 0)
(2.481638596 0.57167272 0)
(2.495221908 0.5623386875 0)
(2.507759345 0.552354115 0)
(2.518503705 0.5438446325 0)
(2.526111605 0.5361756884 0)
(2.531434325 0.5287818091 0)
(2.538179799 0.520867412 0)
(2.542859232 0.5128060375 0)
(2.546033179 0.502613971 0)
(2.550716334 0.4888089163 0)
(2.554458691 0.4790051612 0)
(2.558335639 0.4765134003 0)
(2.564686991 0.4769806426 0)
(2.678133562 0.02548184813 0)
(2.676032078 0.02340179854 0)
(2.675694103 0.02202224999 0)
(2.674533738 0.01849478178 0)
(2.516830915 0.2528327658 0)
(2.087087863 0.6215945861 0)
(2.112863727 0.6565544516 0)
(2.180725357 0.6596678506 0)
(2.227628167 0.6634121133 0)
(2.254249874 0.656081868 0)
(2.267825929 0.6502118803 0)
(2.278859886 0.6434519011 0)
(2.292221927 0.6415978311 0)
(2.317746004 0.6439871947 0)
(2.348966608 0.6473882414 0)
(2.377070629 0.6328742356 0)
(2.39722232 0.6198992182 0)
(2.411595061 0.6164129404 0)
(2.423225564 0.6187972566 0)
(2.426621275 0.6197368938 0)
(2.424436827 0.6135931808 0)
(2.423214846 0.6063434099 0)
(2.428203045 0.5975448951 0)
(2.435492782 0.5857831114 0)
(2.445726513 0.5796646193 0)
(2.464185309 0.5773016383 0)
(2.481202224 0.5710272231 0)
(2.494781238 0.5611999365 0)
(2.50675258 0.5510012394 0)
(2.516108529 0.5427321684 0)
(2.523487414 0.5358271421 0)
(2.529194685 0.5287668932 0)
(2.535806473 0.5212147431 0)
(2.540595488 0.5128302097 0)
(2.544219185 0.5013931648 0)
(2.550152556 0.488938789 0)
(2.554522067 0.4823526343 0)
(2.559434253 0.4830424418 0)
(2.565522169 0.4795287795 0)
(2.69324239 0.02519159023 0)
(2.691160348 0.02471108871 0)
(2.691464094 0.02067315752 0)
(2.589270689 0.1931981683 0)
(2.092718542 0.5962202871 0)
(2.091173131 0.6581731075 0)
(2.166312902 0.6592606039 0)
(2.216465412 0.6559681243 0)
(2.24933202 0.6492869057 0)
(2.267729865 0.647763127 0)
(2.282207901 0.6443810222 0)
(2.291933077 0.6443501765 0)
(2.313987853 0.6464675423 0)
(2.341469061 0.6441667691 0)
(2.369879762 0.6273829267 0)
(2.389659216 0.61772183 0)
(2.404949175 0.6168806284 0)
(2.416293837 0.6200850454 0)
(2.422397494 0.6204328175 0)
(2.421972549 0.6139603156 0)
(2.421102265 0.6064288254 0)
(2.426211023 0.5992687818 0)
(2.435143901 0.5875443481 0)
(2.444332622 0.5797276176 0)
(2.463561915 0.5761428787 0)
(2.480925708 0.5696641646 0)
(2.493928677 0.559507999 0)
(2.5050099 0.5494781046 0)
(2.513700057 0.5416788063 0)
(2.520889671 0.5350719359 0)
(2.526773254 0.528202762 0)
(2.533206676 0.5208499682 0)
(2.538552121 0.5119464706 0)
(2.542593414 0.5008712297 0)
(2.549822055 0.490301767 0)
(2.554443882 0.4883101349 0)
(2.559699543 0.4868584841 0)
(2.566077126 0.480122551 0)
(2.703291245 0.02642872565 0)
(2.70145716 0.02716941874 0)
(2.700985653 0.02253994675 0)
(2.654563057 0.1337160831 0)
(2.148600407 0.5273934212 0)
(2.075387082 0.6391536539 0)
(2.148903283 0.6629630998 0)
(2.201813251 0.6554685225 0)
(2.241576567 0.6472612945 0)
(2.266195614 0.6457892776 0)
(2.284282191 0.6436011847 0)
(2.291859287 0.6448414193 0)
(2.310916917 0.6468493571 0)
(2.334785297 0.6380834469 0)
(2.362793446 0.6252756006 0)
(2.381750567 0.6183814007 0)
(2.396608499 0.6189936837 0)
(2.409259885 0.6216400443 0)
(2.418204169 0.6199117029 0)
(2.420465659 0.6126983386 0)
(2.420565004 0.6057173329 0)
(2.425878449 0.5997572434 0)
(2.434870134 0.5882947986 0)
(2.443737814 0.5791667277 0)
(2.4631123 0.5746012217 0)
(2.4805904 0.5679549798 0)
(2.493274864 0.5575548768 0)
(2.503441356 0.5479292158 0)
(2.511358009 0.540761425 0)
(2.518267311 0.5344728807 0)
(2.52425523 0.5277595353 0)
(2.530684757 0.5206223881 0)
(2.536710105 0.5117604555 0)
(2.541484574 0.5012657858 0)
(2.54893118 0.4945191084 0)
(2.554474313 0.4915684671 0)
(2.559977703 0.4876390779 0)
(2.566612389 0.4803027953 0)
(2.712139836 0.02800894839 0)
(2.711000394 0.02991518063 0)
(2.710443778 0.02518795517 0)
(2.692433791 0.0981364715 0)
(2.191459428 0.4999986944 0)
(2.050371806 0.6349489074 0)
(2.128372978 0.6610021588 0)
(2.186023797 0.6509073505 0)
(2.231638679 0.6451296599 0)
(2.26311023 0.6446673023 0)
(2.285262194 0.642874559 0)
(2.292449023 0.6443557173 0)
(2.307966549 0.645019574 0)
(2.33013095 0.6342166825 0)
(2.355417491 0.6253297941 0)
(2.374237072 0.6200562466 0)
(2.389577195 0.6219741547 0)
(2.403535519 0.6211025372 0)
(2.413898686 0.6169413772 0)
(2.419045299 0.6105181533 0)
(2.420367026 0.605704246 0)
(2.426910345 0.6004918789 0)
(2.435524232 0.5891995191 0)
(2.443670501 0.5780563754 0)
(2.463234368 0.57239394 0)
(2.480887984 0.565706446 0)
(2.493287861 0.5555887765 0)
(2.50240766 0.5465908822 0)
(2.509352597 0.5397989167 0)
(2.515624989 0.5338250602 0)
(2.52154496 0.5273666346 0)
(2.528034604 0.5205958006 0)
(2.534718137 0.5121630275 0)
(2.539906237 0.5026042126 0)
(2.547799378 0.4977517489 0)
(2.554201456 0.4918092936 0)
(2.560013632 0.487529724 0)
(2.566969764 0.4810130468 0)
(2.725759562 0.02675045776 0)
(2.724109295 0.02954747919 0)
(2.724095363 0.02858841529 0)
(2.720418389 0.07209809787 0)
(2.273325342 0.4447983803 0)
(2.045374238 0.6067557259 0)
(2.107706438 0.6513798183 0)
(2.166501136 0.6457265771 0)
(2.218187852 0.6440086599 0)
(2.25746626 0.6455538049 0)
(2.28577511 0.6429797323 0)
(2.292941644 0.6435931194 0)
(2.306991043 0.641708993 0)
(2.326727404 0.6335346213 0)
(2.348170295 0.626098087 0)
(2.367955469 0.6231255581 0)
(2.384285163 0.6228494909 0)
(2.396969081 0.6187762226 0)
(2.409187372 0.6129694153 0)
(2.417037147 0.6095554684 0)
(2.420243347 0.6058027831 0)
(2.427879623 0.6010282557 0)
(2.436875499 0.5899691287 0)
(2.444209726 0.5775117164 0)
(2.463801963 0.5708896286 0)
(2.481465419 0.5642694777 0)
(2.493244152 0.5546985783 0)
(2.501353131 0.5459950904 0)
(2.507342378 0.5390641784 0)
(2.512936041 0.5334138846 0)
(2.51862142 0.5272852847 0)
(2.525101002 0.5208383584 0)
(2.532000433 0.5130236014 0)
(2.537770434 0.5053114398 0)
(2.546626093 0.498156538 0)
(2.553551489 0.4914785308 0)
(2.559558627 0.487683491 0)
(2.567347141 0.4821159868 0)
(2.748155674 0.02997215946 0)
(2.744773333 0.0318081977 0)
(2.743776748 0.03081722254 0)
(2.746332003 0.05251449036 0)
(2.363310274 0.4024601248 0)
(2.042532495 0.5957551505 0)
(2.082092066 0.6433666832 0)
(2.142862355 0.6352618629 0)
(2.200466202 0.6383769156 0)
(2.248115144 0.644784654 0)
(2.283922176 0.6444496528 0)
(2.292866636 0.6420567255 0)
(2.306585267 0.6404467275 0)
(2.322422694 0.6337501994 0)
(2.342180012 0.6276439809 0)
(2.362479413 0.6243108158 0)
(2.377534757 0.6206677661 0)
(2.390157579 0.6135895217 0)
(2.40387281 0.6106932296 0)
(2.414562274 0.6098673416 0)
(2.419956023 0.6061998689 0)
(2.428869161 0.6016555583 0)
(2.439051376 0.5909701112 0)
(2.445894399 0.5777597766 0)
(2.464754773 0.5701904339 0)
(2.482061294 0.5639061386 0)
(2.493167443 0.5548515846 0)
(2.500316532 0.5457483201 0)
(2.505294171 0.5386846552 0)
(2.510253604 0.5333728002 0)
(2.515428766 0.5275562149 0)
(2.521672848 0.5214592297 0)
(2.528775942 0.5140893659 0)
(2.536008269 0.5059255511 0)
(2.544879861 0.4981119277 0)
(2.552632289 0.4913117807 0)
(2.559108017 0.4883687194 0)
(2.56791272 0.483695273 0)
(2.78427636 0.02682929538 0)
(2.778751264 0.03114803757 0)
(2.776557864 0.03313277815 0)
(2.774239379 0.03992967427 0)
(2.513198099 0.3455555162 0)
(2.064886923 0.5842327268 0)
(2.05792896 0.6260086878 0)
(2.116356637 0.6268925088 0)
(2.178823984 0.6376173684 0)
(2.234442934 0.6448504569 0)
(2.277755954 0.6457901428 0)
(2.292940581 0.6427049696 0)
(2.306662541 0.641084139 0)
(2.320044521 0.6358603226 0)
(2.337402386 0.628943723 0)
(2.356481818 0.6224593643 0)
(2.369806235 0.6144320146 0)
(2.382488298 0.6096738142 0)
(2.398882221 0.6107056414 0)
(2.411050931 0.6109143334 0)
(2.419032309 0.6073251765 0)
(2.430054155 0.6024090964 0)
(2.442139809 0.5922221081 0)
(2.448926453 0.5775005984 0)
(2.466543094 0.5699882842 0)
(2.482944175 0.5640740033 0)
(2.493143806 0.5549741194 0)
(2.499087036 0.5453634641 0)
(2.503299414 0.5385735618 0)
(2.507591336 0.5335473204 0)
(2.51199438 0.5281275287 0)
(2.517949032 0.5221695244 0)
(2.525623484 0.5145131563 0)
(2.533561349 0.5053935587 0)
(2.543175319 0.4979340098 0)
(2.551729983 0.4919086125 0)
(2.5589021 0.4894019415 0)
(2.56824419 0.4861087145 0)
(2.830949032 0.02857043426 0)
(2.825514692 0.03188082646 0)
(2.823964652 0.0290596905 0)
(2.815516911 0.04044395901 0)
(2.619640727 0.2820762104 0)
(2.124795536 0.545886013 0)
(2.036258601 0.6190369596 0)
(2.090786623 0.6233870886 0)
(2.155035769 0.6324303574 0)
(2.218571478 0.639415871 0)
(2.268488349 0.6444748315 0)
(2.292213062 0.6446235936 0)
(2.307022571 0.6430311625 0)
(2.319577475 0.6388072436 0)
(2.333527367 0.6283688351 0)
(2.348598802 0.6169906927 0)
(2.362771102 0.609767747 0)
(2.376533382 0.6091640585 0)
(2.392575314 0.6119041444 0)
(2.406307978 0.6117726562 0)
(2.417971897 0.6079238737 0)
(2.431067007 0.6024655139 0)
(2.444981311 0.592670363 0)
(2.452538244 0.5768903478 0)
(2.468701243 0.5698363035 0)
(2.483418636 0.5635325217 0)
(2.492866859 0.5545676471 0)
(2.498067849 0.5451426376 0)
(2.501252514 0.5384847306 0)
(2.504729787 0.5337349124 0)
(2.508273472 0.5285455883 0)
(2.514050474 0.5223829418 0)
(2.52221204 0.5139365036 0)
(2.531080971 0.5038977647 0)
(2.541658853 0.4982147441 0)
(2.551032833 0.4931688833 0)
(2.55857618 0.4914976057 0)
(2.568279255 0.4877360911 0)
(2.879220141 0.0240784394 0)
(2.874850623 0.02524500546 0)
(2.872748938 0.0278944916 0)
(2.86610983 0.03117016893 0)
(2.752239316 0.2235588636 0)
(2.229741131 0.5222729134 0)
(2.037208271 0.6123265021 0)
(2.068314755 0.6259516286 0)
(2.1288029 0.6307675129 0)
(2.19838036 0.6342802169 0)
(2.256997094 0.6424600301 0)
(2.289791985 0.646322406 0)
(2.307190664 0.6461374023 0)
(2.318970476 0.6398286574 0)
(2.328289144 0.626620858 0)
(2.342879393 0.6120070092 0)
(2.356358238 0.6088719949 0)
(2.370532582 0.610711404 0)
(2.38502624 0.6134861209 0)
(2.40027551 0.6122030518 0)
(2.415339356 0.608216471 0)
(2.43199912 0.6021988607 0)
(2.448273036 0.5924067668 0)
(2.45712337 0.576899538 0)
(2.470913403 0.5692567716 0)
(2.483629009 0.5625689814 0)
(2.492414854 0.5542762617 0)
(2.496641011 0.545066064 0)
(2.498682003 0.5385092877 0)
(2.501201629 0.5337752972 0)
(2.504222046 0.5283775936 0)
(2.510083055 0.5213359587 0)
(2.519158298 0.5117872781 0)
(2.528759823 0.503363307 0)
(2.540353004 0.4991997982 0)
(2.550694128 0.4952573774 0)
(2.558168151 0.4943508569 0)
(2.56822441 0.4884995085 0)
(2.920386349 0.02802165567 0)
(2.917306837 0.02791697534 0)
(2.91572773 0.02653174351 0)
(2.912678194 0.03239923175 0)
(2.878951975 0.1648362814 0)
(2.34662504 0.4927055147 0)
(2.052583994 0.615537733 0)
(2.050132972 0.628848001 0)
(2.104198434 0.6216407913 0)
(2.175997796 0.6249904164 0)
(2.243804921 0.6382491018 0)
(2.285769808 0.6466810395 0)
(2.307040438 0.6472825624 0)
(2.317289081 0.6398218785 0)
(2.325150741 0.6225185556 0)
(2.337670586 0.6110953854 0)
(2.350147473 0.6100923139 0)
(2.363040729 0.6135892013 0)
(2.376902902 0.6138137913 0)
(2.392657818 0.6111905812 0)
(2.411473354 0.6071192503 0)
(2.432174787 0.6010136521 0)
(2.451055985 0.5916077913 0)
(2.461783984 0.5776073882 0)
(2.472834148 0.5680218105 0)
(2.483714155 0.5615419297 0)
(2.491481899 0.5537885234 0)
(2.494693643 0.5449545036 0)
(2.495595162 0.5386225738 0)
(2.497283006 0.5334739758 0)
(2.500059849 0.5272489846 0)
(2.506120885 0.5188827873 0)
(2.516043259 0.5100987038 0)
(2.526731011 0.5040696923 0)
(2.539435062 0.500715538 0)
(2.550120575 0.498325898 0)
(2.557752601 0.4966342272 0)
(2.568001948 0.4890620372 0)
(2.947495504 0.02648267571 0)
(2.946454757 0.02573709037 0)
(2.945745396 0.02445412883 0)
(2.944821788 0.02532750941 0)
(2.943440636 0.1099424834 0)
(2.502622676 0.4740221729 0)
(2.097359757 0.6254396281 0)
(2.04434343 0.6302615539 0)
(2.079113401 0.6153071697 0)
(2.150441158 0.6189520393 0)
(2.22789297 0.6357882026 0)
(2.279430591 0.647698408 0)
(2.304495944 0.6473645398 0)
(2.315445484 0.6370911561 0)
(2.323436898 0.6186940296 0)
(2.332971411 0.6122752787 0)
(2.343886666 0.6132319853 0)
(2.355497951 0.6147550485 0)
(2.367442553 0.6121021501 0)
(2.384508636 0.6082616787 0)
(2.406680608 0.6047391802 0)
(2.431227214 0.5986758691 0)
(2.453428512 0.5908300442 0)
(2.464881612 0.5776788093 0)
(2.474337761 0.5668293276 0)
(2.483804218 0.5602781127 0)
(2.490402142 0.5530263638 0)
(2.492589228 0.5453067465 0)
(2.492051063 0.5393353661 0)
(2.49264108 0.5335218448 0)
(2.495177664 0.5260073048 0)
(2.501926551 0.516859873 0)
(2.513170816 0.5103740745 0)
(2.524774504 0.5053696768 0)
(2.538579151 0.502813593 0)
(2.549754579 0.5007552954 0)
(2.557582786 0.4981894768 0)
(2.567640402 0.4899610724 0)
(2.956142924 0.02639819567 0)
(2.957308328 0.0251176606 0)
(2.957624788 0.02313268247 0)
(2.957250768 0.0245704949 0)
(2.950361409 0.07804254094 0)
(2.663009053 0.4276886515 0)
(2.157622447 0.6255838657 0)
(2.055195843 0.6223694766 0)
(2.061187633 0.60354404 0)
(2.124938425 0.6109536035 0)
(2.208891249 0.6334797261 0)
(2.269921914 0.6479302775 0)
(2.298332497 0.6447991776 0)
(2.312900468 0.6314454784 0)
(2.320960564 0.6183127847 0)
(2.32867007 0.6152210201 0)
(2.337070156 0.6160808554 0)
(2.346533308 0.614012555 0)
(2.358204142 0.6091675351 0)
(2.375889559 0.6062783347 0)
(2.401029429 0.603055217 0)
(2.429368696 0.5967819978 0)
(2.455227053 0.5901642693 0)
(2.468184331 0.5772924471 0)
(2.476269799 0.5657637649 0)
(2.483985655 0.5585958289 0)
(2.488932296 0.5527282394 0)
(2.489973545 0.5461733278 0)
(2.487914438 0.5405898457 0)
(2.487376927 0.5339910966 0)
(2.489831997 0.5253051866 0)
(2.498130622 0.5166477847 0)
(2.51033277 0.5115525908 0)
(2.523188537 0.5071230268 0)
(2.537718667 0.5057468511 0)
(2.54912056 0.5028246079 0)
(2.55715885 0.4997463951 0)
(2.567017362 0.491346587 0)
(2.947879083 0.02706075918 0)
(2.950335181 0.0250706809 0)
(2.951638466 0.02251902644 0)
(2.951865198 0.02160817613 0)
(2.943022474 0.05673775241 0)
(2.830319632 0.3839538419 0)
(2.250413373 0.622293529 0)
(2.080024984 0.6144603336 0)
(2.053747498 0.5966335804 0)
(2.10137157 0.6048295816 0)
(2.186031471 0.6328351295 0)
(2.255436057 0.647217666 0)
(2.289370513 0.6394442805 0)
(2.308353264 0.6276634888 0)
(2.317596917 0.6202437079 0)
(2.323313838 0.6187931244 0)
(2.329809426 0.6169060495 0)
(2.337517502 0.6126621564 0)
(2.349527171 0.6096173479 0)
(2.368284277 0.6077872682 0)
(2.395012006 0.6036126922 0)
(2.426657426 0.5963583309 0)
(2.45605298 0.5899048395 0)
(2.471592284 0.5772617389 0)
(2.478498716 0.5646644299 0)
(2.483949721 0.5574605797 0)
(2.487023575 0.5530564555 0)
(2.48651318 0.5474419356 0)
(2.482899997 0.5419794873 0)
(2.48168105 0.5342376954 0)
(2.484586135 0.5247306297 0)
(2.494605896 0.517420663 0)
(2.507289032 0.5133572449 0)
(2.521899693 0.5100614999 0)
(2.535920001 0.5087509957 0)
(2.547855815 0.5049314685 0)
(2.555773159 0.5017232936 0)
(2.565682396 0.4928202646 0)
(2.93081547 0.02301927041 0)
(2.932895585 0.0210933356 0)
(2.933646912 0.02118559825 0)
(2.923859283 0.04300210452 0)
(2.953764557 0.3031090596 0)
(2.36852134 0.6033450613 0)
(2.102612942 0.6181744882 0)
(2.05986395 0.6048191931 0)
(2.08373288 0.6070796199 0)
(2.160451569 0.6306708228 0)
(2.235381028 0.641691347 0)
(2.278064665 0.6332941682 0)
(2.301877566 0.6271785253 0)
(2.312636693 0.6230506462 0)
(2.317598394 0.6208392258 0)
(2.321786833 0.6168728992 0)
(2.329750026 0.6132521315 0)
(2.342438846 0.6124075216 0)
(2.360884918 0.610882143 0)
(2.388486339 0.6044607028 0)
(2.423243809 0.5961097104 0)
(2.455659511 0.5893712993 0)
(2.474039513 0.576877742 0)
(2.480864156 0.5637847243 0)
(2.483709274 0.5573927354 0)
(2.484625461 0.5536623586 0)
(2.482257085 0.5489300696 0)
(2.477341463 0.5428308357 0)
(2.475778107 0.5336286091 0)
(2.479808302 0.5242982687 0)
(2.490294622 0.5189874211 0)
(2.504379274 0.5162234128 0)
(2.519632507 0.5134401148 0)
(2.534300975 0.5104879731 0)
(2.546510494 0.5065635155 0)
(2.554191546 0.5034670824 0)
(2.564204604 0.4937289235 0)
(2.904877608 0.02256247278 0)
(2.906759705 0.02225233893 0)
(2.907701195 0.02182390834 0)
(2.903306918 0.03590186666 0)
(2.996690823 0.2102242779 0)
(2.497293495 0.5786510894 0)
(2.142277452 0.6201319601 0)
(2.072166769 0.6165682942 0)
(2.074427719 0.61795058 0)
(2.134148605 0.629325654 0)
(2.210285444 0.6332191459 0)
(2.263274675 0.6286952194 0)
(2.292538595 0.6285236434 0)
(2.306096854 0.6260755674 0)
(2.311155142 0.6213265318 0)
(2.315348003 0.6166182848 0)
(2.322579984 0.6144783383 0)
(2.334776194 0.6144182284 0)
(2.353640843 0.612314643 0)
(2.382024464 0.6044281246 0)
(2.419040702 0.595888467 0)
(2.453618455 0.5885780549 0)
(2.475028318 0.5760693824 0)
(2.482496695 0.5638621185 0)
(2.4830963 0.5578670158 0)
(2.481678955 0.5545476256 0)
(2.477399942 0.5503725516 0)
(2.471558226 0.5425893484 0)
(2.470137327 0.5321824454 0)
(2.475443138 0.5245765966 0)
(2.48607133 0.5209504523 0)
(2.502084772 0.5190544929 0)
(2.517669428 0.5147839683 0)
(2.532856064 0.5112100198 0)
(2.545010921 0.5074851116 0)
(2.552689663 0.50440781 0)
(2.562748965 0.4937607473 0)
(2.877756718 0.02336792619 0)
(2.879563587 0.02357260125 0)
(2.880276694 0.02404501834 0)
(2.878743569 0.03105721604 0)
(2.95010581 0.1563862803 0)
(2.612623421 0.5709358551 0)
(2.219825679 0.6314840757 0)
(2.091387232 0.6246438139 0)
(2.079039334 0.6225002193 0)
(2.112976411 0.6224192058 0)
(2.18271778 0.6221998346 0)
(2.244449334 0.6248727828 0)
(2.280761017 0.6306265578 0)
(2.298137598 0.6285514494 0)
(2.304650283 0.6206796237 0)
(2.309315323 0.6157434084 0)
(2.315926715 0.6144229933 0)
(2.328571605 0.6136789192 0)
(2.347509855 0.6095887908 0)
(2.376789185 0.6019634738 0)
(2.414205735 0.5944245806 0)
(2.449683332 0.586398439 0)
(2.473887126 0.5749518755 0)
(2.482082884 0.5643596497 0)
(2.481450593 0.5585817351 0)
(2.477984251 0.5558698111 0)
(2.47203936 0.5514437899 0)
(2.465798728 0.541168704 0)
(2.465047675 0.5314010307 0)
(2.471127862 0.5257225758 0)
(2.48250431 0.5224174984 0)
(2.500511908 0.5194125102 0)
(2.516570687 0.5144238639 0)
(2.531237166 0.5114222747 0)
(2.543475268 0.5076927647 0)
(2.551176175 0.504472643 0)
(2.560965535 0.4929906841 0)
(2.856394779 0.02503472094 0)
(2.857323592 0.02443507221 0)
(2.858065503 0.02525081463 0)
(2.857981514 0.02977692688 0)
(2.877515987 0.1090814831 0)
(2.704935534 0.5255351714 0)
(2.310314756 0.6561615631 0)
(2.121363413 0.6303351221 0)
(2.088728482 0.6194389724 0)
(2.102197925 0.6059845455 0)
(2.156166515 0.6086702061 0)
(2.221833785 0.6214202627 0)
(2.266291603 0.6322172547 0)
(2.288056426 0.6293296863 0)
(2.297523925 0.6190481803 0)
(2.303483083 0.6134102418 0)
(2.310906794 0.6118776407 0)
(2.323872758 0.609353856 0)
(2.343384776 0.6037765258 0)
(2.371973065 0.5966055642 0)
(2.408206443 0.5899204778 0)
(2.443281807 0.58170447 0)
(2.469332282 0.5738772986 0)
(2.478520803 0.5653605325 0)
(2.477642776 0.5598316493 0)
(2.473227113 0.5575057257 0)
(2.466149485 0.5516428557 0)
(2.460219281 0.5395765345 0)
(2.46107736 0.5322554371 0)
(2.467302622 0.5276962148 0)
(2.479928658 0.5227385456 0)
(2.499494941 0.5187002329 0)
(2.516006646 0.5136477513 0)
(2.530144879 0.5107410989 0)
(2.542174855 0.5071300347 0)
(2.549599705 0.5038520127 0)
(2.558997026 0.4925732083 0)
(2.840638225 0.0259254509 0)
(2.841374327 0.02591835756 0)
(2.841966225 0.02629493989 0)
(2.841984307 0.02877015742 0)
(2.832620027 0.0816376951 0)
(2.762595227 0.4543055281 0)
(2.387920616 0.6707714093 0)
(2.160209089 0.6398734189 0)
(2.099037286 0.6165195509 0)
(2.098713367 0.5997677629 0)
(2.13346592 0.5977571762 0)
(2.196207241 0.618836965 0)
(2.248712252 0.6319698446 0)
(2.27606963 0.6269786247 0)
(2.290121293 0.6165013913 0)
(2.298399272 0.6114907726 0)
(2.307577554 0.6092849165 0)
(2.320662504 0.606309204 0)
(2.340011131 0.602058009 0)
(2.367017651 0.5937184251 0)
(2.401046825 0.5847850316 0)
(2.434436564 0.5787893939 0)
(2.461211324 0.5741649184 0)
(2.471658861 0.5670765584 0)
(2.471575745 0.5617149003 0)
(2.467236036 0.5587424565 0)
(2.460164681 0.5504513668 0)
(2.455557047 0.5396182981 0)
(2.457702839 0.5346241824 0)
(2.464080753 0.5296374433 0)
(2.478212956 0.5222193008 0)
(2.49854903 0.517379745 0)
(2.514914349 0.5121711137 0)
(2.529636532 0.5092913845 0)
(2.541457354 0.5056481037 0)
(2.548483479 0.5028106022 0)
(2.557568374 0.4927033436 0)
(2.827961691 0.02795963898 0)
(2.829710643 0.02889814485 0)
(2.829249986 0.02788240303 0)
(2.828616251 0.02830976483 0)
(2.815401074 0.06009782305 0)
(2.818941272 0.3752297996 0)
(2.441018008 0.6526663463 0)
(2.206660989 0.6463000178 0)
(2.108734622 0.6198934244 0)
(2.1015437 0.6073067689 0)
(2.116147511 0.6021983245 0)
(2.170126992 0.6180926098 0)
(2.227910546 0.6278727015 0)
(2.263138297 0.6216871392 0)
(2.283059409 0.6144759925 0)
(2.294837848 0.6116211359 0)
(2.305675813 0.6093257965 0)
(2.318709463 0.6066887015 0)
(2.337863876 0.6029539674 0)
(2.364082964 0.5940433014 0)
(2.395885565 0.5844375674 0)
(2.426597481 0.579565438 0)
(2.45112173 0.5748545291 0)
(2.462078779 0.5685623122 0)
(2.463738772 0.563428128 0)
(2.460489672 0.5584759233 0)
(2.45476496 0.5486326221 0)
(2.452294008 0.5416015357 0)
(2.454235069 0.5374028158 0)
(2.462011283 0.5300556521 0)
(2.476959601 0.5213344228 0)
(2.497610928 0.5155449611 0)
(2.51413953 0.5103589165 0)
(2.528279008 0.5072188283 0)
(2.540281173 0.5038415304 0)
(2.54724606 0.501937903 0)
(2.555755982 0.4930696957 0)
(2.816533539 0.03063118396 0)
(2.817088449 0.03069233738 0)
(2.816310936 0.02861698304 0)
(2.816023974 0.02730659729 0)
(2.805825191 0.04623088665 0)
(2.83893976 0.299295146 0)
(2.48722549 0.6243877829 0)
(2.26857333 0.6522028491 0)
(2.135902304 0.6250685326 0)
(2.105104683 0.6191902845 0)
(2.10919428 0.6140933688 0)
(2.147052875 0.6187471291 0)
(2.204653346 0.6209273992 0)
(2.248896128 0.6163715342 0)
(2.276266936 0.6142347093 0)
(2.29185717 0.6128330547 0)
(2.304326129 0.6102713095 0)
(2.317068773 0.6081241896 0)
(2.335207135 0.6048341472 0)
(2.360479505 0.5950341256 0)
(2.390546162 0.5858585086 0)
(2.419239211 0.5797340138 0)
(2.440182043 0.5745320644 0)
(2.451123871 0.5694895449 0)
(2.454954256 0.5640195398 0)
(2.453913963 0.5561893452 0)
(2.450530192 0.5485277762 0)
(2.449532952 0.5442828106 0)
(2.451219838 0.5389439733 0)
(2.459732621 0.5298185852 0)
(2.475878838 0.5201779532 0)
(2.497003996 0.5136435449 0)
(2.513212852 0.5084878614 0)
(2.527245498 0.5052932351 0)
(2.538741146 0.5023522695 0)
(2.545047838 0.5013082882 0)
(2.553633301 0.4935695421 0)
(2.800500138 0.03057404574 0)
(2.800919677 0.03101615091 0)
(2.800933197 0.02957713541 0)
(2.801171604 0.02698787038 0)
(2.794625433 0.03698788397 0)
(2.808805409 0.2218376021 0)
(2.543575003 0.5917806509 0)
(2.338082645 0.6557616086 0)
(2.179796148 0.6410889504 0)
(2.11380285 0.6345636158 0)
(2.106013962 0.6261689734 0)
(2.129247837 0.6186286994 0)
(2.180829 0.613181734 0)
(2.233448571 0.6126613355 0)
(2.269516971 0.6157568878 0)
(2.28967836 0.6150015889 0)
(2.304031983 0.6125238762 0)
(2.315950428 0.6111024436 0)
(2.333278972 0.6062844375 0)
(2.357314604 0.5957276749 0)
(2.385804084 0.5858456222 0)
(2.412223843 0.5780707798 0)
(2.429832589 0.5742506986 0)
(2.440442493 0.5699838923 0)
(2.446376576 0.5625813824 0)
(2.448009472 0.5540887818 0)
(2.447597629 0.5501802124 0)
(2.446898048 0.5465066241 0)
(2.448994704 0.5390085046 0)
(2.458316796 0.5288429497 0)
(2.475406117 0.5189654306 0)
(2.496793469 0.5124919193 0)
(2.512356105 0.5070298954 0)
(2.526136144 0.5035792966 0)
(2.536975592 0.5011123692 0)
(2.542848948 0.5008503467 0)
(2.551543861 0.4939279631 0)
(2.780226803 0.03038242217 0)
(2.781197866 0.03092112167 0)
(2.782572624 0.02824890393 0)
(2.78330557 0.02543654264 0)
(2.779819079 0.03093983468 0)
(2.764699181 0.1601413874 0)
(2.58818934 0.5322405226 0)
(2.375471609 0.6691073531 0)
(2.230285576 0.6625836642 0)
(2.128787323 0.6450646412 0)
(2.112164183 0.6298105433 0)
(2.120443457 0.6114266789 0)
(2.159619274 0.6032558747 0)
(2.217182381 0.6092120403 0)
(2.26104628 0.6178378979 0)
(2.287826988 0.6184289567 0)
(2.303902796 0.6162768627 0)
(2.315277916 0.612711608 0)
(2.332273451 0.605864974 0)
(2.355009155 0.5946232855 0)
(2.381568741 0.5832826506 0)
(2.406279939 0.5765056445 0)
(2.420868915 0.5746251686 0)
(2.431296125 0.5694678126 0)
(2.438679857 0.5599801135 0)
(2.442940549 0.5546454831 0)
(2.445040398 0.5519481856 0)
(2.445409208 0.5472276159 0)
(2.448163102 0.5376289749 0)
(2.45773795 0.5285914084 0)
(2.475779945 0.5185140522 0)
(2.496862602 0.5115579112 0)
(2.511748697 0.5057220662 0)
(2.525298561 0.5023002162 0)
(2.535585167 0.5004398245 0)
(2.541053066 0.5005424027 0)
(2.5497857 0.4935952884 0)
(2.760190853 0.02838192048 0)
(2.761954685 0.02872974471 0)
(2.763224182 0.0266963394 0)
(2.764460269 0.02469416267 0)
(2.762955474 0.02788866676 0)
(2.735970463 0.1173001869 0)
(2.615335074 0.4783947015 0)
(2.378533971 0.6779079648 0)
(2.275423404 0.6887265862 0)
(2.154442757 0.6517863878 0)
(2.120383302 0.6232277365 0)
(2.119664737 0.596844023 0)
(2.14446055 0.5927147256 0)
(2.200357497 0.6066137814 0)
(2.251972243 0.6182856493 0)
(2.285815276 0.6202434477 0)
(2.303275382 0.6178961113 0)
(2.314885507 0.61245852 0)
(2.33087786 0.6027913728 0)
(2.351739137 0.5906378734 0)
(2.37769466 0.5787206376 0)
(2.400986665 0.5762837939 0)
(2.412835158 0.5746040052 0)
(2.424017743 0.5673328437 0)
(2.43176699 0.5596635714 0)
(2.43853946 0.5564472624 0)
(2.44256371 0.5531307202 0)
(2.444757009 0.5459367574 0)
(2.447805988 0.5371233558 0)
(2.458384315 0.5286010781 0)
(2.477149092 0.5183638627 0)
(2.497341309 0.5113085059 0)
(2.511502882 0.5054335091 0)
(2.524601559 0.5021772186 0)
(2.534468217 0.5002024809 0)
(2.539388081 0.4997601163 0)
(2.547611687 0.4927285991 0)
(2.745082464 0.0271989197 0)
(2.746322483 0.02582001716 0)
(2.746954292 0.02384261305 0)
(2.747897212 0.02353632245 0)
(2.747504865 0.02658536106 0)
(2.723508138 0.087292686 0)
(2.635727558 0.4288769356 0)
(2.380540687 0.6618404289 0)
(2.309739247 0.7026528379 0)
(2.188772405 0.6580866732 0)
(2.131040981 0.6132193142 0)
(2.124082539 0.5923081244 0)
(2.136784588 0.5882688563 0)
(2.183866729 0.6061963482 0)
(2.239654641 0.6178809572 0)
(2.280453446 0.6207020205 0)
(2.301293611 0.6170531507 0)
(2.314306857 0.6077906364 0)
(2.329921193 0.596546529 0)
(2.349758247 0.5848854929 0)
(2.374987247 0.5762695012 0)
(2.39461218 0.5759009714 0)
(2.406242432 0.5729631379 0)
(2.417628134 0.56553244 0)
(2.425967989 0.5614355195 0)
(2.434239014 0.5581247157 0)
(2.439966292 0.5531446002 0)
(2.444003748 0.5436322439 0)
(2.448106262 0.537915485 0)
(2.45993118 0.5285966195 0)
(2.479252593 0.5183282262 0)
(2.498232447 0.5121391221 0)
(2.511567602 0.5064270476 0)
(2.523883299 0.5024107239 0)
(2.533104107 0.4993186374 0)
(2.537761486 0.4987035218 0)
(2.545007667 0.4910042412 0)
(2.735645821 0.02335208578 0)
(2.736142765 0.02191597554 0)
(2.736467051 0.02172402534 0)
(2.736861928 0.02309374258 0)
(2.736457053 0.0264405489 0)
(2.719377828 0.06711668556 0)
(2.6499837 0.3578681837 0)
(2.397243603 0.6308900653 0)
(2.34110384 0.6990532949 0)
(2.229492324 0.6661112723 0)
(2.139773645 0.6131223291 0)
(2.130086336 0.5951482835 0)
(2.134385873 0.5933335737 0)
(2.169871207 0.6072636791 0)
(2.224095772 0.6143577584 0)
(2.271199398 0.6172276084 0)
(2.297243439 0.6108095818 0)
(2.313273649 0.6004522194 0)
(2.329227018 0.5927573522 0)
(2.348736135 0.5824618531 0)
(2.371592458 0.5762435046 0)
(2.387521499 0.5744652514 0)
(2.400863216 0.5696156971 0)
(2.411902282 0.565777579 0)
(2.421205569 0.563251665 0)
(2.429541987 0.5590028066 0)
(2.437221757 0.5511034052 0)
(2.44263894 0.5425681677 0)
(2.449298503 0.5384305266 0)
(2.462606274 0.5283193036 0)
(2.482263506 0.5188759877 0)
(2.498897299 0.5145033629 0)
(2.511824106 0.5080396628 0)
(2.523029412 0.5023489112 0)
(2.531661324 0.4983869981 0)
(2.53583592 0.4973207431 0)
(2.542077385 0.4891492989 0)
(2.730561817 0.0203132014 0)
(2.731142738 0.02121204881 0)
(2.731218886 0.02364572024 0)
(2.73058464 0.02718797026 0)
(2.71961778 0.05304134663 0)
(2.64577709 0.2926992737 0)
(2.41505257 0.58962561 0)
(2.360539181 0.676710724 0)
(2.270341764 0.6658229581 0)
(2.165375895 0.6177186066 0)
(2.136393727 0.602659037 0)
(2.13647586 0.6029246392 0)
(2.159357257 0.6084240269 0)
(2.206250631 0.6076087456 0)
(2.257075685 0.6090447265 0)
(2.291356832 0.603914173 0)
(2.31108943 0.5982613676 0)
(2.328744818 0.5921519001 0)
(2.347001452 0.5825728932 0)
(2.36813443 0.5767499147 0)
(2.382676828 0.5714994122 0)
(2.396258131 0.5677055266 0)
(2.40713458 0.5667581027 0)
(2.416143083 0.5643356623 0)
(2.425006978 0.5579305429 0)
(2.433875649 0.5474879346 0)
(2.44074999 0.5425349792 0)
(2.45100791 0.5386690708 0)
(2.466079839 0.5285109003 0)
(2.486360908 0.5209164957 0)
(2.498537409 0.5162213143 0)
(2.511958166 0.5095042995 0)
(2.522427362 0.5026866076 0)
(2.529789054 0.4977676727 0)
(2.533014528 0.4950301654 0)
(2.539081149 0.4886015004 0)
(2.728457236 0.02154796679 0)
(2.729132532 0.02349674134 0)
(2.72952359 0.0250950976 0)
(2.728836795 0.02855942217 0)
(2.721834923 0.04481384469 0)
(2.650396356 0.2226318308 0)
(2.432382632 0.5424877527 0)
(2.357324683 0.6661818957 0)
(2.305699541 0.6637476173 0)
(2.205801024 0.6292993095 0)
(2.147648824 0.615246228 0)
(2.142114809 0.6144299949 0)
(2.151657581 0.6109383806 0)
(2.186746273 0.6013234758 0)
(2.239128571 0.601596659 0)
(2.282591503 0.6018279616 0)
(2.308147576 0.5985636853 0)
(2.327852451 0.5927129203 0)
(2.346123228 0.5841950674 0)
(2.36525347 0.5754652866 0)
(2.380595244 0.5686995701 0)
(2.392248669 0.5677061722 0)
(2.40205288 0.5677866729 0)
(2.410846554 0.5642883788 0)
(2.420286471 0.5539380153 0)
(2.429253014 0.5453467345 0)
(2.439253551 0.5430840277 0)
(2.452459563 0.5387786249 0)
(2.470190888 0.5299722509 0)
(2.490212409 0.5229725287 0)
(2.499292814 0.5172160084 0)
(2.512021575 0.5107330181 0)
(2.520934382 0.5035154841 0)
(2.526884552 0.4966641717 0)
(2.529750294 0.4931232057 0)
(2.536410944 0.4891809677 0)
(2.729224425 0.02584697042 0)
(2.729531582 0.02672400734 0)
(2.730086373 0.02670855006 0)
(2.730296576 0.02801028737 0)
(2.725923724 0.03823047766 0)
(2.665646974 0.1682956232 0)
(2.43946627 0.5106767563 0)
(2.341239367 0.6588285289 0)
(2.321338687 0.6755988441 0)
(2.248101905 0.6521540615 0)
(2.167142599 0.6340964926 0)
(2.145149104 0.6230105945 0)
(2.147129749 0.6114307905 0)
(2.168397204 0.5975221446 0)
(2.218078839 0.5964735802 0)
(2.270454789 0.6008430774 0)
(2.304383078 0.5997581295 0)
(2.326641577 0.5947939809 0)
(2.345492849 0.5848547753 0)
(2.362632962 0.5721963263 0)
(2.378116551 0.567463204 0)
(2.3874273 0.5683792356 0)
(2.397096073 0.5685894737 0)
(2.405564596 0.5622310364 0)
(2.414658056 0.5502407387 0)
(2.42397469 0.5456113445 0)
(2.438006338 0.5439856597 0)
(2.453719059 0.5393403676 0)
(2.474350686 0.5333337129 0)
(2.492561614 0.524429915 0)
(2.500816979 0.5173161001 0)
(2.512017853 0.511481907 0)
(2.519566949 0.5030730441 0)
(2.523991736 0.4946918854 0)
(2.526517305 0.4930194885 0)
(2.533793998 0.4904815604 0)
(2.731411966 0.02981265709 0)
(2.732287273 0.02951120299 0)
(2.733080316 0.02817811532 0)
(2.733571121 0.02643723026 0)
(2.730895931 0.03265397647 0)
(2.687176272 0.1252688534 0)
(2.466422778 0.4511400298 0)
(2.33457967 0.6562855392 0)
(2.324162931 0.7008879561 0)
(2.282242254 0.6865002301 0)
(2.195608825 0.6486806398 0)
(2.15090856 0.6221889967 0)
(2.145964263 0.602744366 0)
(2.153597088 0.5916298015 0)
(2.195223688 0.5913116509 0)
(2.254233604 0.599769459 0)
(2.297475438 0.6024768634 0)
(2.324615406 0.5959409298 0)
(2.344248284 0.5837954174 0)
(2.361594471 0.5684910689 0)
(2.374858684 0.5669748872 0)
(2.382734341 0.5693243641 0)
(2.39239529 0.5684799292 0)
(2.399276239 0.5590385071 0)
(2.408695609 0.5503084216 0)
(2.419564222 0.5468998596 0)
(2.436090316 0.545112692 0)
(2.45508785 0.5412723714 0)
(2.478082271 0.5355875601 0)
(2.494797168 0.5251638726 0)
(2.502834817 0.5173021831 0)
(2.51207133 0.5109284349 0)
(2.518385241 0.5012968866 0)
(2.521611936 0.4945200806 0)
(2.524244612 0.4944717073 0)
(2.531114266 0.4925463685 0)
(2.73764731 0.03201865427 0)
(2.737780681 0.03039896417 0)
(2.738185094 0.02768118216 0)
(2.737813338 0.02428375871 0)
(2.736063998 0.02784489039 0)
(2.70764562 0.09145697041 0)
(2.488558065 0.4092812596 0)
(2.339816497 0.6307118099 0)
(2.323455005 0.704740955 0)
(2.305743796 0.7036287023 0)
(2.226565895 0.6566043517 0)
(2.158995438 0.611918332 0)
(2.145793563 0.5911483548 0)
(2.145158868 0.5829698095 0)
(2.174096666 0.5883034111 0)
(2.234756746 0.5998421966 0)
(2.287984676 0.603915236 0)
(2.321452364 0.5957208409 0)
(2.342333961 0.5797021822 0)
(2.360056508 0.5659161579 0)
(2.37173995 0.5676178608 0)
(2.378587534 0.5696921092 0)
(2.386876991 0.5672103922 0)
(2.392538441 0.5572763803 0)
(2.40299291 0.5518596864 0)
(2.414734514 0.5487942226 0)
(2.433285226 0.5474915049 0)
(2.455707045 0.5439602469 0)
(2.480913637 0.5362271617 0)
(2.497220694 0.5253312412 0)
(2.504695715 0.5166211063 0)
(2.511899041 0.5088445447 0)
(2.516853987 0.5008087775 0)
(2.519742773 0.4964946054 0)
(2.521648628 0.4967144039 0)
(2.528075573 0.4939279577 0)
(2.745467592 0.03220438833 0)
(2.745182531 0.02951120274 0)
(2.743814421 0.02598519551 0)
(2.742538044 0.02317375501 0)
(2.740841617 0.02565157941 0)
(2.722095526 0.06813567006 0)
(2.535195205 0.3441673273 0)
(2.339333508 0.6063357955 0)
(2.317383623 0.6887756369 0)
(2.315260374 0.6882688665 0)
(2.257488825 0.656113756 0)
(2.170811617 0.6071554171 0)
(2.147214368 0.5903576542 0)
(2.1419302 0.5846691992 0)
(2.159073182 0.5912958741 0)
(2.213253429 0.6017792483 0)
(2.274161765 0.60406673 0)
(2.313469538 0.5921195292 0)
(2.339992935 0.5725959733 0)
(2.35807798 0.5653939981 0)
(2.368592345 0.568066635 0)
(2.374495546 0.5691231373 0)
(2.379797908 0.5647144088 0)
(2.386163285 0.5573454711 0)
(2.395868457 0.5542965092 0)
(2.409501826 0.5516725298 0)
(2.430393617 0.551292188 0)
(2.456231792 0.5450075823 0)
(2.484681377 0.5365890888 0)
(2.498752675 0.5251540747 0)
(2.506314393 0.5147506474 0)
(2.511529084 0.5073517598 0)
(2.515174527 0.5023646394 0)
(2.517205741 0.4988935707 0)
(2.518021014 0.4990200237 0)
(2.524798318 0.4941935724 0)
(2.750842893 0.02848159296 0)
(2.750046053 0.02641887902 0)
(2.748845937 0.02397397846 0)
(2.748216453 0.02336478699 0)
(2.746410454 0.02568638226 0)
(2.734205942 0.05230454747 0)
(2.585579939 0.2854255377 0)
(2.332277305 0.5900684387 0)
(2.30871327 0.6585626958 0)
(2.318254834 0.66562064 0)
(2.287634808 0.6500623771 0)
(2.193773132 0.6101726311 0)
(2.149339949 0.5922253442 0)
(2.143225973 0.5919511377 0)
(2.150621528 0.5965821112 0)
(2.192345037 0.6023840661 0)
(2.255042588 0.5991268396 0)
(2.303287048 0.5803984566 0)
(2.335348264 0.5675817665 0)
(2.355929904 0.5670345186 0)
(2.364300279 0.568226088 0)
(2.368395589 0.567846937 0)
(2.371929379 0.5625822672 0)
(2.378476029 0.5591612212 0)
(2.388453758 0.5575190215 0)
(2.403959449 0.5560482934 0)
(2.42804373 0.5527130368 0)
(2.456898517 0.5452843466 0)
(2.486863105 0.5368274047 0)
(2.49990613 0.5239885914 0)
(2.507722919 0.5129849464 0)
(2.511243491 0.5075820568 0)
(2.51318298 0.503969006 0)
(2.514014475 0.5012707537 0)
(2.513927632 0.5008447328 0)
(2.521407219 0.4933765041 0)
(2.756904497 0.02411834263 0)
(2.755585667 0.02377462129 0)
(2.75603353 0.02281378321 0)
(2.756290833 0.02267556022 0)
(2.754152717 0.02519264689 0)
(2.746584689 0.04282482407 0)
(2.642563528 0.2213117506 0)
(2.364217431 0.5311522983 0)
(2.295146742 0.6379126023 0)
(2.309763909 0.6554711782 0)
(2.309030558 0.646302546 0)
(2.227755128 0.6152415132 0)
(2.15864586 0.5945768094 0)
(2.146812006 0.6012561759 0)
(2.147288797 0.6026693895 0)
(2.17715369 0.5979916976 0)
(2.234465529 0.5849748984 0)
(2.289489923 0.5680680727 0)
(2.328957637 0.5678676438 0)
(2.351394362 0.5704170408 0)
(2.357505919 0.5681680294 0)
(2.360276502 0.5652182519 0)
(2.3643559 0.5627096649 0)
(2.370045145 0.5626978877 0)
(2.380968033 0.5607872107 0)
(2.399160904 0.5576646151 0)
(2.424879915 0.5526461555 0)
(2.456674577 0.5447381714 0)
(2.486517009 0.5358005232 0)
(2.500843129 0.5227998307 0)
(2.508590849 0.5128900535 0)
(2.510853507 0.5084699961 0)
(2.511290932 0.5055699056 0)
(2.511022835 0.5037320992 0)
(2.509649109 0.5022231402 0)
(2.518757006 0.4915518385 0)
(2.7662136 0.01958140881 0)
(2.765954274 0.02068825404 0)
(2.766058493 0.02224634387 0)
(2.765577329 0.02412241068 0)
(2.762806887 0.02692692213 0)
(2.759913811 0.03946626642 0)
(2.695013552 0.1657057794 0)
(2.386557265 0.4968258048 0)
(2.285444342 0.6298401327 0)
(2.295044837 0.6598834941 0)
(2.312530387 0.656274377 0)
(2.258918616 0.6276588892 0)
(2.177014159 0.6060271444 0)
(2.151171024 0.612816188 0)
(2.148935715 0.6070367738 0)
(2.16748821 0.5912785115 0)
(2.214305467 0.5704868806 0)
(2.272282229 0.5625435261 0)
(2.319323927 0.57087989 0)
(2.34300287 0.573582129 0)
(2.349875973 0.56692288 0)
(2.352162088 0.5638551328 0)
(2.35653296 0.5649605568 0)
(2.362631181 0.5651948792 0)
(2.375515621 0.5606343063 0)
(2.395084737 0.5564260936 0)
(2.421733709 0.5504090995 0)
(2.455276929 0.5419860736 0)
(2.484330118 0.5330527947 0)
(2.500508429 0.5225200735 0)
(2.50865371 0.5136156034 0)
(2.510074964 0.5095654684 0)
(2.509501595 0.5075497865 0)
(2.508273448 0.506032275 0)
(2.506290281 0.5023451511 0)
(2.516322681 0.4901409509 0)
(2.777444689 0.01973990459 0)
(2.777158121 0.02103384122 0)
(2.776342003 0.0235860006 0)
(2.775254025 0.02548524457 0)
(2.771927333 0.02746745721 0)
(2.768080398 0.03435239449 0)
(2.727213959 0.1277949131 0)
(2.445539221 0.436011913 0)
(2.292374764 0.6113499933 0)
(2.285379389 0.6726160626 0)
(2.306205414 0.6762334966 0)
(2.279850938 0.6506283591 0)
(2.202272487 0.6245740183 0)
(2.161431803 0.6199781326 0)
(2.153788695 0.6068421355 0)
(2.162919678 0.5823744883 0)
(2.197149905 0.5594926688 0)
(2.253039785 0.5614519729 0)
(2.304716038 0.5746871976 0)
(2.33198953 0.5731058817 0)
(2.342258467 0.5656453403 0)
(2.346040981 0.5655939513 0)
(2.349680234 0.5672652795 0)
(2.35825643 0.5643674324 0)
(2.371000076 0.5582403241 0)
(2.390948454 0.5530817353 0)
(2.419035186 0.5458516095 0)
(2.452201731 0.5373734952 0)
(2.480626302 0.5314016912 0)
(2.498377814 0.5230605789 0)
(2.507421619 0.5146457099 0)
(2.508524032 0.5108828342 0)
(2.507457518 0.5099535219 0)
(2.505529119 0.5077893475 0)
(2.50374636 0.5009080635 0)
(2.514038838 0.4901535505 0)
(2.788534391 0.01971692979 0)
(2.787879871 0.02246333471 0)
(2.786577305 0.02528923063 0)
(2.785645956 0.02662390721 0)
(2.781697716 0.02781880359 0)
(2.776708789 0.03149270495 0)
(2.751329646 0.09489619259 0)
(2.492247801 0.3996973557 0)
(2.294376767 0.601734321 0)
(2.281031795 0.6688984488 0)
(2.297694073 0.6778459693 0)
(2.292162214 0.6684671097 0)
(2.229415045 0.6397898519 0)
(2.173760726 0.6190812162 0)
(2.159863218 0.600061969 0)
(2.162040599 0.5702212436 0)
(2.183276752 0.5527041105 0)
(2.233305133 0.5639117047 0)
(2.286299998 0.5759913685 0)
(2.318866007 0.5691007877 0)
(2.334386622 0.5658151297 0)
(2.340056946 0.5676278104 0)
(2.344963144 0.5672019063 0)
(2.354011402 0.5617261375 0)
(2.368131303 0.5546420364 0)
(2.388524156 0.5492320114 0)
(2.416095314 0.5415160304 0)
(2.447348859 0.5355640402 0)
(2.475827173 0.5319664166 0)
(2.494413683 0.5235366619 0)
(2.504185537 0.5156516249 0)
(2.505767644 0.5125660606 0)
(2.504856773 0.5122899386 0)
(2.502617977 0.5082922302 0)
(2.501857157 0.4988607638 0)
(2.512000712 0.4914176266 0)
(2.798419943 0.0232353928 0)
(2.797875889 0.02520646816 0)
(2.796789304 0.02614157027 0)
(2.79581338 0.02641878832 0)
(2.792060355 0.02643131569 0)
(2.788005816 0.02860651304 0)
(2.768425471 0.0730787917 0)
(2.563921639 0.3391121054 0)
(2.304424062 0.5861771959 0)
(2.276273984 0.6555460213 0)
(2.287957936 0.6647494176 0)
(2.298476043 0.6658542996 0)
(2.254535639 0.6473639279 0)
(2.18710384 0.6132794472 0)
(2.167128528 0.5875065217 0)
(2.164115744 0.5668326086 0)
(2.175203446 0.5570966555 0)
(2.215467982 0.5688355979 0)
(2.265410719 0.5721833677 0)
(2.303680944 0.5646979967 0)
(2.326391904 0.5681334021 0)
(2.335429451 0.5685572558 0)
(2.340377578 0.5659447227 0)
(2.350842895 0.5597693983 0)
(2.36604786 0.5530051474 0)
(2.386552366 0.5475436551 0)
(2.413064704 0.5402132338 0)
(2.442323921 0.5361320071 0)
(2.469445768 0.5315235071 0)
(2.488312808 0.5225843414 0)
(2.498509929 0.5163027738 0)
(2.501416948 0.5143171451 0)
(2.50125583 0.5134157689 0)
(2.499411153 0.5063247952 0)
(2.499898028 0.4987998754 0)
(2.510481573 0.493173411 0)
(2.807262992 0.02585051747 0)
(2.806649364 0.02674893066 0)
(2.805900271 0.02676248396 0)
(2.805142579 0.02611675396 0)
(2.802090447 0.02542892886 0)
(2.799281619 0.0263851435 0)
(2.78574784 0.05471895655 0)
(2.625940359 0.2881238863 0)
(2.333026956 0.5542038896 0)
(2.270031773 0.6400692663 0)
(2.279866436 0.6512138381 0)
(2.299450152 0.6541068268 0)
(2.278178404 0.645959378 0)
(2.207377669 0.6094700214 0)
(2.172946056 0.5846447567 0)
(2.167775348 0.5696269422 0)
(2.173121494 0.5651049859 0)
(2.200420066 0.5720103985 0)
(2.244322003 0.5642949026 0)
(2.287215779 0.561906631 0)
(2.318172724 0.5695492995 0)
(2.331661168 0.5695750148 0)
(2.337650058 0.5649997 0)
(2.348516479 0.5599415811 0)
(2.363741858 0.5527892387 0)
(2.385708655 0.5467423561 0)
(2.410852917 0.5399785083 0)
(2.437691467 0.5362472397 0)
(2.460852707 0.528751156 0)
(2.479290887 0.5214406376 0)
(2.490647235 0.5174674013 0)
(2.495014186 0.5155191429 0)
(2.496316824 0.5123101636 0)
(2.495554266 0.5041487709 0)
(2.497457612 0.5008615532 0)
(2.510409241 0.4952753704 0)
(2.814706178 0.02785344051 0)
(2.814027296 0.02677795372 0)
(2.813526568 0.02618014453 0)
(2.813001046 0.02517488275 0)
(2.81056161 0.0239411604 0)
(2.808893617 0.02398269 0)
(2.803173543 0.04023532574 0)
(2.702939338 0.2190071811 0)
(2.37647953 0.5157747702 0)
(2.268032126 0.6313742849 0)
(2.268961136 0.6475853159 0)
(2.293490709 0.6512332938 0)
(2.296807387 0.6438925304 0)
(2.233181159 0.6112489716 0)
(2.180775046 0.5838365159 0)
(2.173089324 0.5737584808 0)
(2.173962619 0.5731051427 0)
(2.190755582 0.5676928734 0)
(2.223927767 0.5550190235 0)
(2.270083554 0.5600932862 0)
(2.308911778 0.5704598597 0)
(2.328015744 0.5706096667 0)
(2.336454218 0.566053828 0)
(2.347072983 0.5611780425 0)
(2.362546366 0.5525532117 0)
(2.384342336 0.5462585173 0)
(2.408400705 0.5402694168 0)
(2.432801132 0.5357287428 0)
(2.452082501 0.5282019304 0)
(2.469390499 0.5234414779 0)
(2.481247504 0.5196254717 0)
(2.486988765 0.5157348904 0)
(2.489792908 0.5101480929 0)
(2.49126645 0.5054496897 0)
(2.495508186 0.5033229612 0)
(2.510672069 0.4983397759 0)
(2.820481555 0.02587954953 0)
(2.819984719 0.02559883299 0)
(2.819378821 0.02484136017 0)
(2.817366644 0.0237266611 0)
(2.816391924 0.02296880465 0)
(2.810176582 0.03168853888 0)
(2.75058937 0.1683648926 0)
(2.422286209 0.4845110881 0)
(2.273137481 0.6233796382 0)
(2.264133513 0.6543290752 0)
(2.284338412 0.660741935 0)
(2.303205682 0.649553307 0)
(2.262254049 0.6149115823 0)
(2.197383276 0.587450628 0)
(2.182111374 0.5822072833 0)
(2.177958836 0.576455634 0)
(2.18533791 0.5551098685 0)
(2.207170165 0.5468438255 0)
(2.253466569 0.5598549155 0)
(2.298134971 0.5706103751 0)
(2.323345575 0.5710395292 0)
(2.335606734 0.5682636736 0)
(2.345683775 0.5625436892 0)
(2.362160353 0.5521897266 0)
(2.383052606 0.5460216626 0)
(2.405607956 0.5406092715 0)
(2.428265874 0.5359838358 0)
(2.445625409 0.530328671 0)
(2.459876253 0.5262357496 0)
(2.470791828 0.5207889186 0)
(2.478151581 0.5138682091 0)
(2.482709583 0.5092526289 0)
(2.486574877 0.5073775403 0)
(2.493851012 0.5058616919 0)
(2.511303498 0.5008050212 0)
(2.825753842 0.02400873721 0)
(2.825270542 0.02408727167 0)
(2.824431457 0.02411113713 0)
(2.822776777 0.02332475583 0)
(2.821851769 0.02240571907 0)
(2.814815334 0.02730583221 0)
(2.779372326 0.1242917727 0)
(2.495751879 0.440182861 0)
(2.2830913 0.6149023763 0)
(2.262373636 0.65731396 0)
(2.27631449 0.6648913253 0)
(2.301737743 0.6534940264 0)
(2.283463402 0.6220419246 0)
(2.221533064 0.5968395433 0)
(2.189436102 0.5931246157 0)
(2.183290849 0.572572272 0)
(2.182739907 0.5475194758 0)
(2.196480217 0.545884745 0)
(2.238328684 0.5602878388 0)
(2.285691256 0.5686217274 0)
(2.317491795 0.571021594 0)
(2.333481093 0.5706067485 0)
(2.34372106 0.5633999582 0)
(2.362326478 0.5521952381 0)
(2.382097356 0.5461310158 0)
(2.402805641 0.5409338555 0)
(2.423382695 0.5367372929 0)
(2.438358826 0.5320097377 0)
(2.45001131 0.5269587734 0)
(2.460782452 0.5181795345 0)
(2.468887417 0.5103752506 0)
(2.475256076 0.5087795758 0)
(2.482567561 0.5086329227 0)
(2.492672158 0.5084079553 0)
(2.511779888 0.5024320725 0)
(2.829778579 0.02237186957 0)
(2.829294737 0.02278504774 0)
(2.828441603 0.02361053808 0)
(2.827074865 0.02336558915 0)
(2.825982009 0.02218487249 0)
(2.821676228 0.0249038246 0)
(2.796525553 0.09019930263 0)
(2.559680779 0.4031459001 0)
(2.295564382 0.6123591914 0)
(2.2603514 0.6507557649 0)
(2.270383921 0.6572502426 0)
(2.296767056 0.6459941269 0)
(2.298145365 0.6265264965 0)
(2.24838319 0.611842405 0)
(2.201070787 0.5952705054 0)
(2.187145413 0.5645934161 0)
(2.18315248 0.5507996473 0)
(2.191293348 0.5516464769 0)
(2.225024713 0.5599956177 0)
(2.270731133 0.5652228371 0)
(2.309662013 0.5708418833 0)
(2.330599935 0.5718082759 0)
(2.34322155 0.5622448322 0)
(2.362828988 0.5525380919 0)
(2.381217986 0.5465094243 0)
(2.400253157 0.541085163 0)
(2.418891456 0.5365718754 0)
(2.43181752 0.531683612 0)
(2.441485661 0.5240248639 0)
(2.45173276 0.5132346134 0)
(2.459583712 0.5091348528 0)
(2.468304159 0.5084845185 0)
(2.479217434 0.5096152614 0)
(2.492405257 0.5101173404 0)
(2.512114936 0.5034881594 0)
(2.83303805 0.0223252128 0)
(2.832512502 0.02324857403 0)
(2.831717067 0.02412145275 0)
(2.830643261 0.02335011721 0)
(2.829131363 0.02057681278 0)
(2.826920804 0.02124002542 0)
(2.80788063 0.06443853422 0)
(2.639289517 0.3401423564 0)
(2.332893094 0.5961704684 0)
(2.259360258 0.6409442699 0)
(2.266147884 0.646026919 0)
(2.289448534 0.6348392116 0)
(2.306720264 0.6305964345 0)
(2.276303624 0.6256687208 0)
(2.216769988 0.5977531197 0)
(2.191894637 0.5639487473 0)
(2.185445195 0.5560979841 0)
(2.19002162 0.5593331278 0)
(2.213350686 0.5600716754 0)
(2.25399362 0.5617784528 0)
(2.299059237 0.569733736 0)
(2.326698988 0.5704486254 0)
(2.343353432 0.5600059641 0)
(2.363494301 0.5531939668 0)
(2.380568404 0.5467728114 0)
(2.398119961 0.5407249756 0)
(2.414120558 0.5352686891 0)
(2.425797901 0.5287275556 0)
(2.434874898 0.5192903924 0)
(2.443842987 0.5120844478 0)
(2.452230445 0.5099328968 0)
(2.462515419 0.5087570879 0)
(2.476581495 0.5105551686 0)
(2.49271628 0.5114384147 0)
(2.512543843 0.5046294944 0)
(2.835920914 0.02327458369 0)
(2.835401659 0.02445609482 0)
(2.834659481 0.02501076881 0)
(2.833525098 0.02306146863 0)
(2.831960486 0.01872961095 0)
(2.830632881 0.01833746684 0)
(2.818460144 0.04603473333 0)
(2.705650973 0.2734874646 0)
(2.371081511 0.5773265625 0)
(2.259089578 0.6251878954 0)
(2.261262389 0.6310323755 0)
(2.279977431 0.6304029639 0)
(2.308348981 0.642769727 0)
(2.300410479 0.6421862051 0)
(2.237858717 0.5989100403 0)
(2.198784994 0.5663762604 0)
(2.19071764 0.5623467492 0)
(2.190054812 0.566409754 0)
(2.20368653 0.5599732353 0)
(2.237228799 0.5587449911 0)
(2.285293395 0.5668889324 0)
(2.320383425 0.5659534598 0)
(2.342676847 0.5596114385 0)
(2.363828676 0.5539757264 0)
(2.380078172 0.5468032298 0)
(2.395801443 0.5397413821 0)
(2.40991603 0.5321094578 0)
(2.420689527 0.5251410305 0)
(2.429359955 0.5184180611 0)
(2.437941657 0.5137040261 0)
(2.446436535 0.5109591734 0)
(2.457945562 0.5093602367 0)
(2.474445897 0.5116467029 0)
(2.493664983 0.513572143 0)
(2.513213058 0.5053280758 0)
(2.838388207 0.02567661517 0)
(2.837878593 0.02694876802 0)
(2.837254663 0.02607939827 0)
(2.835909876 0.02195511018 0)
(2.834414811 0.01720686956 0)
(2.833405641 0.01556161857 0)
(2.824136984 0.03410878172 0)
(2.754631819 0.2052220192 0)
(2.433803804 0.5214133367 0)
(2.269868339 0.6031612479 0)
(2.259490215 0.6265529131 0)
(2.273557397 0.6402333148 0)
(2.305675989 0.6600748866 0)
(2.315421863 0.6484478398 0)
(2.262183881 0.5989817553 0)
(2.212305497 0.5729115269 0)
(2.196359089 0.5729925821 0)
(2.19300099 0.5687472736 0)
(2.19744011 0.5562877447 0)
(2.222259155 0.5550285981 0)
(2.269117548 0.5615709741 0)
(2.311281652 0.5615858402 0)
(2.340877003 0.5607688038 0)
(2.363747534 0.5544710097 0)
(2.379046021 0.5467809953 0)
(2.393696925 0.5372335613 0)
(2.406378111 0.5292629262 0)
(2.416249777 0.5245275551 0)
(2.424806912 0.5200360097 0)
(2.4318658 0.5153613155 0)
(2.441273918 0.5113363524 0)
(2.454236949 0.510153486 0)
(2.473450744 0.5130824275 0)
(2.494985704 0.5155861628 0)
(2.514148003 0.5054710902 0)
(2.840788772 0.02635428152 0)
(2.840123825 0.02640359193 0)
(2.839224141 0.02442229821 0)
(2.838054792 0.02070793848 0)
(2.836737645 0.01739896293 0)
(2.835859374 0.01520409006 0)
(2.828322756 0.02935414756 0)
(2.786016174 0.1532125208 0)
(2.493592964 0.4673746806 0)
(2.284141213 0.5971162953 0)
(2.260221479 0.6361852096 0)
(2.271870127 0.65569967 0)
(2.30042636 0.66009605 0)
(2.318704469 0.6360513255 0)
(2.286759609 0.5986173471 0)
(2.232479851 0.5850593134 0)
(2.20285297 0.5784590865 0)
(2.194434941 0.5633426558 0)
(2.194038503 0.5497249988 0)
(2.210899309 0.5506621924 0)
(2.252124379 0.5551839532 0)
(2.299283528 0.5580380348 0)
(2.337440058 0.5614674494 0)
(2.36309194 0.5552809391 0)
(2.378256269 0.5458506038 0)
(2.392313743 0.5335622836 0)
(2.403374817 0.5292185095 0)
(2.412482151 0.5259874302 0)
(2.419440606 0.52268581 0)
(2.426602503 0.5157303379 0)
(2.436675245 0.5112028596 0)
(2.451564608 0.5109781889 0)
(2.473028693 0.5148044944 0)
(2.495935594 0.5163955178 0)
(2.515549593 0.5052251419 0)
(2.842914541 0.02471846071 0)
(2.842345035 0.02437767312 0)
(2.841475875 0.02289537046 0)
(2.840401191 0.02044479929 0)
(2.838952616 0.01842055046 0)
(2.838343367 0.01571651065 0)
(2.832304509 0.02510493474 0)
(2.801656829 0.120770416 0)
(2.553998924 0.4280634745 0)
(2.306787328 0.601291195 0)
(2.266046371 0.6489072974 0)
(2.270798295 0.6561768489 0)
(2.293665735 0.6485183986 0)
(2.316438286 0.6186729112 0)
(2.306245056 0.6001253006 0)
(2.258204553 0.5966238589 0)
(2.211485961 0.578747206 0)
(2.195774068 0.5595909768 0)
(2.193022228 0.5504592213 0)
(2.20348194 0.5485628848 0)
(2.235608359 0.5490365998 0)
(2.284600196 0.5546466015 0)
(2.332219895 0.5620342502 0)
(2.361350192 0.5554298782 0)
(2.378041413 0.5416877697 0)
(2.39125973 0.5318360141 0)
(2.400725407 0.5307889984 0)
(2.408283535 0.5285294614 0)
(2.414818854 0.5238703348 0)
(2.421742448 0.514691943 0)
(2.432505709 0.5107864054 0)
(2.449822114 0.5120500578 0)
(2.472824885 0.5158248351 0)
(2.497352459 0.5167612955 0)
(2.516814903 0.5043998214 0)
(2.844869672 0.02182598437 0)
(2.844617026 0.02125618545 0)
(2.843940648 0.02061542096 0)
(2.843007973 0.02009855912 0)
(2.841439781 0.01969809785 0)
(2.840813702 0.01797295834 0)
(2.836745816 0.02403788027 0)
(2.812442111 0.09414799751 0)
(2.608089447 0.3971117987 0)
(2.338674483 0.6074524205 0)
(2.270762411 0.6479942768 0)
(2.269767189 0.6505445235 0)
(2.286147901 0.6333141957 0)
(2.310720092 0.6041347474 0)
(2.318267882 0.6065858664 0)
(2.285226117 0.6096816434 0)
(2.225466031 0.5790418569 0)
(2.19768584 0.5607228085 0)
(2.194075269 0.5546359031 0)
(2.19909672 0.5499312919 0)
(2.221162927 0.5454192892 0)
(2.268428586 0.5528324332 0)
(2.324373576 0.5624549281 0)
(2.357432246 0.5528324707 0)
(2.37760299 0.5352019313 0)
(2.389448051 0.533114428 0)
(2.397909675 0.5330104495 0)
(2.404147809 0.530648874 0)
(2.409788985 0.5233023184 0)
(2.417351052 0.5126071851 0)
(2.428645964 0.5106617641 0)
(2.448502786 0.513273976 0)
(2.472676605 0.5166202852 0)
(2.498089525 0.5167061486 0)
(2.517777742 0.5031710689 0)
(2.847302025 0.01943662778 0)
(2.847176795 0.01917153344 0)
(2.846618582 0.01938867743 0)
(2.845844249 0.02006560175 0)
(2.84435497 0.0207704173 0)
(2.843700576 0.01934755517 0)
(2.840918054 0.02329736985 0)
(2.821674388 0.07205741117 0)
(2.659689834 0.3586488342 0)
(2.379764603 0.6036798322 0)
(2.274709245 0.6443668806 0)
(2.268500521 0.6420167397 0)
(2.280319175 0.6143869855 0)
(2.300525121 0.6019943298 0)
(2.322029451 0.6230745395 0)
(2.307731888 0.6234783992 0)
(2.242662865 0.5801811862 0)
(2.201820507 0.5624494489 0)
(2.19605957 0.5597040009 0)
(2.197281562 0.5504589826 0)
(2.210377666 0.5446354466 0)
(2.252675116 0.5539895892 0)
(2.311979858 0.5607838253 0)
(2.351455616 0.5453537778 0)
(2.374878446 0.534187796 0)
(2.38658993 0.5356368738 0)
(2.394215138 0.5355507316 0)
(2.399671303 0.5318629332 0)
(2.404699191 0.5195769974 0)
(2.412904177 0.511116535 0)
(2.426092003 0.5117184709 0)
(2.44764548 0.5149111494 0)
(2.472463236 0.5174013376 0)
(2.498081367 0.5168394974 0)
(2.5181932 0.5025813575 0)
(2.850209654 0.01780254472 0)
(2.850038505 0.01784974778 0)
(2.849639318 0.01888433779 0)
(2.84902924 0.02053303267 0)
(2.847598073 0.02074647806 0)
(2.846876954 0.01970442548 0)
(2.844963365 0.02201766062 0)
(2.831365014 0.0541596644 0)
(2.707876337 0.3048386764 0)
(2.430099919 0.5897158128 0)
(2.282354497 0.6354046417 0)
(2.270834741 0.6267199704 0)
(2.277117193 0.6089368936 0)
(2.295543214 0.619301368 0)
(2.319845855 0.6430880859 0)
(2.318415578 0.6241646585 0)
(2.262318613 0.5831038293 0)
(2.213170901 0.5683788101 0)
(2.19912515 0.5620196156 0)
(2.197904213 0.5488937366 0)
(2.204303001 0.5460180566 0)
(2.238786584 0.5555451942 0)
(2.29513421 0.5534143159 0)
(2.341919952 0.5397282087 0)
(2.369905356 0.5365795964 0)
(2.382267177 0.5389261921 0)
(2.389304137 0.5382248655 0)
(2.394609621 0.5308211305 0)
(2.399955566 0.514354783 0)
(2.408991286 0.5113938178 0)
(2.425202775 0.5132483692 0)
(2.447204094 0.5164667376 0)
(2.471924933 0.5187371863 0)
(2.497058072 0.5172974881 0)
(2.517752982 0.5030678425 0)
(2.853503349 0.01784397795 0)
(2.853375194 0.01890214201 0)
(2.853079615 0.02061222795 0)
(2.85260302 0.02128840621 0)
(2.851003062 0.01978509669 0)
(2.850238319 0.01825041309 0)
(2.849039988 0.01978722935 0)
(2.841512527 0.04109852229 0)
(2.749535572 0.2371268514 0)
(2.488687808 0.551732479 0)
(2.298292708 0.6207787912 0)
(2.272086919 0.6228636029 0)
(2.275446322 0.6219665195 0)
(2.292552688 0.643939696 0)
(2.31482783 0.6434056656 0)
(2.320329948 0.6157400999 0)
(2.282267461 0.5899166574 0)
(2.229632936 0.5756712304 0)
(2.204244959 0.5621944444 0)
(2.199928116 0.5504831762 0)
(2.202767473 0.5498161962 0)
(2.228445506 0.5540003449 0)
(2.276081314 0.5430834536 0)
(2.327662997 0.5371155262 0)
(2.361846695 0.5400690691 0)
(2.375996264 0.5421950536 0)
(2.383475122 0.5398563448 0)
(2.389726029 0.5253115409 0)
(2.395963712 0.5123668825 0)
(2.406516487 0.5126277199 0)
(2.424518412 0.5150807674 0)
(2.446247593 0.5179209889 0)
(2.471214179 0.5200666357 0)
(2.494212792 0.5175352221 0)
(2.51593058 0.5038611121 0)
(2.857313852 0.018627014 0)
(2.857273128 0.02020895325 0)
(2.856982082 0.02138151746 0)
(2.856337833 0.02075363255 0)
(2.854714895 0.01830018525 0)
(2.853965784 0.01672492403 0)
(2.853086927 0.01771969876 0)
(2.846973404 0.03187555899 0)
(2.780308806 0.1740944738 0)
(2.552660606 0.4923297817 0)
(2.313896252 0.6160718265 0)
(2.276374166 0.6327517419 0)
(2.278472801 0.6470278283 0)
(2.289258739 0.6488890753 0)
(2.307661637 0.633033455 0)
(2.317513143 0.6066969787 0)
(2.298092746 0.5978857405 0)
(2.249100398 0.5821502873 0)
(2.209401257 0.5633020404 0)
(2.202543284 0.554078839 0)
(2.203878634 0.554647337 0)
(2.22072736 0.5492071484 0)
(2.256819774 0.5344161888 0)
(2.308852485 0.535377515 0)
(2.350014718 0.5434719391 0)
(2.36761414 0.5442862507 0)
(2.3776758 0.5375412638 0)
(2.38524172 0.5184879886 0)
(2.392933503 0.513466109 0)
(2.405433026 0.5140666295 0)
(2.423320718 0.5177798709 0)
(2.444417083 0.5199624388 0)
(2.468590972 0.5214830153 0)
(2.489334613 0.517655385 0)
(2.511879074 0.5040880492 0)
(2.861435195 0.02026556285 0)
(2.861328736 0.02154334072 0)
(2.860970541 0.02170871737 0)
(2.860149982 0.02005686681 0)
(2.858588649 0.01697605351 0)
(2.857693271 0.01486549874 0)
(2.856935819 0.01553912562 0)
(2.850621905 0.0261956505 0)
(2.803769438 0.1322543997 0)
(2.613847058 0.4472597345 0)
(2.340383302 0.6227772514 0)
(2.287676554 0.650361355 0)
(2.281687333 0.6539765397 0)
(2.286118961 0.6430630039 0)
(2.297839059 0.6179445287 0)
(2.311379797 0.5989388738 0)
(2.310224107 0.6022015998 0)
(2.269639407 0.5875174764 0)
(2.219436691 0.5646869696 0)
(2.205741415 0.5589993736 0)
(2.206607129 0.556222083 0)
(2.215516678 0.5405609177 0)
(2.239110296 0.5277716003 0)
(2.2866978 0.5353142931 0)
(2.334852448 0.546490353 0)
(2.357990472 0.5428974724 0)
(2.371423027 0.5302241938 0)
(2.381443411 0.5170869658 0)
(2.391248729 0.5150825651 0)
(2.40449394 0.516632416 0)
(2.421883041 0.521879748 0)
(2.441950759 0.5230313933 0)
(2.464276428 0.5221630914 0)
(2.482779373 0.5174612309 0)
(2.505369281 0.5028947537 0)
(2.865159704 0.0207105657 0)
(2.864713678 0.02029887991 0)
(2.863785199 0.01855305288 0)
(2.862299366 0.01577707769 0)
(2.861537904 0.01446451026 0)
(2.860740969 0.0154437196 0)
(2.85670955 0.02441391542 0)
(2.821816915 0.1075053269 0)
(2.665161688 0.4173777987 0)
(2.374151921 0.6344187729 0)
(2.303701124 0.6538116426 0)
(2.283558364 0.6516678578 0)
(2.281860618 0.6327811608 0)
(2.289220249 0.5981102485 0)
(2.304847456 0.5968503453 0)
(2.317113341 0.6067412537 0)
(2.288675215 0.5934200368 0)
(2.235353287 0.57055996 0)
(2.212171484 0.5638183185 0)
(2.209043356 0.5518201599 0)
(2.211612815 0.5297249911 0)
(2.225368589 0.526367403 0)
(2.26555696 0.5381717485 0)
(2.316326383 0.5459150652 0)
(2.346798144 0.5373493598 0)
(2.365239121 0.5251553779 0)
(2.378500207 0.5192594669 0)
(2.390425733 0.5170617495 0)
(2.403485746 0.520860153 0)
(2.420514836 0.5268128603 0)
(2.439013613 0.5251968375 0)
(2.458719841 0.521741045 0)
(2.47507604 0.5157816243 0)
(2.497068204 0.4989843416 0)
(2.868946989 0.0195784484 0)
(2.868442623 0.01913940762 0)
(2.867409753 0.01755820292 0)
(2.865794275 0.01533725215 0)
(2.865172522 0.01498675982 0)
(2.864636449 0.01653980471 0)
(2.86216396 0.02376563643 0)
(2.837223647 0.08579648619 0)
(2.71029268 0.3845146716 0)
(2.40964147 0.6314497376 0)
(2.318699711 0.6509188308 0)
(2.286380773 0.6456586562 0)
(2.280088963 0.6094033821 0)
(2.285008433 0.5907815544 0)
(2.299610637 0.6049924524 0)
(2.318500137 0.6192748557 0)
(2.30333019 0.6026146459 0)
(2.25398959 0.5800652128 0)
(2.219953571 0.5654464721 0)
(2.210536835 0.5420987877 0)
(2.209231968 0.527368285 0)
(2.217427778 0.5281569831 0)
(2.247990276 0.5389014951 0)
(2.295751273 0.5400021732 0)
(2.334434307 0.5307166193 0)
(2.359407108 0.5256645292 0)
(2.376008895 0.5219359394 0)
(2.389183263 0.5201644809 0)
(2.402746288 0.5254306719 0)
(2.4190927 0.5293760119 0)
(2.436354553 0.5252878886 0)
(2.452464337 0.5191572936 0)
(2.467646214 0.5103746673 0)
(2.488181941 0.4925551772 0)
(2.872358575 0.01745981601 0)
(2.871819902 0.01707606282 0)
(2.870841461 0.01631723526 0)
(2.869122447 0.01600039748 0)
(2.868549672 0.0177057513 0)
(2.868109125 0.02001078051 0)
(2.866371032 0.02550823074 0)
(2.849593813 0.06656069907 0)
(2.747550995 0.3379020574 0)
(2.456464426 0.6140944885 0)
(2.335894524 0.6460756848 0)
(2.292093483 0.628637372 0)
(2.280334732 0.5998269596 0)
(2.282515541 0.5976018289 0)
(2.296402453 0.6239054524 0)
(2.316871478 0.631658456 0)
(2.312833145 0.6113859334 0)
(2.27426654 0.5895233096 0)
(2.230179225 0.5636469681 0)
(2.212736935 0.5380969457 0)
(2.209567834 0.5317224536 0)
(2.213519236 0.5321333832 0)
(2.235980792 0.5352731172 0)
(2.277111734 0.5311895289 0)
(2.321046579 0.5272505109 0)
(2.353054663 0.5261214682 0)
(2.373039578 0.52396196 0)
(2.387867079 0.5236022065 0)
(2.402096789 0.5286803036 0)
(2.417488323 0.5295227227 0)
(2.432263198 0.523519096 0)
(2.447247462 0.512955371 0)
(2.460884771 0.5022770184 0)
(2.480572828 0.4886710012 0)
(2.875454783 0.01612715172 0)
(2.874813908 0.01637806485 0)
(2.873901657 0.01646086491 0)
(2.872355392 0.01824790496 0)
(2.871936479 0.02054928994 0)
(2.871381559 0.02194714823 0)
(2.870114052 0.02533120185 0)
(2.859088316 0.05181445677 0)
(2.777863407 0.2700728028 0)
(2.51557471 0.5798217605 0)
(2.348243841 0.636011714 0)
(2.297322112 0.6206928295 0)
(2.28284276 0.6049899502 0)
(2.283867039 0.6222899372 0)
(2.294663884 0.6380531231 0)
(2.31222024 0.6277432295 0)
(2.319263606 0.6112714532 0)
(2.295265216 0.5924391752 0)
(2.244073339 0.5625815507 0)
(2.215817418 0.538993311 0)
(2.211538848 0.5367387204 0)
(2.213015094 0.5377690065 0)
(2.227977516 0.5328932462 0)
(2.261698964 0.5264073725 0)
(2.307107703 0.5251745235 0)
(2.345383728 0.5250450271 0)
(2.3699309 0.5254122356 0)
(2.386855638 0.5271426121 0)
(2.401259209 0.5298842032 0)
(2.413786734 0.5275121225 0)
(2.428148194 0.5174983138 0)
(2.442228019 0.5058581376 0)
(2.45470866 0.4980910989 0)
(2.475013516 0.4891262752 0)
(2.878105849 0.01565416714 0)
(2.877515432 0.01650305053 0)
(2.876773793 0.0175303152 0)
(2.875544921 0.02045163063 0)
(2.875043595 0.0217583778 0)
(2.874393732 0.02207175753 0)
(2.873454394 0.02433303531 0)
(2.867234533 0.04170692096 0)
(2.802987537 0.1977289339 0)
(2.573085971 0.5312272792 0)
(2.357233505 0.6351697739 0)
(2.304255226 0.6248244701 0)
(2.290207746 0.6290324098 0)
(2.287099265 0.6442729844 0)
(2.292408535 0.636575295 0)
(2.306790791 0.617802427 0)
(2.323026461 0.6053563816 0)
(2.3144134 0.5912436725 0)
(2.263492781 0.5629300753 0)
(2.223766044 0.5407343025 0)
(2.214596525 0.5432946734 0)
(2.214092704 0.5437079664 0)
(2.223124724 0.5354543511 0)
(2.249391182 0.5262187009 0)
(2.29264903 0.5225228495 0)
(2.335820263 0.5227578529 0)
(2.366513592 0.5273720459 0)
(2.385369356 0.530612018 0)
(2.398898654 0.529676625 0)
(2.410300382 0.5211902875 0)
(2.423957292 0.5118937599 0)
(2.437340236 0.5042069022 0)
(2.449990181 0.4987184945 0)
(2.469622553 0.4912567273 0)
(2.88049809 0.01790824588 0)
(2.879990883 0.01912010699 0)
(2.8795161 0.01974328106 0)
(2.878396192 0.02051582338 0)
(2.8778277 0.02053182825 0)
(2.876916266 0.02011290309 0)
(2.876298943 0.02248964911 0)
(2.872106081 0.03465019178 0)
(2.822991322 0.1473235377 0)
(2.62616192 0.4859681083 0)
(2.376158863 0.640120142 0)
(2.316945757 0.6461996406 0)
(2.300682927 0.6538444929 0)
(2.289345328 0.647704966 0)
(2.290487385 0.6297044649 0)
(2.302594692 0.6080034565 0)
(2.323504281 0.6027667272 0)
(2.328228418 0.5919111988 0)
(2.286320605 0.5649297356 0)
(2.23698354 0.5482046131 0)
(2.218734302 0.5517441335 0)
(2.215868446 0.5483822648 0)
(2.221069296 0.5374684288 0)
(2.24001357 0.5249277758 0)
(2.2782133 0.5179108527 0)
(2.324531429 0.5206093196 0)
(2.360906792 0.5301911741 0)
(2.383423919 0.5323939436 0)
(2.394782952 0.526435551 0)
(2.407168629 0.5156538316 0)
(2.420528401 0.5115196915 0)
(2.43419541 0.5052982246 0)
(2.445696729 0.5005798111 0)
(2.465106525 0.4940342562 0)
(2.883033817 0.02116026724 0)
(2.882546707 0.02108826057 0)
(2.882089618 0.0205574603 0)
(2.881028403 0.01977856258 0)
(2.880339753 0.01955493026 0)
(2.879601811 0.01934535512 0)
(2.87905002 0.02161536234 0)
(2.875241021 0.03004710542 0)
(2.839061585 0.1173075099 0)
(2.678142712 0.4503692063 0)
(2.405614763 0.6554766415 0)
(2.334956426 0.6613018195 0)
(2.307743532 0.658587762 0)
(2.291534316 0.6437528449 0)
(2.288192117 0.6161905933 0)
(2.29815165 0.6036472235 0)
(2.321442854 0.6068006333 0)
(2.334545483 0.594680464 0)
(2.304689229 0.5704267427 0)
(2.254170793 0.558991703 0)
(2.226642568 0.5551599844 0)
(2.220393539 0.5491665444 0)
(2.222127919 0.5333966375 0)
(2.23413608 0.5169443193 0)
(2.265248442 0.5102790639 0)
(2.312106457 0.5196808284 0)
(2.353603586 0.5321977406 0)
(2.378743445 0.5325779721 0)
(2.390933869 0.5216468452 0)
(2.40429292 0.5150740391 0)
(2.417978812 0.5123248294 0)
(2.431210267 0.5064631767 0)
(2.44228782 0.5029294041 0)
(2.461280952 0.4959892642 0)
(2.885708001 0.02270317629 0)
(2.885082818 0.02178997502 0)
(2.884536772 0.02070732821 0)
(2.883583793 0.01929713338 0)
(2.882645047 0.01892927898 0)
(2.882224264 0.01883715712 0)
(2.881528511 0.02088119464 0)
(2.879198508 0.02828341098 0)
(2.853460818 0.09246574287 0)
(2.725846372 0.4150200349 0)
(2.436560544 0.6496022123 0)
(2.34999259 0.6612667878 0)
(2.313581609 0.6567133517 0)
(2.295645731 0.6302054844 0)
(2.290107991 0.6046175746 0)
(2.297286063 0.6062280741 0)
(2.318662194 0.6094381531 0)
(2.334292903 0.5908305118 0)
(2.318903056 0.5754521527 0)
(2.274151928 0.568500615 0)
(2.234806032 0.5561851458 0)
(2.224565877 0.5429650233 0)
(2.224170235 0.522013708 0)
(2.231005467 0.5069413386 0)
(2.254680916 0.5055348257 0)
(2.299459981 0.5207683617 0)
(2.344024521 0.5327670053 0)
(2.372124354 0.5298692494 0)
(2.386932245 0.5202750268 0)
(2.401222201 0.5156298607 0)
(2.414753037 0.5133281855 0)
(2.428426244 0.508482297 0)
(2.438519876 0.5056719041 0)
(2.458303308 0.4954934548 0)
)
;

boundaryField
{
    inlet
    {
        type            fixedValue;
        value           nonuniform 0();
    }
    outlet
    {
        type            inletOutlet;
        inletValue      uniform (3 0 0);
        value           nonuniform List<vector> 
62
(
(2.565522169 0.4795287795 0)
(2.566077126 0.480122551 0)
(2.566612389 0.4803027953 0)
(2.566969764 0.4810130468 0)
(2.567347141 0.4821159868 0)
(2.56791272 0.483695273 0)
(2.56824419 0.4861087145 0)
(2.568279255 0.4877360911 0)
(2.56822441 0.4884995085 0)
(2.568001948 0.4890620372 0)
(2.567640402 0.4899610724 0)
(2.567017362 0.491346587 0)
(2.565682396 0.4928202646 0)
(2.564204604 0.4937289235 0)
(2.562748965 0.4937607473 0)
(2.560965535 0.4929906841 0)
(2.558997026 0.4925732083 0)
(2.557568374 0.4927033436 0)
(2.555755982 0.4930696957 0)
(2.553633301 0.4935695421 0)
(2.551543861 0.4939279631 0)
(2.5497857 0.4935952884 0)
(2.547611687 0.4927285991 0)
(2.545007667 0.4910042412 0)
(2.542077385 0.4891492989 0)
(2.539081149 0.4886015004 0)
(2.536410944 0.4891809677 0)
(2.533793998 0.4904815604 0)
(2.531114266 0.4925463685 0)
(2.528075573 0.4939279577 0)
(2.524798318 0.4941935724 0)
(2.521407219 0.4933765041 0)
(2.518757006 0.4915518385 0)
(2.516322681 0.4901409509 0)
(2.514038838 0.4901535505 0)
(2.512000712 0.4914176266 0)
(2.510481573 0.493173411 0)
(2.510409241 0.4952753704 0)
(2.510672069 0.4983397759 0)
(2.511303498 0.5008050212 0)
(2.511779888 0.5024320725 0)
(2.512114936 0.5034881594 0)
(2.512543843 0.5046294944 0)
(2.513213058 0.5053280758 0)
(2.514148003 0.5054710902 0)
(2.515549593 0.5052251419 0)
(2.516814903 0.5043998214 0)
(2.517777742 0.5031710689 0)
(2.5181932 0.5025813575 0)
(2.517752982 0.5030678425 0)
(2.51593058 0.5038611121 0)
(2.511879074 0.5040880492 0)
(2.505369281 0.5028947537 0)
(2.497068204 0.4989843416 0)
(2.488181941 0.4925551772 0)
(2.480572828 0.4886710012 0)
(2.475013516 0.4891262752 0)
(2.469622553 0.4912567273 0)
(2.465106525 0.4940342562 0)
(2.461280952 0.4959892642 0)
(2.458303308 0.4954934548 0)
(2.564686991 0.4769806426 0)
)
;
    }
    bottom
    {
        type            slip;
    }
    top
    {
        type            slip;
    }
    obstacle
    {
        type            slip;
    }
    defaultFaces
    {
        type            empty;
    }
    procBoundary23to17
    {
        type            processor;
        value           nonuniform List<vector> 
40
(
(2.43340126 0.5937965897 0)
(2.437808535 0.5840952078 0)
(2.448088253 0.5764205189 0)
(2.464880091 0.5751096519 0)
(2.481737983 0.5727853927 0)
(2.495601066 0.5648024397 0)
(2.509145973 0.5548956828 0)
(2.520436339 0.5455543028 0)
(2.528315281 0.5371843254 0)
(2.53335696 0.5294231116 0)
(2.53967187 0.5211326974 0)
(2.54421946 0.5127949282 0)
(2.547672745 0.5032368309 0)
(2.551315899 0.4905302705 0)
(2.55415348 0.4787263172 0)
(2.557671483 0.4717629606 0)
(2.562731596 0.4713610708 0)
(2.656536545 0.02791776704 0)
(2.654626685 0.02553982804 0)
(2.654406688 0.02286876219 0)
(2.660702435 0.02661323561 0)
(2.453997124 0.3263312895 0)
(2.069674451 0.6774718482 0)
(2.128067986 0.6536910172 0)
(2.192462855 0.6555039988 0)
(2.237560384 0.6646478334 0)
(2.258650115 0.6619374244 0)
(2.267185896 0.6549535558 0)
(2.277935655 0.6437284131 0)
(2.293624234 0.6386971413 0)
(2.320551571 0.6402733422 0)
(2.355083408 0.6452396511 0)
(2.385100116 0.6356237144 0)
(2.406150814 0.6253137171 0)
(2.41983782 0.6185503816 0)
(2.428682073 0.6181305339 0)
(2.430420409 0.617511577 0)
(2.427547554 0.6116346648 0)
(2.426074242 0.6048080449 0)
(2.426074242 0.6048080449 0)
)
;
    }
    procBoundary23to22
    {
        type            processor;
        value           nonuniform List<vector> 
65
(
(2.680885711 0.02780775953 0)
(2.69576013 0.02623405604 0)
(2.69576013 0.02623405604 0)
(2.704760639 0.02660073683 0)
(2.713093285 0.02671809453 0)
(2.728406213 0.02484314389 0)
(2.753556826 0.02346996966 0)
(2.791360711 0.02585326206 0)
(2.838764715 0.02618648511 0)
(2.886635145 0.02646598464 0)
(2.926080859 0.0280352093 0)
(2.949860473 0.02812933185 0)
(2.95508159 0.02736191692 0)
(2.94419444 0.02832536197 0)
(2.928059493 0.02609481741 0)
(2.928059493 0.02609481741 0)
(2.902210361 0.02510504995 0)
(2.875343851 0.02491047193 0)
(2.854485331 0.02669412406 0)
(2.839890913 0.02842119348 0)
(2.827490233 0.02856497473 0)
(2.81502061 0.0288737296 0)
(2.798660358 0.02772735498 0)
(2.778176078 0.02745523845 0)
(2.758119281 0.02651056911 0)
(2.744119931 0.02759330625 0)
(2.73519868 0.02435003379 0)
(2.729789993 0.02272446695 0)
(2.729789993 0.02272446695 0)
(2.72819856 0.02217149184 0)
(2.728465579 0.02524035478 0)
(2.731331944 0.02901812362 0)
(2.737403232 0.03159869878 0)
(2.744924624 0.03130926465 0)
(2.751594945 0.02654989005 0)
(2.758834256 0.02245801861 0)
(2.767584823 0.01931183863 0)
(2.777990655 0.01935857771 0)
(2.788787171 0.01960863969 0)
(2.798551004 0.02231446298 0)
(2.807640128 0.0247246799 0)
(2.814946754 0.02777518853 0)
(2.821106714 0.02686192476 0)
(2.821106714 0.02686192476 0)
(2.826519863 0.02510011564 0)
(2.830579527 0.02243390166 0)
(2.833766053 0.02153784301 0)
(2.836533392 0.02167207264 0)
(2.839002853 0.02337607612 0)
(2.841275516 0.02501370214 0)
(2.843440759 0.02513251222 0)
(2.845241148 0.02298924028 0)
(2.847471042 0.02058493757 0)
(2.850272109 0.01854106976 0)
(2.85360202 0.01729216427 0)
(2.857428306 0.0169683814 0)
(2.861642602 0.01821021616 0)
(2.865625866 0.02036720921 0)
(2.865625866 0.02036720921 0)
(2.869461104 0.0194504679 0)
(2.872763096 0.01744134822 0)
(2.87575408 0.01588439307 0)
(2.878399934 0.01455440164 0)
(2.880778561 0.01601928676 0)
(2.883356035 0.01978843609 0)
)
;
    }
    procBoundary23to28
    {
        type            processor;
        value           uniform (2.886077078 0.02342950027 0);
    }
    procBoundary23to29
    {
        type            processor;
        value           nonuniform List<vector> 
34
(
(2.888120455 0.02142615306 0)
(2.887482237 0.02065092702 0)
(2.887056089 0.02021074301 0)
(2.886037926 0.01981263914 0)
(2.885026556 0.02019846392 0)
(2.884795 0.02076560789 0)
(2.884039937 0.02249847791 0)
(2.882708812 0.02718435909 0)
(2.864586846 0.07142633431 0)
(2.76325018 0.3659505407 0)
(2.467022291 0.6313570628 0)
(2.364029214 0.6556564155 0)
(2.323664726 0.6477600523 0)
(2.301982705 0.613727072 0)
(2.293583392 0.604422332 0)
(2.29892513 0.6136905639 0)
(2.314188676 0.6041875529 0)
(2.330462022 0.5832231837 0)
(2.329141998 0.5804881056 0)
(2.29433768 0.575935684 0)
(2.246095342 0.5537818368 0)
(2.228638165 0.5323448108 0)
(2.227282658 0.5160513618 0)
(2.230431669 0.5074806948 0)
(2.248037074 0.5096228243 0)
(2.287186247 0.5235341582 0)
(2.331788865 0.5306949465 0)
(2.363812012 0.52625645 0)
(2.382277839 0.52047124 0)
(2.397655047 0.5167687101 0)
(2.411344605 0.5155571076 0)
(2.425199678 0.5105940661 0)
(2.435876276 0.5061949347 0)
(2.454632414 0.4922091003 0)
)
;
    }
}


// ************************************************************************* //
