/*--------------------------------*- C++ -*----------------------------------*\
  =========                 |
  \\      /  F ield         | OpenFOAM: The Open Source CFD Toolbox
   \\    /   O peration     | Website:  https://openfoam.org
    \\  /    A nd           | Version:  7
     \\/     M anipulation  |
\*---------------------------------------------------------------------------*/
FoamFile
{
    version     2.0;
    format      ascii;
    class       volVectorField;
    location    "1.5";
    object      U;
}
// * * * * * * * * * * * * * * * * * * * * * * * * * * * * * * * * * * * * * //

dimensions      [0 1 -1 0 0 0 0];

internalField   nonuniform List<vector> 
2222
(
(3.119637776 -0.001762042321 0)
(3.117414076 -0.002711403647 0)
(3.117331247 -0.001922660865 0)
(3.117747311 -0.0002895576828 0)
(3.118201057 0.001356335309 0)
(3.117867221 0.001490684157 0)
(3.117272427 0.0005428718625 0)
(3.115825704 -0.001214578187 0)
(3.114072868 -0.003459055035 0)
(3.113360319 -0.004531592618 0)
(3.113493816 -0.004585202234 0)
(3.11348581 -0.004561863522 0)
(3.113542785 -0.004093017622 0)
(3.113761061 -0.003137890267 0)
(3.113706072 -0.001783807844 0)
(3.116546807 0.001977484937 0)
(3.114736431 0.00153497253 0)
(3.114088552 0.001054612635 0)
(3.115739542 0.001147306077 0)
(3.11718072 0.001169233722 0)
(3.116972358 0.0008812365649 0)
(3.117581551 0.001333217219 0)
(3.118385321 0.001404321962 0)
(3.1186785 0.001039954183 0)
(3.119123128 0.0006869401207 0)
(3.119894248 0.0006436544563 0)
(3.121022052 -0.0002016760979 0)
(3.121490684 -0.00147408604 0)
(3.122049919 -0.001841068977 0)
(3.122294433 -0.001368657157 0)
(3.122057865 -0.0007483835335 0)
(3.121540952 0.0004243445006 0)
(3.122401528 0.000725108389 0)
(3.122272477 -0.0001912295043 0)
(3.12085722 -0.0007452284517 0)
(3.120161692 -0.0005209364687 0)
(3.121473595 -0.0005713493037 0)
(3.122517051 -0.001540197263 0)
(3.121789175 -0.001759485891 0)
(3.119871608 -0.002652214632 0)
(3.117708937 -0.003287973578 0)
(3.117489599 -0.00226410466 0)
(3.117602162 -0.0004322400412 0)
(3.117799018 0.001197875541 0)
(3.117709661 0.001122543486 0)
(3.116980075 -3.138410112e-05 0)
(3.115609762 -0.002144869584 0)
(3.114286085 -0.004202154482 0)
(3.113915859 -0.005027560031 0)
(3.113809941 -0.004803721193 0)
(3.113774384 -0.004365866103 0)
(3.113839281 -0.003527781048 0)
(3.113951301 -0.00302136783 0)
(3.113829486 -0.00203489243 0)
(3.117563935 0.001691216052 0)
(3.115662525 0.0001395711749 0)
(3.114692255 -0.0004689297776 0)
(3.116005477 -2.553458445e-05 0)
(3.117381358 6.409692994e-05 0)
(3.117063 2.279093738e-05 0)
(3.117449157 5.829060287e-05 0)
(3.118082806 0.000202362276 0)
(3.11822689 -7.28784919e-05 0)
(3.118496936 5.401173816e-05 0)
(3.119180669 6.920294604e-05 0)
(3.120219301 -0.0001668068455 0)
(3.120836331 -0.0006745817183 0)
(3.121132542 -0.001362099801 0)
(3.121171347 -0.0013884882 0)
(3.12098521 -0.000994690644 0)
(3.120624596 -0.0003660527111 0)
(3.121396016 0.0005234068459 0)
(3.121264159 -9.499106325e-05 0)
(3.120273802 -0.0007762029992 0)
(3.118767739 0.0003821911905 0)
(3.119596182 0.0003629672888 0)
(3.12086935 -0.001364551094 0)
(3.119621018 -0.001781293461 0)
(3.118220292 -0.002959986798 0)
(3.116735636 -0.003514684954 0)
(3.116610313 -0.002836224919 0)
(3.116586758 -0.001098003049 0)
(3.1168206 0.0009215238011 0)
(3.116705064 0.001040311294 0)
(3.116005337 0.0001015186675 0)
(3.114585605 -0.001880282141 0)
(3.113072684 -0.003542602743 0)
(3.112767369 -0.003980442974 0)
(3.113230703 -0.004350618151 0)
(3.113486765 -0.004149743786 0)
(3.11360252 -0.003760620269 0)
(3.113427516 -0.002787352943 0)
(3.113271985 -0.001870035239 0)
(3.118555805 -0.0004177815731 0)
(3.116484518 -0.001534100058 0)
(3.114730346 -0.001272305439 0)
(3.115742761 -0.0003831434196 0)
(3.116707585 -0.0008016258645 0)
(3.116235053 -0.001085241747 0)
(3.116173018 -0.0006785541731 0)
(3.116469999 -0.0008408774025 0)
(3.116375328 -0.00108966149 0)
(3.116543361 -0.001002807036 0)
(3.117171477 -0.001321048486 0)
(3.118029332 -0.0009944979878 0)
(3.118528892 -0.0002730891172 0)
(3.117949297 -0.0001426019589 0)
(3.117914723 -1.361482033e-05 0)
(3.117659567 -0.0007041446838 0)
(3.11735579 -0.001119727195 0)
(3.118010515 -0.00035187168 0)
(3.11807847 -0.0005475155701 0)
(3.117855428 -0.001310041499 0)
(3.115784617 0.001235592163 0)
(3.115674247 0.002097459458 0)
(3.116547151 0.0008771555362 0)
(3.115830979 -0.001443674596 0)
(3.114844607 -0.003027083305 0)
(3.113639043 -0.003542503521 0)
(3.1132538 -0.002986291261 0)
(3.113301679 -0.001426070584 0)
(3.113747088 0.0004313221236 0)
(3.113662227 0.0006776500982 0)
(3.112972024 -0.0002701739368 0)
(3.111757251 -0.002262526006 0)
(3.110344435 -0.003605286568 0)
(3.110004924 -0.003522070881 0)
(3.110688337 -0.003906550004 0)
(3.110974299 -0.004360325028 0)
(3.111024002 -0.004025938058 0)
(3.110977965 -0.003288477699 0)
(3.111041319 -0.001887465629 0)
(3.117747744 -0.001778389123 0)
(3.115291612 -0.0008339437017 0)
(3.112992949 -9.160773523e-05 0)
(3.113298721 -0.0002389455701 0)
(3.11368582 -8.208883381e-05 0)
(3.113042095 -0.0001610078623 0)
(3.112490319 -8.512768893e-05 0)
(3.112398511 -0.0003471816423 0)
(3.111950462 -0.0005540396045 0)
(3.111771347 -0.0009579425628 0)
(3.111921424 -0.001847715933 0)
(3.112466147 -0.002029396598 0)
(3.112653374 -0.001437834129 0)
(3.112156219 0.0001218108415 0)
(3.111615145 0.001033487549 0)
(3.111010448 0.0001782706439 0)
(3.110592761 -0.0006258552633 0)
(3.111001992 -0.0004375393959 0)
(3.111133616 -0.001134334953 0)
(3.111229269 -0.001250010631 0)
(3.109709564 0.001613050859 0)
(3.109462435 0.003291946676 0)
(3.110014846 0.002235511689 0)
(3.108999987 -0.0009321879342 0)
(3.1079712 -0.003290099733 0)
(3.106851976 -0.003530805934 0)
(3.106035319 -0.002366749849 0)
(3.106238487 -0.0008726417191 0)
(3.106710709 0.0003403729113 0)
(3.106589098 0.0002604705555 0)
(3.106142067 -0.000215356146 0)
(3.105104628 -0.001472137882 0)
(3.103877443 -0.002598701368 0)
(3.103657489 -0.002511510797 0)
(3.104578314 -0.002740653292 0)
(3.104739883 -0.003005328109 0)
(3.104837416 -0.002962487515 0)
(3.105025452 -0.002892966921 0)
(3.105214726 -0.002173960959 0)
(3.111704776 0.001554653967 0)
(3.109048334 0.002445592468 0)
(3.106891538 0.001234881038 0)
(3.106393064 0.001104629736 0)
(3.106252249 0.001032085233 0)
(3.105488321 0.0009383677251 0)
(3.104438679 0.0008276887241 0)
(3.103975587 0.001234982577 0)
(3.102923453 0.001318151934 0)
(3.10217408 0.0008939659523 0)
(3.101907058 0.0001029343174 0)
(3.102219696 -0.0004388149769 0)
(3.102298829 -0.001131302685 0)
(3.101461279 -0.000572544902 0)
(3.100563731 7.722420175e-05 0)
(3.099652847 -0.0002567192954 0)
(3.098986987 -0.0002739941976 0)
(3.099190609 0.0009595520362 0)
(3.099368371 5.717164047e-05 0)
(3.099464643 -0.001442043674 0)
(3.098215529 0.001084582955 0)
(3.098177922 0.003392452601 0)
(3.098527729 0.002639978697 0)
(3.09728219 -0.0006971247116 0)
(3.095948658 -0.00325132383 0)
(3.094682831 -0.003918911275 0)
(3.093745581 -0.002551430916 0)
(3.094005466 -0.001030960866 0)
(3.094384538 0.001075261995 0)
(3.094270379 0.001090834863 0)
(3.094009845 -3.143262628e-05 0)
(3.093261845 -0.001952612541 0)
(3.092292765 -0.003185551778 0)
(3.092325634 -0.002926470345 0)
(3.09354939 -0.002870152671 0)
(3.093806086 -0.00247817442 0)
(3.093913212 -0.002199015795 0)
(3.094072401 -0.001990832699 0)
(3.09423435 -0.001592386672 0)
(3.098220807 0.001965520731 0)
(3.095831124 0.001799295095 0)
(3.093629964 -0.000125658566 0)
(3.092666214 -0.001198867369 0)
(3.092440442 -0.0007919532503 0)
(3.091238951 -0.0005524157921 0)
(3.090055545 -0.000838424606 0)
(3.089602037 3.298772932e-06 0)
(3.088369635 0.0003501307485 0)
(3.086732399 0.0003247205261 0)
(3.086338444 0.0001044073316 0)
(3.086117563 0.0003427059207 0)
(3.085692217 -6.497680581e-05 0)
(3.084355171 -0.0006953211415 0)
(3.083308612 -0.00087551367 0)
(3.082177421 -0.001531542774 0)
(3.081260104 -0.00119491551 0)
(3.081628885 0.0009050429066 0)
(3.081762757 0.0005723574154 0)
(3.081710482 -0.00147208489 0)
(3.080338967 0.0003700833904 0)
(3.080340006 0.00252136409 0)
(3.080427366 0.002416573697 0)
(3.079143265 -0.000706486455 0)
(3.077705801 -0.00327044074 0)
(3.076128447 -0.004086345806 0)
(3.075045228 -0.002500501107 0)
(3.075163136 -0.001035743048 0)
(3.075794992 0.0009945016598 0)
(3.075838773 0.001185417848 0)
(3.075584206 0.0004377938919 0)
(3.074993929 -0.001276698151 0)
(3.074409863 -0.002685657443 0)
(3.074546739 -0.002329492924 0)
(3.076103302 -0.002123562609 0)
(3.076475629 -0.002301748732 0)
(3.076825125 -0.002189528028 0)
(3.077045196 -0.001970461333 0)
(3.07718252 -0.001300323036 0)
(3.073518524 0.001646368733 0)
(3.071606111 8.16791328e-05 0)
(3.07028483 -0.0004070299667 0)
(3.070074593 0.0003047246981 0)
(3.068533884 0.0003859607785 0)
(3.06754361 -4.145301248e-05 0)
(3.06723159 0.0008828720742 0)
(3.06609942 0.001291417928 0)
(3.064027811 0.0007221960726 0)
(3.063210289 0.0005725625246 0)
(3.062542057 0.0004759899218 0)
(3.061878755 9.040568394e-05 0)
(3.0602305 -0.000674944145 0)
(3.058977758 -0.0007613003068 0)
(3.057935194 -0.001454655076 0)
(3.056954792 -0.001050882856 0)
(3.057234336 0.001177783404 0)
(3.057321858 0.0006564924915 0)
(3.05746954 -0.002083184195 0)
(3.055836038 -0.001088188094 0)
(3.055898834 0.001444075304 0)
(3.055464761 0.002375930528 0)
(3.054215504 -0.0002148545313 0)
(3.052929956 -0.002749265018 0)
(3.051075016 -0.003701191946 0)
(3.049812562 -0.001988865701 0)
(3.049676294 -0.0004227513134 0)
(3.050623053 0.00129501905 0)
(3.050904483 0.001374211461 0)
(3.050822816 0.0004400901753 0)
(3.050407669 -0.001514076169 0)
(3.050097298 -0.002933233699 0)
(3.050073845 -0.002455774426 0)
(3.052075955 -0.002164765691 0)
(3.052671606 -0.00201055923 0)
(3.053265917 -0.001993149135 0)
(3.053563239 -0.001815047134 0)
(3.05369984 -0.001284430236 0)
(3.043536979 0.0007489392414 0)
(3.041742121 -0.0002190087692 0)
(3.039602514 -0.000274212489 0)
(3.039486706 0.0006701833574 0)
(3.038029662 0.000685879197 0)
(3.037158754 0.000287529008 0)
(3.0370579 0.001300287819 0)
(3.036193604 0.001901639471 0)
(3.034411207 0.001300414686 0)
(3.033263368 0.0009817501686 0)
(3.032511242 0.0005855692522 0)
(3.031635262 1.010149388e-05 0)
(3.03006904 -0.001112809584 0)
(3.028706349 -0.001326644801 0)
(3.027665483 -0.001937415193 0)
(3.026933741 -0.001195284955 0)
(3.026979112 0.001740177113 0)
(3.027364193 0.0007691050963 0)
(3.027633116 -0.002727508486 0)
(3.026267663 -0.002552870018 0)
(3.026465815 -0.0001635259596 0)
(3.025688878 0.001381988841 0)
(3.024529136 -0.0007272085725 0)
(3.023453097 -0.00294919265 0)
(3.021266547 -0.00354727714 0)
(3.02006317 -0.001780207673 0)
(3.019686455 -8.257423036e-05 0)
(3.020750275 0.001393339587 0)
(3.021270816 0.001384455303 0)
(3.021433071 0.0003509684414 0)
(3.021094471 -0.001466255292 0)
(3.020715942 -0.003059773092 0)
(3.020738276 -0.002933797557 0)
(3.02300708 -0.002123455711 0)
(3.023902622 -0.001785505471 0)
(3.024691556 -0.001589702705 0)
(3.02508129 -0.001279703309 0)
(3.025260847 -0.000960381792 0)
(3.009329512 0.0003927149505 0)
(3.007835828 -0.0003751329226 0)
(3.006087628 -0.0003858771283 0)
(3.005671998 0.0004653089397 0)
(3.004477081 0.000168476107 0)
(3.003591587 -0.0002984885859 0)
(3.003538438 0.0006148540501 0)
(3.002687154 0.001378484043 0)
(3.001182931 0.0008938872202 0)
(3.000091252 0.0003655813511 0)
(2.999606239 -0.000333933282 0)
(2.998773856 -0.0006915044598 0)
(2.997391672 -0.001256033827 0)
(2.995891798 -0.001133977369 0)
(2.994541816 -0.001525723914 0)
(2.993889862 -0.0007627564453 0)
(2.993968368 0.002004948488 0)
(2.99473753 0.0005335422742 0)
(2.994668987 -0.003223390417 0)
(2.994182459 -0.003264928565 0)
(2.994875042 -0.0009195405897 0)
(2.994488388 0.0008239461089 0)
(2.993305032 -0.0006982102875 0)
(2.992325598 -0.002656933716 0)
(2.989904375 -0.002971631593 0)
(2.98900324 -0.001540859218 0)
(2.988505874 0.0003687189902 0)
(2.989574502 0.001489596371 0)
(2.990196962 0.001324997929 0)
(2.990492896 0.0001902688963 0)
(2.990143931 -0.001719248854 0)
(2.989716403 -0.003304274126 0)
(2.989712456 -0.003420668844 0)
(2.991926991 -0.002458481013 0)
(2.992975493 -0.001794887797 0)
(2.993875411 -0.001630997204 0)
(2.994518787 -0.001103171917 0)
(2.994684828 -0.0007388872891 0)
(2.976519615 0.001031450934 0)
(2.975622359 0.0004507281079 0)
(2.974303465 0.0001032537415 0)
(2.973515831 0.0003978674506 0)
(2.972391774 -0.0002307481853 0)
(2.971441541 -0.0006815360398 0)
(2.971365601 0.0002060139435 0)
(2.97039428 0.001060267885 0)
(2.969069501 0.0006884307432 0)
(2.968036087 -0.0001295818843 0)
(2.967404084 -0.001147547267 0)
(2.96714645 -0.001360863445 0)
(2.966088604 -0.000983254077 0)
(2.964645449 -0.0002157761814 0)
(2.963247498 -0.0004086861113 0)
(2.96273714 -0.0003656437442 0)
(2.963174479 0.001729607214 0)
(2.963428075 0.000131937139 0)
(2.963161933 -0.003559898839 0)
(2.962930922 -0.003374557644 0)
(2.963811863 -0.001235759311 0)
(2.964392918 0.001011376878 0)
(2.963839968 1.525088982e-05 0)
(2.962741879 -0.001679832401 0)
(2.960606978 -0.001888099227 0)
(2.959982292 -0.001070443792 0)
(2.959620229 0.0007164057152 0)
(2.96058378 0.00147646291 0)
(2.961046264 0.001272090704 0)
(2.961247059 7.329748027e-05 0)
(2.960941493 -0.001953761423 0)
(2.960771462 -0.003346448526 0)
(2.960588397 -0.003226463971 0)
(2.962079948 -0.001890157204 0)
(2.963260803 -0.001253850811 0)
(2.964160255 -0.001099068281 0)
(2.965027341 -0.0007004509969 0)
(2.965207058 -0.0004335282219 0)
(2.948887134 0.001824037306 0)
(2.947678659 0.001071442761 0)
(2.946129672 0.0005363867221 0)
(2.945160553 0.0004313904637 0)
(2.944327472 -6.805226621e-05 0)
(2.943498226 -0.0003606271397 0)
(2.943525594 0.0005920285348 0)
(2.942702985 0.001607564899 0)
(2.941593062 0.001445061162 0)
(2.940670965 0.0005315839466 0)
(2.939817635 -0.0004255357556 0)
(2.939762677 -0.0006159292167 0)
(2.939182106 -0.000391085347 0)
(2.93829642 0.0005534948259 0)
(2.937647098 0.0002478692484 0)
(2.937352344 -0.0002035756872 0)
(2.937798049 0.001407490178 0)
(2.937489386 0.0003290481506 0)
(2.937094814 -0.003166552066 0)
(2.937125207 -0.002487732193 0)
(2.937927144 -0.0008967685182 0)
(2.938217799 0.000971425043 0)
(2.938251504 0.0005956524982 0)
(2.937151485 -0.0008837006567 0)
(2.936262702 -0.001220174564 0)
(2.935872767 -0.000687361741 0)
(2.936097359 0.0007835011644 0)
(2.93661045 0.001365965298 0)
(2.936845811 0.001177901275 0)
(2.936697498 -6.421992556e-05 0)
(2.936147584 -0.00213501129 0)
(2.936070296 -0.003222676515 0)
(2.936154379 -0.00266586937 0)
(2.936715068 -0.001215948556 0)
(2.938018921 -0.0005798650857 0)
(2.938622218 -0.0002747956675 0)
(2.939304226 -6.434248205e-05 0)
(2.939596563 0.0001368069008 0)
(2.926098666 0.002085857113 0)
(2.924680589 0.001334888278 0)
(2.922841658 0.0005227017884 0)
(2.922208012 0.0002617914032 0)
(2.921555388 0.0001426155226 0)
(2.921160376 5.959342768e-05 0)
(2.921292932 0.001024794051 0)
(2.920874671 0.002174753145 0)
(2.920097937 0.00227080758 0)
(2.919418164 0.001600717798 0)
(2.918722534 0.0007835991734 0)
(2.918706549 0.0004586858031 0)
(2.918563055 0.0003367373508 0)
(2.918179302 0.0005371035511 0)
(2.917821265 -6.767159195e-07 0)
(2.917421228 -0.0003669660037 0)
(2.917909423 0.001473423426 0)
(2.917908651 0.0008742672985 0)
(2.917317086 -0.002231712233 0)
(2.918083164 -0.001271835583 0)
(2.9191786 8.880560255e-05 0)
(2.91910549 0.0009862864987 0)
(2.91861913 0.0003572996697 0)
(2.917941314 -0.0009131653034 0)
(2.917626091 -0.001227673351 0)
(2.91752204 -0.0006442046974 0)
(2.917957611 0.0006891971713 0)
(2.91822341 0.001298547715 0)
(2.918316555 0.001089171957 0)
(2.91789945 -0.0001278469473 0)
(2.917034096 -0.002094778514 0)
(2.916738549 -0.003045625877 0)
(2.916983041 -0.002312813257 0)
(2.917244764 -0.0007332079711 0)
(2.918217452 6.215136167e-05 0)
(2.918618759 0.0004677642984 0)
(2.918840531 0.0005396098603 0)
(2.919041315 0.0006534711201 0)
(2.905789474 0.000877156116 0)
(2.904337627 -3.717565571e-05 0)
(2.90430928 0.0002294334541 0)
(2.904138276 5.537219253e-05 0)
(2.903898313 -0.0001167576896 0)
(2.904051844 0.0007204875204 0)
(2.903930171 0.001795231468 0)
(2.903404577 0.002194274302 0)
(2.903002498 0.001859985609 0)
(2.902814525 0.001431166479 0)
(2.902822239 0.001205938612 0)
(2.903034004 0.0008909460639 0)
(2.902861017 0.0005909199225 0)
(2.902267715 -0.0006939480614 0)
(2.901809116 -0.001222116811 0)
(2.902865196 0.001144213864 0)
(2.903065672 0.0009540793858 0)
(2.902697087 -0.001525304885 0)
(2.903473946 -0.000926158102 0)
(2.904656875 0.0003648615793 0)
(2.905051304 0.001184478469 0)
(2.904502022 0.0001253484128 0)
(2.903815143 -0.001088946967 0)
(2.903158147 -0.001515369173 0)
(2.902886077 -0.00118290797 0)
(2.903335278 0.000123785278 0)
(2.90365509 0.0008017285788 0)
(2.903789392 0.0007970311557 0)
(2.903501314 -0.0001900242239 0)
(2.902696485 -0.001875956495 0)
(2.902252866 -0.002680133849 0)
(2.902245808 -0.001966858433 0)
(2.902468722 -0.0003851556712 0)
(2.903022315 0.0004296042204 0)
(2.903285228 0.0008791712462 0)
(2.903288384 0.0009539024104 0)
(2.903252818 0.001037847549 0)
(2.903060423 0.0006135351317 0)
(2.889230701 0.000471159916 0)
(2.888709976 -8.154124007e-05 0)
(2.88912629 0.0004763577156 0)
(2.889581317 0.0003666769882 0)
(2.889266437 -0.0001612040001 0)
(2.889439242 0.0004479866057 0)
(2.889508535 0.001187048089 0)
(2.889468295 0.00191695271 0)
(2.889337699 0.001683701778 0)
(2.889554582 0.00143938268 0)
(2.889678058 0.001166638929 0)
(2.889740235 0.0005447302857 0)
(2.889564699 -0.0002539717933 0)
(2.889014802 -0.001584630517 0)
(2.888878894 -0.001685972425 0)
(2.890458022 0.001325545022 0)
(2.890763409 0.001409663508 0)
(2.890687177 -0.0009819542987 0)
(2.891025445 -0.0008241378194 0)
(2.892118176 0.000664964939 0)
(2.89245663 0.001031326802 0)
(2.89244481 -0.0002197557463 0)
(2.89147717 -0.00163787253 0)
(2.890653513 -0.002234720641 0)
(2.890384242 -0.002095108128 0)
(2.89105825 -0.0006526689002 0)
(2.89127789 7.342245613e-05 0)
(2.891564504 0.0002406908378 0)
(2.891547376 -0.0005540615125 0)
(2.89093542 -0.002047396431 0)
(2.890526821 -0.002714982861 0)
(2.890282615 -0.002106678907 0)
(2.890309451 -0.0006431468448 0)
(2.890796675 0.0004195778885 0)
(2.89091533 0.001012020719 0)
(2.890981351 0.001439146233 0)
(2.891017175 0.001573260348 0)
(2.890733724 0.001132570182 0)
(2.873674214 0.0009340554242 0)
(2.87379219 0.0003130509125 0)
(2.874150337 0.000773214261 0)
(2.874862551 0.0003224786651 0)
(2.874602077 -0.0005212723579 0)
(2.874734327 -0.0002179607254 0)
(2.875225767 0.0007352443337 0)
(2.875731107 0.001385479094 0)
(2.875774661 0.0009760288019 0)
(2.875941376 0.0006093655488 0)
(2.876138441 0.0001954330108 0)
(2.876385884 -0.000341450334 0)
(2.876503223 -0.001069147155 0)
(2.876429386 -0.002129358257 0)
(2.876672058 -0.001600463296 0)
(2.878469671 0.001513170993 0)
(2.878832407 0.00159145709 0)
(2.878622449 -0.001208999214 0)
(2.878799509 -0.001370308838 0)
(2.879961425 0.0001185656584 0)
(2.880242429 0.0006274624041 0)
(2.880329107 -0.0007190814514 0)
(2.879329533 -0.002408888761 0)
(2.878717969 -0.003180778881 0)
(2.878615446 -0.003281699719 0)
(2.879594411 -0.001626285452 0)
(2.879736389 -0.0008862947671 0)
(2.880062814 -0.0003429048691 0)
(2.880184579 -0.0007465902586 0)
(2.87986003 -0.001851534073 0)
(2.879712651 -0.002293199128 0)
(2.879645681 -0.001732078242 0)
(2.879545058 -0.0005338399662 0)
(2.879799359 0.0006678571039 0)
(2.879913732 0.001443537704 0)
(2.880077562 0.001649693595 0)
(2.880400805 0.001830246515 0)
(2.880442305 0.001533778017 0)
(2.857804982 0.0009320310359 0)
(2.858417498 0.0004831676551 0)
(2.858695311 0.0008881901753 0)
(2.859697466 0.0004519249762 0)
(2.859900725 -0.0004095162566 0)
(2.860061184 -0.000146992303 0)
(2.861063635 0.0008085990511 0)
(2.86181806 0.001338069368 0)
(2.86186493 0.0007701125478 0)
(2.862096846 7.489923715e-05 0)
(2.862472764 -0.0005910471 0)
(2.863199915 -0.0008819102212 0)
(2.863786385 -0.0005870072271 0)
(2.864147549 -0.0009365459874 0)
(2.864740835 -0.0003705914132 0)
(2.866394479 0.002455259006 0)
(2.866510731 0.002021789224 0)
(2.865874499 -0.001378439581 0)
(2.866067657 -0.001712559318 0)
(2.867443868 8.038853289e-05 0)
(2.867773893 0.0001659891895 0)
(2.867929965 -0.0007926434067 0)
(2.867296886 -0.002684887972 0)
(2.867065176 -0.003285896853 0)
(2.867063429 -0.003142515191 0)
(2.86813387 -0.001455600783 0)
(2.86829294 -0.0008326127154 0)
(2.868548532 -0.0005300752317 0)
(2.868621957 -0.001199484517 0)
(2.868814554 -0.002194887038 0)
(2.868969747 -0.002504499467 0)
(2.868727938 -0.002272412969 0)
(2.8683674 -0.001260618294 0)
(2.868564421 0.0006031550402 0)
(2.869481593 0.001815418605 0)
(2.869697509 0.002280414244 0)
(2.870213292 0.002247207016 0)
(2.870564937 0.001513625492 0)
(2.842896452 0.00182085125 0)
(2.843759013 0.00122733507 0)
(2.84443296 0.001138514668 0)
(2.845897714 0.0007997972117 0)
(2.846573573 -0.0001872983751 0)
(2.846802618 -2.766711438e-06 0)
(2.847845444 0.001037096555 0)
(2.8486439 0.001805224559 0)
(2.848769345 0.001368923648 0)
(2.849733843 0.0008282495622 0)
(2.850774021 0.0002075731004 0)
(2.851539443 -7.364108818e-05 0)
(2.852115047 2.294410808e-05 0)
(2.85226396 -0.0005007761746 0)
(2.852489185 -0.0006154147086 0)
(2.854081636 0.001672978518 0)
(2.854208497 0.001018956525 0)
(2.854170878 -0.002397198424 0)
(2.854592957 -0.002774630328 0)
(2.85602498 -0.0009437140486 0)
(2.856340141 -8.990912709e-05 0)
(2.856430271 -0.0007674060829 0)
(2.856280317 -0.002357640027 0)
(2.856431623 -0.002745078214 0)
(2.856502642 -0.002600865916 0)
(2.857500704 -0.001474027122 0)
(2.857687971 -0.001019023515 0)
(2.857805363 -0.0008354823426 0)
(2.857730447 -0.001554437415 0)
(2.858344252 -0.002037866393 0)
(2.858367889 -0.002274604521 0)
(2.857913321 -0.001908891019 0)
(2.857413113 -0.0008951427645 0)
(2.857766548 0.0009988410272 0)
(2.85919992 0.001964655758 0)
(2.859535419 0.002112144112 0)
(2.860180777 0.002159650698 0)
(2.860813713 0.001719333617 0)
(2.832610234 0.001880415396 0)
(2.833093452 0.001054017252 0)
(2.834448262 0.0007574776935 0)
(2.835990928 0.0006274234805 0)
(2.83666333 -0.0003154937396 0)
(2.837008572 -0.0002027379141 0)
(2.837584623 0.001047493662 0)
(2.838217806 0.002310518955 0)
(2.83831767 0.002027688086 0)
(2.839229983 0.001092569725 0)
(2.840530352 2.63105423e-05 0)
(2.841545948 -0.0001784312771 0)
(2.842429749 0.0002229454747 0)
(2.842295831 0.0001467850473 0)
(2.84199463 6.497032152e-05 0)
(2.843703909 0.002217512633 0)
(2.844008173 0.0009182845428 0)
(2.844724342 -0.003205441701 0)
(2.845515757 -0.003267996234 0)
(2.846995355 -0.001464052781 0)
(2.847373729 -0.001025219237 0)
(2.847400873 -0.001202558386 0)
(2.847204136 -0.002241114505 0)
(2.84737855 -0.002591698618 0)
(2.847397143 -0.002132142093 0)
(2.848604112 -0.001244036839 0)
(2.849027424 -0.000972404493 0)
(2.849288133 -0.001257429061 0)
(2.849459661 -0.00245475794 0)
(2.84927833 -0.003192059766 0)
(2.849201004 -0.002889340928 0)
(2.84912545 -0.002149253286 0)
(2.849008748 -0.0008381434803 0)
(2.849331238 0.001369884159 0)
(2.850348283 0.002569111511 0)
(2.85082268 0.002885771249 0)
(2.851382852 0.002654461368 0)
(2.852203726 0.001937410621 0)
(2.828087158 0.001335675195 0)
(2.827803121 7.622518988e-05 0)
(2.829206934 -0.0004663758154 0)
(2.830682662 -0.0003334614223 0)
(2.831335753 -0.0008937364761 0)
(2.832018033 -0.0009154565842 0)
(2.832530478 0.0004803261437 0)
(2.832749575 0.002129533733 0)
(2.832566595 0.00217234501 0)
(2.832987802 0.001993159531 0)
(2.8339317 0.001476997605 0)
(2.835151024 0.0008822300367 0)
(2.83638154 0.0005339729441 0)
(2.836596991 -7.719485737e-05 0)
(2.836543582 -0.0005737508627 0)
(2.838080034 0.001697124659 0)
(2.838152732 0.0007026993104 0)
(2.838541033 -0.003017255489 0)
(2.839655242 -0.003193015556 0)
(2.841447431 -0.001914957879 0)
(2.842100422 -0.001517377905 0)
(2.842182062 -0.001804048311 0)
(2.841650324 -0.002100195143 0)
(2.841595233 -0.002081111048 0)
(2.841387774 -0.001659895706 0)
(2.842778034 -0.001212297959 0)
(2.843381318 -0.001127947263 0)
(2.843833092 -0.001761737284 0)
(2.844235266 -0.003437582005 0)
(2.843161714 -0.003380779486 0)
(2.843192652 -0.003264272998 0)
(2.843435748 -0.00232012298 0)
(2.843674976 -0.001033480153 0)
(2.844100642 0.001258120934 0)
(2.844768556 0.00303411809 0)
(2.845093127 0.002917378647 0)
(2.845402993 0.002802288275 0)
(2.845940783 0.002273093371 0)
(2.827824579 -0.0004934110007 0)
(2.828800665 -0.0005153534007 0)
(2.830215876 -0.0003219059043 0)
(2.831035627 -0.0008773323951 0)
(2.832058901 -0.001314820723 0)
(2.832827063 -0.0002913416303 0)
(2.832857905 0.001549686596 0)
(2.832523241 0.0017679036 0)
(2.832817022 0.001669954243 0)
(2.833688806 0.001369993189 0)
(2.834669403 0.0009854180958 0)
(2.835975415 0.0004854480031 0)
(2.8368069 -0.0008017704646 0)
(2.837141983 -0.001592013639 0)
(2.838176499 0.001080947513 0)
(2.83779699 0.0005932454794 0)
(2.837348501 -0.002274756242 0)
(2.838336853 -0.002197262212 0)
(2.840443754 -0.001537874618 0)
(2.841241861 -0.001663512864 0)
(2.841537214 -0.002081100746 0)
(2.840838477 -0.001978400221 0)
(2.840649305 -0.001845082622 0)
(2.840267514 -0.001202007119 0)
(2.841429262 -0.000973753807 0)
(2.841914618 -0.001076470933 0)
(2.842312629 -0.002084768739 0)
(2.842566868 -0.004000048264 0)
(2.841511143 -0.003996690788 0)
(2.841402817 -0.003743218501 0)
(2.841577149 -0.002505904317 0)
(2.841864459 -0.001110916813 0)
(2.842426998 0.001114615222 0)
(2.842968346 0.003164182618 0)
(2.843040928 0.003538365682 0)
(2.843084516 0.003168682756 0)
(2.843276432 0.002636651498 0)
(2.832847841 0.0004185788931 0)
(2.833553812 0.0004515735782 0)
(2.834908497 0.0004349953021 0)
(2.835819936 -0.0002806536429 0)
(2.836896862 -0.0007504125225 0)
(2.837584344 -0.0001419469622 0)
(2.837902624 0.001107653052 0)
(2.837704968 0.001238251762 0)
(2.838066181 0.0009987807034 0)
(2.838981565 0.0007725749088 0)
(2.840071112 0.0004223452253 0)
(2.841296508 -0.000336755361 0)
(2.841873261 -0.00169634922 0)
(2.84197432 -0.001907399903 0)
(2.842655933 0.001255104204 0)
(2.842135343 0.001093218689 0)
(2.841279519 -0.001539177717 0)
(2.841783708 -0.001568129112 0)
(2.84370557 -0.0009700318745 0)
(2.844390935 -0.001313425854 0)
(2.844865317 -0.001955260593 0)
(2.844418997 -0.001940135392 0)
(2.844111114 -0.001766042097 0)
(2.843647386 -0.001270204956 0)
(2.844390753 -0.001425180658 0)
(2.844736781 -0.001524765477 0)
(2.844962105 -0.002509381081 0)
(2.844960622 -0.004362486378 0)
(2.843978182 -0.004416102214 0)
(2.843938959 -0.004132406079 0)
(2.843911403 -0.002807219244 0)
(2.843826655 -0.001236704513 0)
(2.844198945 0.0009116700481 0)
(2.844663227 0.003257325762 0)
(2.844550734 0.003776594131 0)
(2.844395267 0.003331732355 0)
(2.844539147 0.002835568268 0)
(2.842114167 0.001175706542 0)
(2.842621225 0.000980883546 0)
(2.843826233 0.0007946491043 0)
(2.844714325 -2.298644871e-05 0)
(2.845753926 -0.0004822577853 0)
(2.846270733 -3.150713039e-05 0)
(2.846509649 0.0008998480266 0)
(2.846106285 0.0009642103772 0)
(2.8463775 0.0004630577212 0)
(2.847130477 8.966601799e-05 0)
(2.848207832 -0.000324652118 0)
(2.849383432 -0.0005787302881 0)
(2.849266951 -0.001247882064 0)
(2.848894481 -0.001224234416 0)
(2.849604389 0.002034874531 0)
(2.849251846 0.001857938395 0)
(2.848653372 -0.0008518941954 0)
(2.84905044 -0.0007225056295 0)
(2.850276738 8.338222322e-06 0)
(2.850600807 -0.0004768938999 0)
(2.850973707 -0.001643831525 0)
(2.850814454 -0.002054825486 0)
(2.850498308 -0.001880090791 0)
(2.85013265 -0.001763704121 0)
(2.850423754 -0.002179575423 0)
(2.850683422 -0.002432829821 0)
(2.850724703 -0.003395671141 0)
(2.850433259 -0.005014444052 0)
(2.849383069 -0.004558454624 0)
(2.849409219 -0.004135255523 0)
(2.849466315 -0.002921915886 0)
(2.849220559 -0.00114962907 0)
(2.849060973 0.0008050162679 0)
(2.849174091 0.00332655805 0)
(2.849062904 0.004037728147 0)
(2.848861634 0.003497183711 0)
(2.84920778 0.002675552739 0)
(2.853668778 0.001738030087 0)
(2.85363068 0.001132543072 0)
(2.854376116 0.0007120192222 0)
(2.855003768 -0.0003092187914 0)
(2.856060344 -0.0005216872889 0)
(2.85651685 -7.440243081e-05 0)
(2.856460706 0.001003607815 0)
(2.855786509 0.00161845863 0)
(2.855527664 0.0009377720359 0)
(2.856182213 6.008311996e-05 0)
(2.857016375 -0.0004164611744 0)
(2.858078908 -0.0002659477035 0)
(2.857973801 -0.0005141809275 0)
(2.85765095 -0.0005044733162 0)
(2.858317226 0.002600237958 0)
(2.858125151 0.00220653068 0)
(2.857739085 -0.0008375412332 0)
(2.858048049 -0.0006960396998 0)
(2.858680713 0.0003283340963 0)
(2.858709775 7.446075219e-05 0)
(2.85870876 -0.001220975611 0)
(2.85836187 -0.002094928341 0)
(2.858110945 -0.002294351397 0)
(2.857831694 -0.002699581833 0)
(2.858009586 -0.002994662797 0)
(2.858149193 -0.003075373582 0)
(2.857949631 -0.003621028179 0)
(2.857485488 -0.004867501446 0)
(2.85613574 -0.004206645678 0)
(2.856061617 -0.003806673425 0)
(2.856250901 -0.002853029498 0)
(2.856385251 -0.0008772257489 0)
(2.856020251 0.0009531025616 0)
(2.855758265 0.003417423618 0)
(2.855631688 0.004116274373 0)
(2.855455656 0.00343743926 0)
(2.855889201 0.00233509857 0)
(2.86401865 0.001344445127 0)
(2.863388192 0.0003861473081 0)
(2.863794744 -8.757087462e-05 0)
(2.864220902 -0.001135456836 0)
(2.86512381 -0.001184841905 0)
(2.865445955 -0.0006968306309 0)
(2.865519685 0.0006369925247 0)
(2.865504693 0.002423373959 0)
(2.864955143 0.00189259939 0)
(2.865227719 0.0008911635676 0)
(2.865803577 3.247153138e-05 0)
(2.866658861 0.0001097268404 0)
(2.866869604 0.0001512098245 0)
(2.866496954 0.0002085245124 0)
(2.867083089 0.002956074881 0)
(2.866670087 0.001586165454 0)
(2.865566836 -0.002465665479 0)
(2.865959191 -0.002021858458 0)
(2.866813071 -6.158123498e-05 0)
(2.866760634 -0.0001570694926 0)
(2.866647186 -0.001332567798 0)
(2.865907658 -0.00229231778 0)
(2.865556472 -0.00274206266 0)
(2.865105136 -0.003256798554 0)
(2.865184567 -0.003121867404 0)
(2.865191841 -0.003092285328 0)
(2.864786235 -0.003470278862 0)
(2.864404848 -0.004432065306 0)
(2.863196749 -0.00383067773 0)
(2.863135288 -0.003511738943 0)
(2.863316817 -0.002802069357 0)
(2.863801085 -0.0007519586054 0)
(2.863546846 0.0008591324824 0)
(2.863304083 0.002960682269 0)
(2.863054228 0.00383805099 0)
(2.862845443 0.003202612046 0)
(2.863014609 0.002459819062 0)
(2.87236379 0.0005102269716 0)
(2.871485996 -0.0003418306562 0)
(2.87176437 -0.0006824349052 0)
(2.872088282 -0.001689577702 0)
(2.872844786 -0.001719883246 0)
(2.87306645 -0.001314146862 0)
(2.873357888 0.0001082358392 0)
(2.873792483 0.002415831583 0)
(2.873600735 0.00253615774 0)
(2.873348879 0.001897128438 0)
(2.873331475 0.0008263073388 0)
(2.87383585 0.0004354120094 0)
(2.874209516 0.0003006463671 0)
(2.874049939 0.0001556628649 0)
(2.874541469 0.002552937653 0)
(2.873649504 0.0003584525851 0)
(2.87172585 -0.004016194366 0)
(2.87204561 -0.003328132018 0)
(2.873183963 -0.0007180624679 0)
(2.87328366 -0.0007728445089 0)
(2.873282038 -0.001830300172 0)
(2.872498617 -0.002670206457 0)
(2.872059664 -0.002994083659 0)
(2.871298323 -0.003159062447 0)
(2.871326525 -0.003076000074 0)
(2.871270798 -0.003155750528 0)
(2.870960658 -0.003531960566 0)
(2.870811509 -0.004428635874 0)
(2.869903732 -0.003573045952 0)
(2.869848023 -0.003110199002 0)
(2.870030158 -0.002496657212 0)
(2.870541469 -0.001088494049 0)
(2.870746241 0.0001732031979 0)
(2.870650707 0.001785530501 0)
(2.870298004 0.002958259346 0)
(2.869959783 0.00285022762 0)
(2.869666013 0.002743380213 0)
(2.878565267 -0.0003598691748 0)
(2.878774839 -0.0004928361117 0)
(2.879008574 -0.001367144247 0)
(2.879715646 -0.001615811391 0)
(2.879964229 -0.001395335936 0)
(2.88020797 -0.0002757916333 0)
(2.880222071 0.001629087418 0)
(2.88022877 0.002172056397 0)
(2.880118659 0.002077161341 0)
(2.879982634 0.001360527399 0)
(2.879950808 0.0005319154436 0)
(2.879812406 3.266894327e-05 0)
(2.879729897 -0.0004443827354 0)
(2.880069326 0.001770122392 0)
(2.878926517 -0.0005194827016 0)
(2.877098487 -0.004636523232 0)
(2.877501428 -0.003600089215 0)
(2.878403431 -0.001028565779 0)
(2.878415326 -0.001362376799 0)
(2.878169383 -0.002411628225 0)
(2.877772808 -0.002999915185 0)
(2.877233797 -0.002950983208 0)
(2.876655228 -0.002835800549 0)
(2.876726637 -0.002716085947 0)
(2.876902542 -0.002532491601 0)
(2.876893921 -0.002874876957 0)
(2.876987842 -0.003777862392 0)
(2.875813062 -0.003127829496 0)
(2.875732881 -0.00272718523 0)
(2.875827514 -0.002274651205 0)
(2.876036253 -0.001721813034 0)
(2.876582489 -0.0008434666474 0)
(2.876596009 0.0002216776131 0)
(2.87637773 0.001515285573 0)
(2.875825663 0.002325672001 0)
(2.87547636 0.002956944859 0)
(2.875537367 0.00289110817 0)
(2.885555821 0.0005901311239 0)
(2.885675394 0.0004820952532 0)
(2.885878821 -0.000362984304 0)
(2.886501199 -0.0008869720058 0)
(2.886732722 -0.001076315024 0)
(2.886692203 -0.0003982846872 0)
(2.886089977 0.000857839666 0)
(2.885508025 0.001279447664 0)
(2.885249257 0.001212669642 0)
(2.885422713 0.0009979892428 0)
(2.885533922 0.0006059001751 0)
(2.885035631 -0.0003456816961 0)
(2.884216138 -0.001227829203 0)
(2.884352974 0.001281606912 0)
(2.883510834 -0.0005613969631 0)
(2.882306714 -0.004251459293 0)
(2.882786965 -0.003078630495 0)
(2.883454381 -0.0005253586452 0)
(2.883153673 -0.001639165767 0)
(2.882742222 -0.002879633021 0)
(2.882374762 -0.003335619389 0)
(2.882034985 -0.002817429517 0)
(2.881968794 -0.001977624695 0)
(2.882024108 -0.00168370358 0)
(2.88213226 -0.001526480136 0)
(2.882036109 -0.002005443084 0)
(2.882012775 -0.002920728601 0)
(2.880969857 -0.002886796557 0)
(2.880906627 -0.002554710202 0)
(2.880885639 -0.002193207968 0)
(2.880996339 -0.002160924697 0)
(2.881183282 -0.001694613122 0)
(2.881308327 -0.001084097152 0)
(2.881214429 0.0003206349884 0)
(2.88074763 0.002029363699 0)
(2.880724597 0.003242358805 0)
(2.880837872 0.003280825099 0)
(2.89326183 0.001445305156 0)
(2.89313367 0.001231006525 0)
(2.893372836 0.0003927292465 0)
(2.893899122 -0.0002744289187 0)
(2.894011943 -0.0005705352541 0)
(2.893827117 4.199978237e-05 0)
(2.892792824 0.001013797337 0)
(2.891679335 0.001296665658 0)
(2.891174741 0.001007111952 0)
(2.891158558 0.0007063830186 0)
(2.891173571 0.0003989917624 0)
(2.890721392 -0.0004656233823 0)
(2.890026338 -0.001019495623 0)
(2.890029048 0.001642382902 0)
(2.889336655 2.128213434e-05 0)
(2.888157367 -0.003238561194 0)
(2.888599257 -0.001979595057 0)
(2.889253154 -0.000151137655 0)
(2.88874539 -0.001447404525 0)
(2.888247713 -0.002962330752 0)
(2.887898826 -0.003018384903 0)
(2.887848227 -0.002175658539 0)
(2.887823881 -0.001119609315 0)
(2.887566048 -0.0007261240943 0)
(2.887362049 -0.0007375136996 0)
(2.887024235 -0.001578453979 0)
(2.88666819 -0.003068457968 0)
(2.886010673 -0.002992376051 0)
(2.885926586 -0.002709981033 0)
(2.885881565 -0.002336167654 0)
(2.886026494 -0.002277880008 0)
(2.885946272 -0.002060898457 0)
(2.886000906 -0.001519698363 0)
(2.886022248 2.533182926e-05 0)
(2.885880463 0.002004726108 0)
(2.885855698 0.003443774348 0)
(2.885848551 0.003478358645 0)
(2.901147682 0.001951435804 0)
(2.900809889 0.001342849541 0)
(2.901030837 0.000446743124 0)
(2.901440548 -0.0001909738329 0)
(2.901527869 -0.0006668400782 0)
(2.90134173 5.111957454e-05 0)
(2.900305026 0.0009780155771 0)
(2.899193282 0.000999732178 0)
(2.898546376 0.0004650053293 0)
(2.898332847 9.623852712e-05 0)
(2.898207693 0.0005498578757 0)
(2.897963347 0.0001270205517 0)
(2.897640484 -0.0001813768487 0)
(2.897594559 0.002579618826 0)
(2.896525798 0.001031858989 0)
(2.894979341 -0.002303305906 0)
(2.895507984 -0.001151308933 0)
(2.89618734 0.0001353874274 0)
(2.895719731 -0.001137232907 0)
(2.895168949 -0.002899286189 0)
(2.89493885 -0.002621453793 0)
(2.894658933 -0.001718208862 0)
(2.894170649 -0.0007909926789 0)
(2.893678751 -0.0007276508387 0)
(2.893491584 -0.001022813884 0)
(2.893031491 -0.00192220989 0)
(2.89262641 -0.003540674874 0)
(2.891831533 -0.003500309926 0)
(2.891522903 -0.003197114259 0)
(2.891533337 -0.002744056082 0)
(2.891775224 -0.00234471245 0)
(2.891663127 -0.002268064255 0)
(2.891565743 -0.001699428695 0)
(2.891642652 -3.288133311e-05 0)
(2.891644642 0.001990776938 0)
(2.891322045 0.003439248926 0)
(2.891105277 0.003391688049 0)
(2.908983481 0.00123191774 0)
(2.908594676 0.000739280511 0)
(2.908741906 -0.0001110942807 0)
(2.909043092 -0.0006319252914 0)
(2.909209263 -0.0008432745641 0)
(2.909061814 8.685682198e-05 0)
(2.907850284 0.001508119996 0)
(2.906913301 0.001793633884 0)
(2.906198874 0.001285365319 0)
(2.906148664 0.0006211404127 0)
(2.906026374 0.0006026907076 0)
(2.905987477 0.0003778492363 0)
(2.905600613 0.0005377544659 0)
(2.90541688 0.003185193985 0)
(2.904179135 0.001456688432 0)
(2.902746701 -0.001880832216 0)
(2.903395487 -0.0005533362354 0)
(2.904115472 0.0004403050155 0)
(2.903625829 -0.0008485305726 0)
(2.902970237 -0.002553586176 0)
(2.902601435 -0.002436655765 0)
(2.902055234 -0.001652852547 0)
(2.901309841 -0.0008047684115 0)
(2.900880695 -0.001041408816 0)
(2.900650349 -0.001589918099 0)
(2.900121226 -0.002449408226 0)
(2.899632238 -0.004253124328 0)
(2.898805292 -0.004103258558 0)
(2.8981589 -0.003388142685 0)
(2.89825461 -0.002835571675 0)
(2.898495735 -0.002181224167 0)
(2.898477458 -0.002002787455 0)
(2.898367658 -0.001640560764 0)
(2.898112326 -0.00024467586 0)
(2.897940639 0.001692603738 0)
(2.897440648 0.00304799581 0)
(2.896864704 0.003118640387 0)
(2.916673836 0.0001770668836 0)
(2.916145371 -0.0003098732371 0)
(2.916201417 -0.001190996193 0)
(2.916387872 -0.001703995466 0)
(2.91656447 -0.001987589161 0)
(2.916481488 -0.001106556384 0)
(2.915428972 0.0008667861027 0)
(2.91405114 0.002293129418 0)
(2.913449581 0.001755626349 0)
(2.913447024 0.0006868990592 0)
(2.913589665 0.0006709946768 0)
(2.913660022 0.0005641281239 0)
(2.913458899 0.0004672108167 0)
(2.913503617 0.003323011243 0)
(2.912159244 0.001267984868 0)
(2.910600464 -0.002408999958 0)
(2.911336816 -0.0009803546815 0)
(2.911919872 0.0004236335602 0)
(2.911572728 -0.0004655725363 0)
(2.910878519 -0.002207104604 0)
(2.910579866 -0.002196836661 0)
(2.910038734 -0.001778177742 0)
(2.909115646 -0.001404482161 0)
(2.908571996 -0.001823801713 0)
(2.908260559 -0.002446754528 0)
(2.907769934 -0.00317498894 0)
(2.90729473 -0.005022062716 0)
(2.906439873 -0.004851222571 0)
(2.905829831 -0.003507474159 0)
(2.906003799 -0.002779227387 0)
(2.90600283 -0.002056560064 0)
(2.906008568 -0.002102961359 0)
(2.905898099 -0.001946192356 0)
(2.905303607 -0.0009974965277 0)
(2.904604519 0.0006456627061 0)
(2.903852914 0.002099971363 0)
(2.903462395 0.002903976402 0)
(2.923321931 -8.363816679e-05 0)
(2.922772001 -0.00016616364 0)
(2.922661336 -0.001039436035 0)
(2.922739628 -0.001792628658 0)
(2.923050791 -0.00197258974 0)
(2.92309412 -0.001440295907 0)
(2.922529168 0.000367760914 0)
(2.921011329 0.0024315019 0)
(2.920116159 0.002163281672 0)
(2.919800909 0.001431399879 0)
(2.92065255 0.0008618297002 0)
(2.920964281 0.0003602949349 0)
(2.921103518 0.0002205287116 0)
(2.921459019 0.002824041366 0)
(2.920229003 0.0005318385146 0)
(2.918589488 -0.002946084832 0)
(2.91919589 -0.001354358666 0)
(2.919606718 0.0007390616962 0)
(2.91931724 -0.0002462508722 0)
(2.91862884 -0.00210590525 0)
(2.918419801 -0.002263078578 0)
(2.917891234 -0.002061892404 0)
(2.916997895 -0.001768760788 0)
(2.916416308 -0.002309752191 0)
(2.916103228 -0.00285309098 0)
(2.91552171 -0.003541250203 0)
(2.915039585 -0.0053072971 0)
(2.914489222 -0.00505970195 0)
(2.913985557 -0.003101410062 0)
(2.913966934 -0.002280435185 0)
(2.913590715 -0.00186537825 0)
(2.913664727 -0.001862814068 0)
(2.91365207 -0.002248292852 0)
(2.913205531 -0.002079698376 0)
(2.912234549 -0.0007114445169 0)
(2.911263249 0.0009316150455 0)
(2.91097961 0.002095635149 0)
(2.928318435 0.0007696069967 0)
(2.928073008 -0.0002407854236 0)
(2.928002963 -0.001032509318 0)
(2.92849768 -0.001419290231 0)
(2.928768093 -0.001345157716 0)
(2.928539503 -0.0003620331199 0)
(2.927543071 0.001265831743 0)
(2.926502353 0.001765083444 0)
(2.926186557 0.001672880299 0)
(2.926713816 0.001176956846 0)
(2.927448756 0.0003880723683 0)
(2.927833992 -0.000147805574 0)
(2.928691218 0.002437197341 0)
(2.927646279 -0.0004337154771 0)
(2.92608713 -0.003953511927 0)
(2.926549333 -0.001826164613 0)
(2.926864192 0.0007376378415 0)
(2.926466293 -0.0002274900366 0)
(2.925792603 -0.002239738429 0)
(2.925620097 -0.002330143606 0)
(2.925264654 -0.00210188734 0)
(2.924484058 -0.002312801617 0)
(2.923944418 -0.002744643697 0)
(2.923645432 -0.003161019078 0)
(2.922982167 -0.003690339465 0)
(2.922498348 -0.0052551324 0)
(2.922307007 -0.004809419256 0)
(2.921593846 -0.002699863279 0)
(2.921214394 -0.001749187346 0)
(2.920729809 -0.001560188803 0)
(2.92089415 -0.001980226456 0)
(2.920964172 -0.002609852939 0)
(2.920892409 -0.003440553923 0)
(2.920247979 -0.002848687013 0)
(2.919247587 -0.00142693165 0)
(2.91850799 0.0006112991885 0)
(2.932691629 0.001825719873 0)
(2.93233117 0.0008585996391 0)
(2.932166897 -0.0001103350497 0)
(2.932652183 -0.0004814811665 0)
(2.933274685 -0.0003800173686 0)
(2.933468977 0.0005284639622 0)
(2.932944762 0.001303698543 0)
(2.932209151 0.001044592219 0)
(2.931977716 0.001150326886 0)
(2.932227399 0.001532613848 0)
(2.932843171 0.0005046124683 0)
(2.933278203 -6.788738514e-05 0)
(2.934592988 0.002204197947 0)
(2.933473167 -0.001441135483 0)
(2.931890411 -0.004999275309 0)
(2.932466493 -0.002112910857 0)
(2.932782825 0.0008035636836 0)
(2.932406593 -0.0004913829385 0)
(2.931818299 -0.002573812537 0)
(2.931786948 -0.002488198203 0)
(2.931652592 -0.002292581149 0)
(2.930833481 -0.002528041176 0)
(2.930260386 -0.002904679914 0)
(2.929936496 -0.003120602927 0)
(2.929346558 -0.003488404433 0)
(2.928896534 -0.004698241454 0)
(2.928812953 -0.004095680221 0)
(2.927937522 -0.001859235602 0)
(2.92752026 -0.0009392577035 0)
(2.927105496 -0.0009679551551 0)
(2.927315676 -0.001651044118 0)
(2.927352898 -0.002573001178 0)
(2.927499179 -0.004165187301 0)
(2.927257244 -0.004636435753 0)
(2.926340438 -0.003286817959 0)
(2.925422304 -0.0007438894815 0)
(2.936578299 0.001680676614 0)
(2.936079454 0.001014090583 0)
(2.935822709 5.709885658e-05 0)
(2.936330138 -0.0003431016441 0)
(2.937123891 -0.0003593520521 0)
(2.937398196 0.0005639304627 0)
(2.937026206 0.001401179156 0)
(2.936512284 0.001101567034 0)
(2.936333195 0.0007424293762 0)
(2.936674117 0.001083204668 0)
(2.93700439 0.0007849034328 0)
(2.937326579 0.0003900085027 0)
(2.938752715 0.00257271645 0)
(2.937613377 -0.001381021811 0)
(2.936254867 -0.004811432959 0)
(2.937002792 -0.001495234258 0)
(2.937499295 0.001068312571 0)
(2.937096406 -0.0005167898912 0)
(2.936505228 -0.002733129895 0)
(2.936513446 -0.002556280713 0)
(2.936422521 -0.002284818961 0)
(2.935651764 -0.002529697007 0)
(2.935064325 -0.002609981276 0)
(2.934782352 -0.002650420285 0)
(2.93426255 -0.002841084425 0)
(2.933851522 -0.003621171375 0)
(2.933738641 -0.002686943523 0)
(2.933121956 -0.0006222266241 0)
(2.932742994 0.000186760927 0)
(2.932427626 3.957909593e-05 0)
(2.932558029 -0.001290788777 0)
(2.932541145 -0.002412016182 0)
(2.932772395 -0.004022117176 0)
(2.932915483 -0.005041531843 0)
(2.93240187 -0.003819878191 0)
(2.931622333 -0.001449503545 0)
(2.939770416 0.0004061238447 0)
(2.939223627 0.0001706719979 0)
(2.938801087 -0.0009851705694 0)
(2.939338323 -0.001261476656 0)
(2.940087786 -0.001015823209 0)
(2.940441297 0.0002933527036 0)
(2.939998609 0.001731694358 0)
(2.939523459 0.001529094131 0)
(2.93932556 0.0009756202795 0)
(2.93959958 0.001117652015 0)
(2.939893257 0.0007864196645 0)
(2.940150905 0.0007303446648 0)
(2.941575704 0.00301128325 0)
(2.940468061 -0.00092303079 0)
(2.939339563 -0.004557374194 0)
(2.940424803 -0.001138510416 0)
(2.940842539 0.0009069067224 0)
(2.940340904 -0.0009531891191 0)
(2.939817732 -0.002873790256 0)
(2.939866114 -0.002423515314 0)
(2.93976456 -0.001939430485 0)
(2.939098735 -0.002079038525 0)
(2.938578435 -0.002054607741 0)
(2.93835575 -0.00201664626 0)
(2.937945103 -0.002042663566 0)
(2.937636391 -0.002492968926 0)
(2.937461829 -0.001188671159 0)
(2.937194854 0.0006811291815 0)
(2.936778097 0.001473852656 0)
(2.936487872 0.001017820987 0)
(2.936461511 -0.0007765333395 0)
(2.936416699 -0.002079378911 0)
(2.936697028 -0.003865959258 0)
(2.937098831 -0.005253532467 0)
(2.937049123 -0.004498082326 0)
(2.936584403 -0.002341278931 0)
(2.941800643 -0.0001382657523 0)
(2.941346325 -0.0006584342505 0)
(2.940840667 -0.001611827031 0)
(2.941206134 -0.002060954844 0)
(2.941912837 -0.002110327492 0)
(2.942391673 -0.00106482038 0)
(2.942149677 0.001071478532 0)
(2.941530352 0.001809615489 0)
(2.941223223 0.001259088813 0)
(2.941461761 0.001110278429 0)
(2.94174454 0.0006052018617 0)
(2.942007517 0.0006937015667 0)
(2.94342691 0.003172894475 0)
(2.942268043 -0.0004594966483 0)
(2.941256108 -0.004159139992 0)
(2.942436258 -0.000985008924 0)
(2.942955514 0.0009855372881 0)
(2.942413059 -0.001084023191 0)
(2.941915018 -0.002806880779 0)
(2.942045967 -0.002233859822 0)
(2.941946225 -0.001624270219 0)
(2.941377453 -0.001861804778 0)
(2.940919634 -0.001752585527 0)
(2.940759095 -0.001647331656 0)
(2.940450678 -0.001477423579 0)
(2.940241391 -0.001830429554 0)
(2.94014978 -0.0006579635577 0)
(2.939930222 0.001049252508 0)
(2.939586678 0.001660983781 0)
(2.939278054 0.001057042583 0)
(2.939139503 -0.0003828129477 0)
(2.939047644 -0.001690641972 0)
(2.939272779 -0.003390874638 0)
(2.939776027 -0.004780838934 0)
(2.940014838 -0.004005992143 0)
(2.939839441 -0.002282374867 0)
(2.943233275 0.0003290552004 0)
(2.942929938 0.0002460440563 0)
(2.942404731 -0.0006636601915 0)
(2.942400334 -0.001596199292 0)
(2.942943644 -0.002228562121 0)
(2.943459538 -0.001696130391 0)
(2.943500191 0.0001768594978 0)
(2.942830488 0.001729774839 0)
(2.942385041 0.001454252781 0)
(2.942547907 0.001200773237 0)
(2.942830053 0.0002997775414 0)
(2.9431148 0.0002986896735 0)
(2.944540469 0.002838573136 0)
(2.943267942 -0.0007528505887 0)
(2.942246774 -0.004468331442 0)
(2.943398631 -0.001180731678 0)
(2.944164031 0.0008226577439 0)
(2.943608997 -0.001207461238 0)
(2.943108221 -0.002660069525 0)
(2.943323692 -0.002028614884 0)
(2.943220542 -0.001397858456 0)
(2.94272542 -0.001819386237 0)
(2.942335512 -0.001848451421 0)
(2.942171282 -0.001641307217 0)
(2.94194329 -0.001437712071 0)
(2.941780626 -0.001818945169 0)
(2.941805745 -0.001247290563 0)
(2.941604832 0.0001525934249 0)
(2.941205608 0.0009667062815 0)
(2.941003733 0.0009020585108 0)
(2.940788655 -1.478695648e-05 0)
(2.940644456 -0.001398450997 0)
(2.940758788 -0.003180534014 0)
(2.941251344 -0.004677100069 0)
(2.941597848 -0.004674057672 0)
(2.941265998 -0.003792955703 0)
(2.943803079 0.001247429685 0)
(2.943229674 0.0001284645296 0)
(2.943091214 -0.001315010966 0)
(2.94349397 -0.00193238872 0)
(2.94404317 -0.001598933874 0)
(2.944235868 -0.0001436614545 0)
(2.943689287 0.001210427281 0)
(2.943074474 0.001420880269 0)
(2.943162161 0.001201293748 0)
(2.943387252 0.0001282608369 0)
(2.943696532 -1.049872397e-05 0)
(2.945197585 0.002616279866 0)
(2.943897574 -0.0008257821422 0)
(2.942693187 -0.004063296599 0)
(2.943904805 -0.0009642523189 0)
(2.944689313 0.001438950155 0)
(2.944083209 -0.0005785820704 0)
(2.943608039 -0.002030075393 0)
(2.943905211 -0.001406461544 0)
(2.943865502 -0.001369863901 0)
(2.943402002 -0.002230891721 0)
(2.943081057 -0.002307149261 0)
(2.942900866 -0.001989223162 0)
(2.942706353 -0.001676853411 0)
(2.942555099 -0.002085204095 0)
(2.942692414 -0.00202502767 0)
(2.942582909 -0.000991545173 0)
(2.942081306 -4.396039461e-06 0)
(2.941921116 0.0002089144553 0)
(2.941735111 -0.0001884980039 0)
(2.94149249 -0.001462483351 0)
(2.941516311 -0.003265277733 0)
(2.942005255 -0.005194055734 0)
(2.942526299 -0.005634006348 0)
(2.942532441 -0.004911842306 0)
(2.944165105 0.001843659057 0)
(2.943499605 0.0005332714026 0)
(2.943207067 -0.0004562524192 0)
(2.94368889 -0.001190737134 0)
(2.944350106 -0.001016305936 0)
(2.944634102 -0.0001598108721 0)
(2.944165731 0.0007139069557 0)
(2.943518254 0.001147751939 0)
(2.943469926 0.001438053737 0)
(2.94366226 0.0004536849151 0)
(2.943988195 0.000186261828 0)
(2.945590352 0.002740837082 0)
(2.944323658 -0.000990217441 0)
(2.943077804 -0.004077545343 0)
(2.944269155 -0.0004013951205 0)
(2.944910932 0.002426688951 0)
(2.944200406 0.0006654755686 0)
(2.943787144 -0.001773859387 0)
(2.944168299 -0.001282903875 0)
(2.944090516 -0.001900381553 0)
(2.943720072 -0.002649332116 0)
(2.943388829 -0.002892231283 0)
(2.943221803 -0.002521056289 0)
(2.943001014 -0.002193694816 0)
(2.942872005 -0.002539139181 0)
(2.943106298 -0.002737596374 0)
(2.942863281 -0.001907877739 0)
(2.942496639 -0.0009730903367 0)
(2.942254547 -0.0006871443728 0)
(2.942015632 -0.001024667388 0)
(2.941728136 -0.002228672387 0)
(2.94162114 -0.004116040769 0)
(2.942144127 -0.006099766154 0)
(2.942915922 -0.006692622901 0)
(2.943102202 -0.005707232769 0)
(2.942678011 -0.003325808369 0)
(2.944812695 0.001368993678 0)
(2.944017478 0.0006885321918 0)
(2.94358164 -4.046687419e-05 0)
(2.943774088 -0.0005925352657 0)
(2.944553169 -0.0005635677662 0)
(2.94485211 0.00033641516 0)
(2.944494359 0.000752996405 0)
(2.94382144 0.0008748456615 0)
(2.943686721 0.001527901226 0)
(2.943845284 0.0009286385347 0)
(2.944148983 0.0007890772556 0)
(2.945818695 0.003332315671 0)
(2.944635453 -0.0008418829804 0)
(2.943145174 -0.003073726954 0)
(2.944534816 0.001267148347 0)
(2.944989788 0.003516397392 0)
(2.94424873 0.001113371723 0)
(2.943925359 -0.002219967257 0)
(2.944278334 -0.001926194605 0)
(2.944153488 -0.002574846744 0)
(2.943797076 -0.003240548059 0)
(2.943457663 -0.003331975132 0)
(2.943352907 -0.002913048016 0)
(2.943093345 -0.002582759285 0)
(2.942990973 -0.003055371943 0)
(2.943058311 -0.003291052952 0)
(2.94289126 -0.002643099602 0)
(2.942601738 -0.00170289195 0)
(2.942373568 -0.001337274436 0)
(2.942170991 -0.001617752965 0)
(2.941789863 -0.002743687114 0)
(2.941611878 -0.004474455787 0)
(2.942061417 -0.00626937397 0)
(2.94274966 -0.00652217731 0)
(2.942908141 -0.00488712152 0)
(2.942488998 -0.00179393997 0)
(2.945564524 -0.0001720607779 0)
(2.944821744 -0.0002499813322 0)
(2.94398508 -0.0006169370522 0)
(2.943848212 -0.001038326606 0)
(2.944662141 -0.0005858900765 0)
(2.945028843 0.0004241034362 0)
(2.944812167 0.001224377374 0)
(2.944051698 0.001307087125 0)
(2.943923997 0.001715932302 0)
(2.944040907 0.00112714831 0)
(2.94431964 0.001074876982 0)
(2.946001783 0.003727867476 0)
(2.944950695 -0.000785408264 0)
(2.94321962 -0.002668121045 0)
(2.944731576 0.00270632655 0)
(2.94511442 0.003784683271 0)
(2.944275218 0.0006902873024 0)
(2.943891436 -0.002870411089 0)
(2.944351018 -0.002604081453 0)
(2.944248556 -0.002861314032 0)
(2.94384401 -0.003122779819 0)
(2.943483321 -0.00301626906 0)
(2.943364601 -0.002820822461 0)
(2.943123201 -0.002843520589 0)
(2.943016769 -0.003455097254 0)
(2.943012505 -0.003695352386 0)
(2.942847662 -0.002955178299 0)
(2.942625091 -0.002138002294 0)
(2.942351976 -0.001624138528 0)
(2.942070824 -0.001663988556 0)
(2.941625701 -0.002656346763 0)
(2.941400816 -0.004207571262 0)
(2.941803716 -0.005555838198 0)
(2.942513001 -0.005472494938 0)
(2.942713265 -0.003907275669 0)
(2.942453828 -0.001632384486 0)
(2.946075248 -0.0007342236403 0)
(2.945509699 -0.0008739191822 0)
(2.944444957 -0.001396616728 0)
(2.943914235 -0.002077451069 0)
(2.94468863 -0.00172829845 0)
(2.945224932 -8.602131675e-05 0)
(2.94509042 0.001201311734 0)
(2.944429147 0.001461398784 0)
(2.944202385 0.001610156423 0)
(2.944203672 0.000663335856 0)
(2.944477701 0.0007015375703 0)
(2.946161636 0.003532287973 0)
(2.945173639 -0.0008671935677 0)
(2.943293872 -0.003430234016 0)
(2.945166772 0.002428198675 0)
(2.945338755 0.003511966778 0)
(2.944240841 8.428304532e-05 0)
(2.943985403 -0.003129057777 0)
(2.944438466 -0.002761350093 0)
(2.944331395 -0.002528534205 0)
(2.94392694 -0.002564704696 0)
(2.943530311 -0.002413929464 0)
(2.943344083 -0.002555881891 0)
(2.943116337 -0.003066348902 0)
(2.94303505 -0.003657021702 0)
(2.942892241 -0.003683739751 0)
(2.942799536 -0.002972469047 0)
(2.942649498 -0.002204678674 0)
(2.942321023 -0.001213860482 0)
(2.941954256 -0.0006719124725 0)
(2.941464355 -0.00144871094 0)
(2.941204758 -0.002818165245 0)
(2.941581214 -0.004190853312 0)
(2.942357242 -0.004883087519 0)
(2.942596334 -0.004155783805 0)
(2.942361386 -0.002453953797 0)
(2.9464743 -0.0008825348145 0)
(2.945957697 -0.001231942243 0)
(2.944715763 -0.001826104329 0)
(2.943824522 -0.002708973989 0)
(2.944720675 -0.002519838747 0)
(2.945386025 -0.001147446053 0)
(2.945407602 0.0009989135253 0)
(2.944862259 0.001489775677 0)
(2.944532668 0.001446932102 0)
(2.944355355 0.0001640043727 0)
(2.944614625 0.0001834903073 0)
(2.946277617 0.003064615132 0)
(2.945227332 -0.001241836671 0)
(2.943554585 -0.00404339591 0)
(2.945396022 0.001576618947 0)
(2.945517323 0.003113674482 0)
(2.944324342 -0.0007477775061 0)
(2.944079414 -0.0030819692 0)
(2.944530413 -0.002277435138 0)
(2.944494001 -0.001604647009 0)
(2.944074993 -0.001830613314 0)
(2.943669027 -0.00229224769 0)
(2.943354795 -0.002895337929 0)
(2.943149613 -0.003302073316 0)
(2.943094882 -0.00362744657 0)
(2.942943976 -0.003370261319 0)
(2.942885407 -0.0024887504 0)
(2.942803145 -0.001327861697 0)
(2.942462965 0.000210247801 0)
(2.941990232 0.0008560220213 0)
(2.941390818 -6.456863784e-05 0)
(2.941068739 -0.001854445649 0)
(2.941422669 -0.003883127416 0)
(2.942184575 -0.005192679851 0)
(2.942466762 -0.004614034689 0)
(2.942301113 -0.003262370102 0)
(2.947036929 0.0001752189793 0)
(2.946432116 -0.0001301782324 0)
(2.945016499 -0.0007120242895 0)
(2.943991218 -0.002066410595 0)
(2.944765617 -0.00246059237 0)
(2.945604037 -0.001489806658 0)
(2.94583998 0.0003013841741 0)
(2.945307481 0.001543646754 0)
(2.944869434 0.001544918251 0)
(2.944557042 7.065520969e-05 0)
(2.944784031 7.807529778e-05 0)
(2.946426571 0.003025507161 0)
(2.945265548 -0.001330485489 0)
(2.943721605 -0.004489468438 0)
(2.945684693 0.0009442664929 0)
(2.945773074 0.002659052204 0)
(2.944516377 -0.0008407646869 0)
(2.944212002 -0.002324077081 0)
(2.94470957 -0.001334607784 0)
(2.944697958 -0.001021455488 0)
(2.944304451 -0.002000784651 0)
(2.943842615 -0.002879299881 0)
(2.943438027 -0.003559123063 0)
(2.943301853 -0.003573141853 0)
(2.943271939 -0.003335525288 0)
(2.943118855 -0.002486835345 0)
(2.943167842 -0.001322491154 0)
(2.943069808 -2.335617944e-05 0)
(2.942720699 0.0009869398393 0)
(2.94217773 0.001105220595 0)
(2.941452871 -0.0001215998083 0)
(2.940978338 -0.002137871351 0)
(2.94128947 -0.00419826605 0)
(2.942054159 -0.005503541349 0)
(2.942395325 -0.005244880196 0)
(2.942452271 -0.004165304059 0)
(2.946640184 0.0008488543636 0)
(2.945154791 0.0003999045991 0)
(2.943897592 -0.0009428622559 0)
(2.944784143 -0.001731373163 0)
(2.945771132 -0.001269153662 0)
(2.946364556 9.061388241e-05 0)
(2.945839082 0.001258270226 0)
(2.94518446 0.001798743891 0)
(2.944706724 0.0004552533916 0)
(2.944908982 0.0005340470084 0)
(2.946600397 0.003558492723 0)
(2.945260624 -0.0009156241829 0)
(2.943984889 -0.004252418921 0)
(2.946051405 0.0009858565271 0)
(2.946097345 0.003200214409 0)
(2.944777168 -7.892536885e-05 0)
(2.944410945 -0.001764994904 0)
(2.944911994 -0.001122801109 0)
(2.944846511 -0.001388419179 0)
(2.944447828 -0.002596020831 0)
(2.943976808 -0.003679148296 0)
(2.943690374 -0.004105841159 0)
(2.943568163 -0.003635266711 0)
(2.94353413 -0.002741755122 0)
(2.943359461 -0.001572791459 0)
(2.94344884 -0.0003744332124 0)
(2.94341448 0.0001713297201 0)
(2.942956249 0.0005632164847 0)
(2.942296772 0.000501967647 0)
(2.941461944 -0.0007643868549 0)
(2.940905046 -0.00256075432 0)
(2.941206085 -0.004520914434 0)
(2.94204775 -0.005934668405 0)
(2.942520424 -0.005645199139 0)
(2.94260317 -0.004264746408 0)
(2.946780392 0.001321965461 0)
(2.945223171 0.001070898148 0)
(2.94388751 -0.0001890929268 0)
(2.944970521 -0.001139197166 0)
(2.946014734 -0.00106246278 0)
(2.946804475 -0.0001743448725 0)
(2.946374798 0.0008545686413 0)
(2.945440427 0.002046617931 0)
(2.94484664 0.0008733640707 0)
(2.945012866 0.0009973651452 0)
(2.946709987 0.004187631337 0)
(2.945209749 -0.0005377179133 0)
(2.944294838 -0.003326552031 0)
(2.946580765 0.00180061805 0)
(2.946447058 0.00402206308 0)
(2.944965493 0.0008202178122 0)
(2.94459196 -0.001978158041 0)
(2.945060611 -0.001491756091 0)
(2.9449203 -0.001814127607 0)
(2.944517232 -0.003115944272 0)
(2.944240821 -0.004333425626 0)
(2.94398292 -0.004334424888 0)
(2.943881829 -0.003344642563 0)
(2.943772925 -0.002074811544 0)
(2.943675036 -0.00123885002 0)
(2.943697566 -0.0005884057173 0)
(2.943603563 -0.0003390156176 0)
(2.943171235 -8.075921935e-05 0)
(2.942387011 -0.0001933130319 0)
(2.941422407 -0.001467189899 0)
(2.940927107 -0.003061033075 0)
(2.94117932 -0.0045864078 0)
(2.942130451 -0.005828084301 0)
(2.942711401 -0.005339352892 0)
(2.942817455 -0.004000006425 0)
(2.946803874 0.000212062736 0)
(2.945257169 0.0003477167261 0)
(2.943979729 -0.0004496033412 0)
(2.945204439 -0.001250396711 0)
(2.946406456 -0.0009517485931 0)
(2.947260389 -0.0002047618496 0)
(2.946837821 0.0005591965548 0)
(2.945729759 0.001732381221 0)
(2.944995578 0.0007579741996 0)
(2.945096071 0.001028265462 0)
(2.946811587 0.004485886138 0)
(2.945310059 -0.0001085342346 0)
(2.944409966 -0.002308725215 0)
(2.946915606 0.003529477521 0)
(2.946715561 0.004460557432 0)
(2.945110797 0.0006513972064 0)
(2.944644527 -0.002428645636 0)
(2.945179904 -0.001925227087 0)
(2.945196005 -0.002400034638 0)
(2.944807329 -0.0037165924 0)
(2.944485221 -0.004262274991 0)
(2.944284552 -0.003675283903 0)
(2.944223392 -0.002542838571 0)
(2.944129338 -0.001937792997 0)
(2.943968748 -0.001542918467 0)
(2.94386158 -0.001166496968 0)
(2.943623535 -0.0008524350277 0)
(2.943228401 -0.0008424705265 0)
(2.942521295 -0.001329612679 0)
(2.941677533 -0.002438599172 0)
(2.941086449 -0.003429185931 0)
(2.94127715 -0.004283380348 0)
(2.942363214 -0.005071833677 0)
(2.942940604 -0.004693718222 0)
(2.943096657 -0.003951490809 0)
(2.946758455 -0.0009189977859 0)
(2.945365455 -0.0008318211662 0)
(2.944280304 -0.001550917493 0)
(2.945414209 -0.001961341944 0)
(2.946722841 -0.001321560884 0)
(2.947594486 -0.0002239645149 0)
(2.947157242 0.0007384203618 0)
(2.946106822 0.001452370612 0)
(2.945112033 0.0003402554372 0)
(2.945162491 0.00070262544 0)
(2.94690882 0.004580918536 0)
(2.945336643 0.0003056732735 0)
(2.944822819 -0.001938554738 0)
(2.947466345 0.004976387093 0)
(2.947003534 0.004715741779 0)
(2.945149711 8.584626398e-05 0)
(2.94479876 -0.002988679122 0)
(2.945367635 -0.002483189863 0)
(2.945508454 -0.002735989574 0)
(2.945104459 -0.00378171825 0)
(2.944822177 -0.003651461276 0)
(2.944757224 -0.002808872917 0)
(2.944652405 -0.00243499913 0)
(2.944478474 -0.002311694155 0)
(2.944320932 -0.001948508141 0)
(2.943963523 -0.001754389791 0)
(2.943832958 -0.001829877611 0)
(2.943485435 -0.002105270825 0)
(2.942803712 -0.00245462759 0)
(2.941982225 -0.002836704863 0)
(2.941310177 -0.002827973209 0)
(2.941500463 -0.003196564214 0)
(2.942523442 -0.004029342829 0)
(2.94316012 -0.004332894928 0)
(2.943457928 -0.003913648964 0)
(2.946591222 -0.001493712299 0)
(2.945550778 -0.001346786794 0)
(2.945006621 -0.002199989534 0)
(2.946086283 -0.002938267733 0)
(2.947167666 -0.002001691031 0)
(2.947857192 -0.0001785409358 0)
(2.947350785 0.0009299767301 0)
(2.946324226 0.001300850161 0)
(2.94511492 -5.288242592e-05 0)
(2.945222814 0.0002651985207 0)
(2.947064748 0.004525586645 0)
(2.945503802 0.0001029838427 0)
(2.945123454 -0.002021110291 0)
(2.948120287 0.005199940768 0)
(2.947321455 0.004569380649 0)
(2.945162805 -0.0003507549526 0)
(2.944975688 -0.003147202791 0)
(2.945557765 -0.002528071723 0)
(2.945679006 -0.002478957598 0)
(2.945335302 -0.003171229912 0)
(2.945179718 -0.002991004745 0)
(2.945149489 -0.002807005882 0)
(2.945005261 -0.002805186461 0)
(2.944814164 -0.002760224545 0)
(2.944568034 -0.002363526465 0)
(2.944302969 -0.002461179764 0)
(2.944209703 -0.002622913579 0)
(2.943875515 -0.002860621971 0)
(2.943263326 -0.002953876429 0)
(2.94236349 -0.002774091661 0)
(2.941604611 -0.002083040649 0)
(2.941668897 -0.002399248608 0)
(2.942707365 -0.003455878491 0)
(2.943429329 -0.004146888464 0)
(2.94375529 -0.004117391008 0)
(2.946342198 -0.0007949390316 0)
(2.945852069 -0.0008696736049 0)
(2.945764483 -0.002121752454 0)
(2.946871534 -0.003345619279 0)
(2.94780055 -0.003108622583 0)
(2.94834141 -0.0009982793131 0)
(2.947533771 0.001065682526 0)
(2.946508427 0.001445904649 0)
(2.945182216 -0.0001310965087 0)
(2.945344549 0.0002335098325 0)
(2.94736614 0.004167869532 0)
(2.945698154 -0.0009030082204 0)
(2.94541129 -0.002426412859 0)
(2.948762491 0.004854618554 0)
(2.947496909 0.004626657114 0)
(2.945228059 -0.0007817340327 0)
(2.945080676 -0.002865573424 0)
(2.945689867 -0.002058928335 0)
(2.945888833 -0.001709762914 0)
(2.945646453 -0.002424051127 0)
(2.945430738 -0.003178391996 0)
(2.945289358 -0.003309365858 0)
(2.94511301 -0.003326701593 0)
(2.945011733 -0.003242427156 0)
(2.944814153 -0.00304141662 0)
(2.944679513 -0.003004861058 0)
(2.944516393 -0.003141087524 0)
(2.944204848 -0.003073103182 0)
(2.943555152 -0.002882329733 0)
(2.942751264 -0.002446622923 0)
(2.941970681 -0.002010693953 0)
(2.941924204 -0.002184635487 0)
(2.94281081 -0.003529623145 0)
(2.943601623 -0.004571373014 0)
(2.944014582 -0.004823404286 0)
(2.946096098 0.0009698843542 0)
(2.946288457 0.0009836937581 0)
(2.946496554 -0.0003446791794 0)
(2.947471779 -0.002788323548 0)
(2.948272151 -0.002846006338 0)
(2.948607506 -0.001482224475 0)
(2.947671522 0.000633205816 0)
(2.946608109 0.001764431449 0)
(2.945340003 0.0002141966598 0)
(2.945582364 0.0006812806685 0)
(2.947817453 0.004232525912 0)
(2.946016442 -0.00166470075 0)
(2.945735863 -0.003290480294 0)
(2.949191134 0.004528092432 0)
(2.947703339 0.004848533107 0)
(2.945251372 -0.0007991120381 0)
(2.945215274 -0.002231717795 0)
(2.945850648 -0.001412413052 0)
(2.946143967 -0.001424623141 0)
(2.945966743 -0.002573148957 0)
(2.94574913 -0.00358286444 0)
(2.94567102 -0.00380319043 0)
(2.945498081 -0.003891574022 0)
(2.945297317 -0.003850426196 0)
(2.945166988 -0.003647839724 0)
(2.944902875 -0.003384128047 0)
(2.944705953 -0.003019968368 0)
(2.944328193 -0.002781473788 0)
(2.943780905 -0.002614181218 0)
(2.943144518 -0.002687828256 0)
(2.942320435 -0.002429077167 0)
(2.94239221 -0.002921403977 0)
(2.942917938 -0.004118707452 0)
(2.943760447 -0.005344320937 0)
(2.94425635 -0.005436432636 0)
(2.947481173 0.00192168583 0)
(2.947966775 0.001124215532 0)
(2.948142981 -0.001093707147 0)
(2.948497058 -0.002509931245 0)
(2.948475875 -0.001846947513 0)
(2.947634339 -0.0001291260808 0)
(2.946647178 0.001873499952 0)
(2.945653302 0.0005311700856 0)
(2.945881513 0.001152922574 0)
(2.948175104 0.004280467114 0)
(2.946384666 -0.001642246021 0)
(2.946183162 -0.003589432259 0)
(2.949545569 0.004003997354 0)
(2.948060043 0.004913302166 0)
(2.945277415 -1.291032214e-05 0)
(2.945385919 -0.001970735065 0)
(2.946036757 -0.001422873224 0)
(2.94631447 -0.001689192215 0)
(2.946202611 -0.00291441076 0)
(2.946063902 -0.003869218412 0)
(2.94595547 -0.004128874886 0)
(2.945897411 -0.004301433603 0)
(2.94568289 -0.00414854703 0)
(2.945338389 -0.003746473906 0)
(2.944979624 -0.003135123186 0)
(2.944839759 -0.00257685735 0)
(2.944453859 -0.002867783528 0)
(2.944102331 -0.003025512883 0)
(2.94343386 -0.003232700515 0)
(2.942649427 -0.002825991668 0)
(2.942483407 -0.003438369877 0)
(2.943056454 -0.005120928165 0)
(2.943925912 -0.005775634952 0)
(2.944464039 -0.005436768846 0)
(2.948662412 0.0005327593602 0)
(2.949659529 0.001130376721 0)
(2.949130752 -0.0001298186762 0)
(2.948425711 -0.001251419103 0)
(2.948055047 -0.001514894739 0)
(2.947340609 -0.0004505390024 0)
(2.946609375 0.001512195203 0)
(2.945987469 0.00058095949 0)
(2.946418908 0.001330428238 0)
(2.948560649 0.00485016835 0)
(2.946804564 -0.001371551671 0)
(2.946521017 -0.003469620577 0)
(2.949887366 0.004471549416 0)
(2.948390545 0.00513469359 0)
(2.945317151 0.0004302777598 0)
(2.945511716 -0.002209585134 0)
(2.94620866 -0.001691231363 0)
(2.946485764 -0.002015716327 0)
(2.946487457 -0.003289051171 0)
(2.94638309 -0.004252110867 0)
(2.946331473 -0.004259279531 0)
(2.946211977 -0.004139145427 0)
(2.945914987 -0.003733530416 0)
(2.945490894 -0.003045489469 0)
(2.945086344 -0.00261744189 0)
(2.944829849 -0.003320384365 0)
(2.944633692 -0.003766635983 0)
(2.944521236 -0.003839152883 0)
(2.943841618 -0.003862803715 0)
(2.943072444 -0.003827796493 0)
(2.94268447 -0.004822420456 0)
(2.943178952 -0.005594895634 0)
(2.944106829 -0.005669928461 0)
(2.944681767 -0.005217405572 0)
(2.94497572 -0.004616684986 0)
(2.950569702 -0.001994245143 0)
(2.951041556 -0.0009551028859 0)
(2.949787008 -0.0007660428353 0)
(2.947891893 -0.0008130961175 0)
(2.947149919 -0.0006782965751 0)
(2.94691391 -0.0002212805512 0)
(2.946862869 0.001223920644 0)
(2.946429126 0.0002649486216 0)
(2.94695563 0.001174656763 0)
(2.949123563 0.005215924725 0)
(2.947314174 -0.000556426191 0)
(2.946706985 -0.002715822951 0)
(2.95002913 0.00532290718 0)
(2.948597026 0.005134331934 0)
(2.945297277 -0.0001365461886 0)
(2.945632244 -0.002534631322 0)
(2.946472293 -0.001964436608 0)
(2.946756876 -0.002278989911 0)
(2.946817795 -0.003637425825 0)
(2.94671514 -0.004278065346 0)
(2.946657226 -0.004045049288 0)
(2.946486488 -0.003544036329 0)
(2.946191294 -0.002791506479 0)
(2.945718909 -0.002456537535 0)
(2.945244541 -0.002971916986 0)
(2.945068548 -0.004106330598 0)
(2.944894286 -0.004935459076 0)
(2.944491857 -0.005092923151 0)
(2.944109557 -0.004867078461 0)
(2.943490118 -0.005430498566 0)
(2.94299526 -0.005634347322 0)
(2.943301958 -0.005399199051 0)
(2.944345508 -0.005183318724 0)
(2.945004586 -0.004621740447 0)
(2.945337587 -0.004076505985 0)
(2.952172083 -0.003534308854 0)
(2.952466938 -0.002465313297 0)
(2.949970876 -0.002592642004 0)
(2.947335883 -0.001412821556 0)
(2.94637636 -0.0004000652843 0)
(2.94658471 0.0001929172679 0)
(2.947147023 0.0009977123523 0)
(2.947106085 -0.000148565522 0)
(2.947547139 0.000932471915 0)
(2.949744368 0.005597941449 0)
(2.947713126 3.107127391e-06 0)
(2.946818731 -0.002134766646 0)
(2.950143804 0.006313390979 0)
(2.948747051 0.005135133888 0)
(2.945336467 -0.0008415135055 0)
(2.945932663 -0.002903178541 0)
(2.94678668 -0.002147406028 0)
(2.94702035 -0.002217120748 0)
(2.947115409 -0.003460851123 0)
(2.946994653 -0.003795837648 0)
(2.946921692 -0.003296889177 0)
(2.946728215 -0.002924620185 0)
(2.94637884 -0.002531798173 0)
(2.945928606 -0.002710761196 0)
(2.945466098 -0.003501339707 0)
(2.945341742 -0.00487992439 0)
(2.945346081 -0.00588459479 0)
(2.945088724 -0.006104406717 0)
(2.944442763 -0.006479502547 0)
(2.943751131 -0.006417805388 0)
(2.943258792 -0.005625181678 0)
(2.943530527 -0.004801146811 0)
(2.944475338 -0.004253578624 0)
(2.945224744 -0.004113373737 0)
(2.945608379 -0.003980865611 0)
(2.953253349 -0.003876400221 0)
(2.953224615 -0.003313523797 0)
(2.949897137 -0.003607729567 0)
(2.946738656 -0.003014465108 0)
(2.94578983 -0.001036521309 0)
(2.946369256 0.0001910404924 0)
(2.947425669 0.001203534947 0)
(2.947723514 -0.000215121702 0)
(2.948428076 0.0006408068039 0)
(2.950385189 0.005671879213 0)
(2.948096748 0.0003584797519 0)
(2.946981357 -0.001802139885 0)
(2.950361633 0.007008384116 0)
(2.948985143 0.005181516836 0)
(2.945255538 -0.001295331733 0)
(2.946327298 -0.003087720769 0)
(2.947121155 -0.002056738038 0)
(2.94731925 -0.00200179095 0)
(2.947454985 -0.003012507951 0)
(2.947208312 -0.003257928224 0)
(2.947144823 -0.003065823088 0)
(2.946925271 -0.002864157214 0)
(2.946469902 -0.002780501612 0)
(2.946114658 -0.003082968708 0)
(2.945689808 -0.004032650671 0)
(2.945641103 -0.005548756322 0)
(2.945628371 -0.006774692957 0)
(2.945214313 -0.007283072217 0)
(2.944731137 -0.007417416077 0)
(2.944027668 -0.006601829329 0)
(2.943567516 -0.005495649543 0)
(2.943867885 -0.004093524316 0)
(2.944617626 -0.003426118931 0)
(2.945399048 -0.003742027986 0)
(2.945850223 -0.004053791601 0)
(2.954367143 -0.00151745227 0)
(2.953657347 -0.00183670655 0)
(2.949315784 -0.003766095353 0)
(2.94564302 -0.004258902078 0)
(2.945304402 -0.002826741524 0)
(2.946502404 -0.0001196539556 0)
(2.948119158 0.001511730493 0)
(2.948308525 0.0001943126113 0)
(2.949030681 0.0006250354834 0)
(2.950950238 0.005464238325 0)
(2.948418072 0.0001377762658 0)
(2.947024629 -0.001883246122 0)
(2.950376589 0.00685155997 0)
(2.949194756 0.005238194093 0)
(2.94543364 -0.001513368039 0)
(2.946600714 -0.002808762287 0)
(2.94745473 -0.00171949605 0)
(2.94759142 -0.001594914442 0)
(2.947695721 -0.002537213812 0)
(2.947418991 -0.003206141733 0)
(2.947359202 -0.00309849199 0)
(2.947127264 -0.00296875383 0)
(2.946708763 -0.003080253792 0)
(2.946286657 -0.003477690852 0)
(2.945962037 -0.004444284421 0)
(2.945619905 -0.006354945449 0)
(2.945566517 -0.007339429641 0)
(2.945374802 -0.008050967888 0)
(2.945057476 -0.007837553408 0)
(2.944411073 -0.00657364877 0)
(2.943954152 -0.004798380703 0)
(2.944060964 -0.003335446483 0)
(2.944713576 -0.003290448038 0)
(2.945544767 -0.003660881874 0)
(2.946058148 -0.00430180084 0)
(2.954244936 0.0009908539729 0)
(2.953012747 0.001273100744 0)
(2.948481589 -0.001175178202 0)
(2.945176481 -0.003532155565 0)
(2.945520357 -0.003248035652 0)
(2.947049412 -0.001414163908 0)
(2.949118492 0.001378649015 0)
(2.949188101 0.0006381693096 0)
(2.949566747 0.001126704769 0)
(2.951231514 0.005363048891 0)
(2.948539439 -0.001127747274 0)
(2.947054119 -0.00279507286 0)
(2.950276215 0.006660260825 0)
(2.949451002 0.005447262897 0)
(2.945922277 -0.001406379346 0)
(2.946793666 -0.00264787474 0)
(2.94772218 -0.001527474301 0)
(2.947878314 -0.001472858107 0)
(2.947997529 -0.00253625554 0)
(2.947624533 -0.003355126111 0)
(2.947530234 -0.003289706514 0)
(2.947254993 -0.003156914011 0)
(2.946918289 -0.003283138194 0)
(2.946536765 -0.003731977854 0)
(2.946067156 -0.005006714856 0)
(2.945704121 -0.007060097243 0)
(2.945710443 -0.008208045999 0)
(2.945666019 -0.008467435485 0)
(2.945387876 -0.007868343347 0)
(2.944712577 -0.005993857861 0)
(2.944285792 -0.003909033817 0)
(2.944275945 -0.003132760493 0)
(2.944844234 -0.003530059164 0)
(2.945654109 -0.003832974656 0)
(2.946239385 -0.0043684002 0)
(2.953316204 -0.0001183799316 0)
(2.951940447 0.002099000372 0)
(2.947683807 0.001340076767 0)
(2.944781482 -0.001387295972 0)
(2.945846572 -0.003367668401 0)
(2.94774121 -0.002170274186 0)
(2.9501562 0.0005350888022 0)
(2.950120023 0.0007576879673 0)
(2.950284648 0.00225587001 0)
(2.951316155 0.005296566242 0)
(2.948294623 -0.002164902317 0)
(2.947126647 -0.004036538193 0)
(2.950368076 0.006248626136 0)
(2.949870416 0.005378613387 0)
(2.946600004 -0.0008964495919 0)
(2.946844994 -0.002798764199 0)
(2.948039224 -0.001581672172 0)
(2.948197556 -0.001549262939 0)
(2.948184428 -0.002658446521 0)
(2.947758868 -0.003512722767 0)
(2.947628173 -0.003460684946 0)
(2.947365354 -0.00329568193 0)
(2.94715211 -0.003306871713 0)
(2.946781182 -0.003856585694 0)
(2.946334216 -0.005436860874 0)
(2.946043754 -0.007797737986 0)
(2.946106045 -0.008860779691 0)
(2.946019316 -0.008577219331 0)
(2.94570854 -0.007149818987 0)
(2.945006256 -0.00510717315 0)
(2.944550834 -0.003627584214 0)
(2.94450489 -0.0032140619 0)
(2.945001775 -0.003877070596 0)
(2.945816604 -0.004028378712 0)
(2.946500984 -0.004016399645 0)
(2.950774149 -0.0003170299093 0)
(2.947531414 0.001594597117 0)
(2.945158769 0.0007516780014 0)
(2.945977552 -0.001782191141 0)
(2.948515028 -0.002454447395 0)
(2.95106218 -0.0002605606201 0)
(2.95073539 0.0002687178342 0)
)
;

boundaryField
{
    inlet
    {
        type            fixedValue;
        value           nonuniform 0();
    }
    outlet
    {
        type            inletOutlet;
        inletValue      nonuniform 0();
        value           nonuniform 0();
    }
    bottom
    {
        type            slip;
    }
    top
    {
        type            slip;
    }
    obstacle
    {
        type            slip;
    }
    defaultFaces
    {
        type            empty;
    }
    procBoundary22to15
    {
        type            processor;
        value           uniform (3.118149188 0.0008740510979 0);
    }
    procBoundary22to16
    {
        type            processor;
        value           nonuniform List<vector> 
40
(
(3.118831405 -0.0002418713935 0)
(3.116888629 -0.002228649703 0)
(3.116806865 -0.002427892189 0)
(3.116976693 -0.000914288575 0)
(3.117206282 0.001205742157 0)
(3.117006136 0.00158305773 0)
(3.116662851 0.001038207747 0)
(3.115323138 -0.0007000319308 0)
(3.113439485 -0.003217336324 0)
(3.112463844 -0.004556270693 0)
(3.112511978 -0.00483351181 0)
(3.112533239 -0.005144526349 0)
(3.112513293 -0.004827578611 0)
(3.112419069 -0.003767937722 0)
(3.112347598 -0.002492380123 0)
(3.116329685 0.001657127291 0)
(3.11433191 0.0008997450029 0)
(3.11371656 0.0009705713966 0)
(3.115616707 0.0008629059341 0)
(3.117051978 0.001294386399 0)
(3.116851487 0.0007792264672 0)
(3.117534626 0.001213594704 0)
(3.118380389 0.001440422729 0)
(3.118573318 0.001043173259 0)
(3.119030465 0.0007530523609 0)
(3.120324686 0.0009758166681 0)
(3.121200405 2.034054324e-05 0)
(3.121805054 -0.001191638971 0)
(3.122035516 -0.001520954276 0)
(3.122121136 -0.001163379454 0)
(3.121837221 -0.0002159681036 0)
(3.121578434 0.0005906287193 0)
(3.122814815 -4.454266966e-05 0)
(3.122583525 -8.119641996e-05 0)
(3.121107889 0.000241790215 0)
(3.120171617 -0.0008524020733 0)
(3.121473238 -0.002293524781 0)
(3.1220297 -0.001893720351 0)
(3.121438311 -0.001169736049 0)
(3.121438311 -0.001169736049 0)
)
;
    }
    procBoundary22to17
    {
        type            processor;
        value           uniform (3.113686844 -0.0002974106904 0);
    }
    procBoundary22to21
    {
        type            processor;
        value           nonuniform List<vector> 
69
(
(3.118990799 0.001240798207 0)
(3.119718238 0.0004599929955 0)
(3.118645917 -0.001946283191 0)
(3.1122824 0.0002848758416 0)
(3.098095029 0.0009239337408 0)
(3.075165299 0.001193647104 0)
(3.075165299 0.001193647104 0)
(3.044588947 0.0001422308829 0)
(3.010142493 -5.105589962e-05 0)
(2.976804374 1.057981458e-05 0)
(2.949175621 0.0005913306101 0)
(2.92696347 0.0008626016508 0)
(2.907130965 0.001531953398 0)
(2.907130965 0.001531953398 0)
(2.890014652 0.0008870375706 0)
(2.873530724 0.0009452487432 0)
(2.857319899 0.0009230542796 0)
(2.842518946 0.001331483554 0)
(2.832149255 0.001095119594 0)
(2.827752515 0.0001961235036 0)
(2.828995877 0.0006795363332 0)
(2.828995877 0.0006795363332 0)
(2.834404309 0.001196387604 0)
(2.843593399 0.001948807116 0)
(2.854819322 0.002169053522 0)
(2.864815052 0.001208059961 0)
(2.872833137 9.481133306e-05 0)
(2.879721923 6.886724812e-05 0)
(2.879721923 6.886724812e-05 0)
(2.887225712 0.0008448912426 0)
(2.89551308 0.001632633917 0)
(2.903465392 0.002330690373 0)
(2.910893979 0.001394724156 0)
(2.918100855 -1.646099803e-05 0)
(2.924299367 -0.0007398763157 0)
(2.928754672 0.0008995453045 0)
(2.928754672 0.0008995453045 0)
(2.932860803 0.001878152286 0)
(2.936559566 0.00166371515 0)
(2.939561422 -7.365563773e-05 0)
(2.941502502 -0.0005872249125 0)
(2.942684616 -0.0008186085478 0)
(2.94392383 0.001631745914 0)
(2.94392383 0.001631745914 0)
(2.944406761 0.002519523902 0)
(2.944994982 0.001468877771 0)
(2.94550722 -0.0005557543175 0)
(2.945836296 -0.001590277936 0)
(2.946087494 -0.001861200304 0)
(2.94654226 -0.0009197603672 0)
(2.947332668 0.0008089998041 0)
(2.947332668 0.0008089998041 0)
(2.947649575 0.0007050081526 0)
(2.9478735 -0.001508917271 0)
(2.948059041 -0.002674780022 0)
(2.947995357 -0.003423368145 0)
(2.947542553 -0.001960450752 0)
(2.946647608 0.0004025837814 0)
(2.946294057 0.001124248646 0)
(2.946294057 0.001124248646 0)
(2.946726731 -0.001230163115 0)
(2.948237855 -0.004250063445 0)
(2.949399187 -0.005876097475 0)
(2.950880446 -0.005290782605 0)
(2.952615876 -0.00170423126 0)
(2.953544207 0.0002910484374 0)
(2.953417186 -0.002568012845 0)
(2.952108699 -0.004935724918 0)
(2.952108699 -0.004935724918 0)
)
;
    }
    procBoundary22to23
    {
        type            processor;
        value           nonuniform List<vector> 
64
(
(3.113899678 -0.0007836980322 0)
(3.113182336 -0.0006209844796 0)
(3.11111677 -0.0005576861706 0)
(3.105374559 -0.0008829594039 0)
(3.094366292 -0.0005204957269 0)
(3.077142014 -0.0004934365869 0)
(3.053570081 -0.0004238863386 0)
(3.025138701 -0.0003534977707 0)
(2.994599187 -0.0004120829275 0)
(2.96510714 -0.0004372130134 0)
(2.939588517 -0.0001152483912 0)
(2.919050066 0.0002939899392 0)
(2.919050066 0.0002939899392 0)
(2.902893142 -0.0004835622174 0)
(2.890682461 7.390157199e-06 0)
(2.880447678 0.0001154489374 0)
(2.870577331 -9.23947891e-06 0)
(2.86105387 0.0003089060713 0)
(2.852701342 0.0007210599503 0)
(2.846360229 0.0009890753516 0)
(2.843555992 0.001399905515 0)
(2.844913761 0.001437942083 0)
(2.849722953 0.001316392429 0)
(2.856165723 0.001474833752 0)
(2.862976073 0.00182313444 0)
(2.86958617 0.002304041561 0)
(2.86958617 0.002304041561 0)
(2.875335113 0.001973651608 0)
(2.880557499 0.002499165264 0)
(2.885473601 0.002647834166 0)
(2.890591632 0.002464769167 0)
(2.896415671 0.002325569888 0)
(2.90334075 0.002213167017 0)
(2.910850278 0.002093009978 0)
(2.918156949 0.001871017639 0)
(2.92506322 0.001359262238 0)
(2.931210618 0.0005420340773 0)
(2.93595288 -0.0004828309555 0)
(2.93922954 -0.001235980857 0)
(2.940977554 -0.002905218296 0)
(2.942291085 -0.00359643335 0)
(2.942291085 -0.00359643335 0)
(2.942189914 0.0008131406082 0)
(2.9423677 0.001058552078 0)
(2.942334027 5.163481144e-05 0)
(2.942167501 -0.0009347721679 0)
(2.942244016 -0.001851480914 0)
(2.942338283 -0.002151513449 0)
(2.94247099 -0.002427520859 0)
(2.942592105 -0.00277462695 0)
(2.942998553 -0.003135575169 0)
(2.943414347 -0.003327478515 0)
(2.943758004 -0.003847227477 0)
(2.944052907 -0.004747131738 0)
(2.944311554 -0.00510247349 0)
(2.944563541 -0.004925685894 0)
(2.944563541 -0.004925685894 0)
(2.944801395 -0.003807510249 0)
(2.945164926 -0.003685849372 0)
(2.945469018 -0.00390841437 0)
(2.945795231 -0.004143760739 0)
(2.94615081 -0.004559412865 0)
(2.946439538 -0.004724092982 0)
(2.946701999 -0.004169427766 0)
)
;
    }
    procBoundary22to28
    {
        type            processor;
        value           nonuniform List<vector> 
35
(
(2.950766659 0.002924784114 0)
(2.951280555 0.005861791322 0)
(2.94784788 -0.002366405893 0)
(2.947131488 -0.004899677829 0)
(2.950816976 0.006297450283 0)
(2.95032731 0.005345763607 0)
(2.947251934 -0.001099237319 0)
(2.947134614 -0.003010180093 0)
(2.948345235 -0.001707121321 0)
(2.948410141 -0.00169181897 0)
(2.948241574 -0.002964306779 0)
(2.947840839 -0.00355416318 0)
(2.94771054 -0.003400831795 0)
(2.947503964 -0.003157888083 0)
(2.947346247 -0.003179632922 0)
(2.946988703 -0.003915400856 0)
(2.946546051 -0.005767634974 0)
(2.946302572 -0.008319579485 0)
(2.946304379 -0.008663532053 0)
(2.946217578 -0.007804479033 0)
(2.945969209 -0.006593743101 0)
(2.945310705 -0.00492704425 0)
(2.94477596 -0.003420411706 0)
(2.944695161 -0.003516447389 0)
(2.945114823 -0.004062374561 0)
(2.945975603 -0.003994697712 0)
(2.946726527 -0.003558966946 0)
(2.949951275 -0.004586854259 0)
(2.94769022 -0.0007079181584 0)
(2.946175546 0.0003362520512 0)
(2.946920712 -0.0006869200436 0)
(2.949577306 -0.001775915485 0)
(2.951510532 -0.0006913238837 0)
(2.950766659 0.002924784114 0)
(2.951047914 -0.0004368881244 0)
)
;
    }
}


// ************************************************************************* //
