/*--------------------------------*- C++ -*----------------------------------*\
  =========                 |
  \\      /  F ield         | OpenFOAM: The Open Source CFD Toolbox
   \\    /   O peration     | Website:  https://openfoam.org
    \\  /    A nd           | Version:  7
     \\/     M anipulation  |
\*---------------------------------------------------------------------------*/
FoamFile
{
    version     2.0;
    format      ascii;
    class       volVectorField;
    location    "0.6";
    object      U;
}
// * * * * * * * * * * * * * * * * * * * * * * * * * * * * * * * * * * * * * //

dimensions      [0 1 -1 0 0 0 0];

internalField   nonuniform List<vector> 
2222
(
(2.702788213 0.01373417293 0)
(2.715146485 0.01328145261 0)
(2.727631379 0.01264979633 0)
(2.740749723 0.01224841202 0)
(2.754019045 0.01243045792 0)
(2.766358183 0.0130906798 0)
(2.777229735 0.01371195207 0)
(2.787367649 0.01394622422 0)
(2.798056479 0.01373715326 0)
(2.809902364 0.01343081044 0)
(2.822555027 0.01315135467 0)
(2.835317449 0.01280933565 0)
(2.847686226 0.01252011792 0)
(2.859160973 0.01247479744 0)
(2.869250385 0.0124228858 0)
(2.878366457 0.01249183199 0)
(2.887481919 0.01265870196 0)
(2.89724201 0.01286149558 0)
(2.907581449 0.01318729842 0)
(2.918029188 0.0133882723 0)
(2.928364892 0.01351233578 0)
(2.938637506 0.01349276485 0)
(2.948903483 0.01336984864 0)
(2.959021247 0.01321843027 0)
(2.968787067 0.01291907203 0)
(2.978216702 0.01281082243 0)
(2.987394747 0.01277774851 0)
(2.99667886 0.01260777626 0)
(3.006409115 0.01255066668 0)
(3.016825618 0.01265295309 0)
(3.026029344 0.01255399074 0)
(3.040896653 0.01245533657 0)
(2.710304098 0.02526839126 0)
(2.722558407 0.02441728667 0)
(2.734802116 0.02312025115 0)
(2.747760867 0.02217604511 0)
(2.761132888 0.02235257936 0)
(2.773718099 0.02345647688 0)
(2.78475848 0.02462060902 0)
(2.794764859 0.02512459621 0)
(2.805158252 0.02485523752 0)
(2.816830175 0.02451924739 0)
(2.829302321 0.02405681941 0)
(2.84199184 0.02338671628 0)
(2.854370873 0.02272947453 0)
(2.865907353 0.02237052783 0)
(2.876068922 0.02204720366 0)
(2.885211539 0.02197798864 0)
(2.894332724 0.0221101252 0)
(2.904111399 0.02231290543 0)
(2.914540254 0.02274179526 0)
(2.925118414 0.02306604736 0)
(2.935580246 0.02331529466 0)
(2.945933546 0.02338172287 0)
(2.956215426 0.02332237228 0)
(2.966272773 0.02323048146 0)
(2.975854352 0.02286841326 0)
(2.985064443 0.02267381051 0)
(2.994081895 0.02251141817 0)
(3.003219966 0.022039663 0)
(3.012865636 0.0217864307 0)
(3.023274196 0.021891884 0)
(3.032446798 0.02172258838 0)
(3.047283502 0.02156106185 0)
(2.710440714 0.04271273976 0)
(2.722687945 0.04145881539 0)
(2.734538308 0.03922480429 0)
(2.746836484 0.03720097491 0)
(2.75968611 0.03694165613 0)
(2.772235284 0.03856360349 0)
(2.783732505 0.04067530982 0)
(2.794237696 0.04195748369 0)
(2.804459059 0.04174858418 0)
(2.815917217 0.0409844643 0)
(2.828251612 0.04008746703 0)
(2.840309378 0.03876643372 0)
(2.851902931 0.03756009422 0)
(2.863150204 0.0369678419 0)
(2.873543464 0.03644389182 0)
(2.882856134 0.03627902054 0)
(2.89178798 0.03632772884 0)
(2.901109241 0.03638033926 0)
(2.911118996 0.03681726458 0)
(2.921509223 0.0372064787 0)
(2.931914226 0.03747880643 0)
(2.942224318 0.03744009088 0)
(2.952460807 0.03724342991 0)
(2.962483476 0.03711776245 0)
(2.9719968 0.03668250324 0)
(2.980971821 0.03641832558 0)
(2.989655974 0.03613547123 0)
(2.99847384 0.03530333727 0)
(3.007863094 0.03476226999 0)
(3.018065177 0.03481186002 0)
(3.027157783 0.03454107859 0)
(3.041983128 0.03426324647 0)
(2.721376863 0.06075793239 0)
(2.732345464 0.0593779716 0)
(2.742455228 0.05655279029 0)
(2.752470641 0.0536753301 0)
(2.763105662 0.05292801026 0)
(2.774704639 0.05472143809 0)
(2.786999953 0.05712621489 0)
(2.800163044 0.05860901104 0)
(2.8141344 0.05936159856 0)
(2.827044283 0.05932787278 0)
(2.837705677 0.05892999293 0)
(2.845582483 0.05729566354 0)
(2.853354862 0.05478868629 0)
(2.862972568 0.05338644418 0)
(2.87338578 0.05248079345 0)
(2.883346483 0.05253958635 0)
(2.892336216 0.05287978293 0)
(2.901042435 0.05301307965 0)
(2.910314969 0.05357636467 0)
(2.92014052 0.05401196432 0)
(2.930108585 0.05422442849 0)
(2.940008553 0.05397799075 0)
(2.949823953 0.05353315062 0)
(2.95943871 0.0532562096 0)
(2.968681327 0.05266070172 0)
(2.977514674 0.05247390612 0)
(2.985879581 0.05232875329 0)
(2.994174688 0.05128347376 0)
(3.00302104 0.05057335619 0)
(3.012898895 0.05072800618 0)
(3.021823974 0.05038170321 0)
(3.036569326 0.04994683049 0)
(2.717575909 0.07756058405 0)
(2.730696121 0.07666552791 0)
(2.742670489 0.0739195722 0)
(2.754151694 0.07084626175 0)
(2.765917797 0.06987631779 0)
(2.778076709 0.0715149341 0)
(2.789974601 0.07419631601 0)
(2.801548239 0.07507716391 0)
(2.813127962 0.07460653069 0)
(2.824329688 0.07525701845 0)
(2.833192622 0.07483154078 0)
(2.843322517 0.07444843781 0)
(2.854460955 0.07210095974 0)
(2.865481388 0.07075009438 0)
(2.875767419 0.0695575378 0)
(2.885631593 0.06938542678 0)
(2.895210258 0.06999002489 0)
(2.904788668 0.070222366 0)
(2.914725565 0.07089619234 0)
(2.924758752 0.0714757097 0)
(2.93442027 0.07172775457 0)
(2.943698619 0.07127599227 0)
(2.952889648 0.07055675904 0)
(2.962135269 0.0701939033 0)
(2.971378647 0.06950529963 0)
(2.98044851 0.06939142657 0)
(2.989083478 0.0694939878 0)
(2.99755797 0.06839847798 0)
(3.006397814 0.06756536565 0)
(3.016214514 0.0676430299 0)
(3.025181697 0.06723828886 0)
(3.039927585 0.06666294633 0)
(2.72118807 0.09544769698 0)
(2.735281033 0.09418894387 0)
(2.748015268 0.09105571082 0)
(2.759845075 0.08721544796 0)
(2.771943368 0.0853759143 0)
(2.784458694 0.08638576019 0)
(2.796821001 0.08893523604 0)
(2.808475102 0.09127579004 0)
(2.816493915 0.09148783301 0)
(2.823169003 0.09254905067 0)
(2.835492946 0.09353147667 0)
(2.848245517 0.09089062249 0)
(2.860895881 0.08739917065 0)
(2.872584303 0.08582876487 0)
(2.882635301 0.08468640357 0)
(2.891749313 0.08413711893 0)
(2.901704066 0.08453231143 0)
(2.912255574 0.08457909113 0)
(2.922861757 0.08515223002 0)
(2.9332188 0.0857548435 0)
(2.942804445 0.08606806336 0)
(2.951671016 0.085504125 0)
(2.960415046 0.08446104924 0)
(2.969472355 0.08375638272 0)
(2.978737237 0.08276027153 0)
(2.987880402 0.0826134885 0)
(2.996757277 0.08281480915 0)
(3.005461955 0.08158615341 0)
(3.014367664 0.08061393707 0)
(3.024060561 0.08061516451 0)
(3.033061638 0.07996646981 0)
(3.047854364 0.07918924008 0)
(2.719712589 0.1124471953 0)
(2.734337351 0.1116230776 0)
(2.747065974 0.1089149423 0)
(2.758131023 0.1048902372 0)
(2.768973657 0.1021813509 0)
(2.78080897 0.1019863959 0)
(2.792943846 0.1035714458 0)
(2.804145624 0.1063052245 0)
(2.816782365 0.1090003396 0)
(2.829393071 0.1101028244 0)
(2.838207975 0.1106045856 0)
(2.847740434 0.1067081858 0)
(2.858988771 0.1028846777 0)
(2.870205127 0.1014465346 0)
(2.880380821 0.1010968014 0)
(2.889164417 0.1004985831 0)
(2.897927089 0.09930389761 0)
(2.908026563 0.098751497 0)
(2.918475937 0.09901337879 0)
(2.928893645 0.0996056136 0)
(2.938788665 0.1000187194 0)
(2.948099092 0.09944627457 0)
(2.957103216 0.09817471469 0)
(2.966002178 0.09719928179 0)
(2.974805308 0.09596470024 0)
(2.98346442 0.09566077676 0)
(2.992122429 0.09579574425 0)
(3.001172748 0.09453700315 0)
(3.010709982 0.09362826289 0)
(3.021079132 0.09370414078 0)
(3.030591203 0.0930504241 0)
(3.045707361 0.09240132932 0)
(2.722087948 0.1294515978 0)
(2.736567078 0.1288555483 0)
(2.749842809 0.1269789632 0)
(2.762530844 0.124517977 0)
(2.774998026 0.1233160743 0)
(2.786356512 0.1226324165 0)
(2.796894709 0.1226991012 0)
(2.807124889 0.124041702 0)
(2.81709873 0.1253771766 0)
(2.827367398 0.1267445623 0)
(2.837756214 0.1256747291 0)
(2.848236553 0.12385307 0)
(2.858206396 0.119533133 0)
(2.868874946 0.1176090204 0)
(2.879550165 0.1183731682 0)
(2.889030539 0.1187052564 0)
(2.897880433 0.1170426379 0)
(2.906921968 0.1170690087 0)
(2.917445157 0.1177743785 0)
(2.927851807 0.1183435837 0)
(2.938018706 0.1185293175 0)
(2.947870914 0.1177284639 0)
(2.957146833 0.116345661 0)
(2.96573031 0.1154818323 0)
(2.973800581 0.1143821357 0)
(2.981712845 0.1141351704 0)
(2.99018441 0.1140647997 0)
(2.999956322 0.1123419213 0)
(3.010692182 0.1111040358 0)
(3.022165664 0.1112147555 0)
(3.031776902 0.1102779138 0)
(3.045119017 0.1082359518 0)
(2.723352246 0.1467310106 0)
(2.738385398 0.1466903165 0)
(2.75124729 0.1456607411 0)
(2.761905661 0.1432019718 0)
(2.770996819 0.1408113816 0)
(2.779919229 0.1388984424 0)
(2.789210183 0.1376775132 0)
(2.80087766 0.1393042275 0)
(2.814189032 0.1408275206 0)
(2.827602719 0.1421497084 0)
(2.841890451 0.1410059813 0)
(2.853385857 0.1387748675 0)
(2.863625867 0.1371062318 0)
(2.871569441 0.1354990274 0)
(2.877599953 0.1356913802 0)
(2.887454383 0.1368546134 0)
(2.899448426 0.1346027698 0)
(2.912422162 0.1320750592 0)
(2.923888339 0.1328266289 0)
(2.934125555 0.13344384 0)
(2.943871314 0.1332564075 0)
(2.953482555 0.1321709513 0)
(2.962710583 0.1309634404 0)
(2.971282209 0.1303813875 0)
(2.979242491 0.129475247 0)
(2.986939791 0.1293010014 0)
(2.995123965 0.128600645 0)
(3.00477432 0.1259962588 0)
(3.015888439 0.1242390006 0)
(3.027832242 0.1241536631 0)
(3.037853737 0.1241215904 0)
(3.049004015 0.1239485655 0)
(2.716445934 0.1615746426 0)
(2.730895099 0.1618242795 0)
(2.744249851 0.1617987642 0)
(2.756180243 0.1596222205 0)
(2.766275057 0.1573690026 0)
(2.776535042 0.156713446 0)
(2.790353105 0.1571863049 0)
(2.804242289 0.1567774559 0)
(2.818288519 0.1560864233 0)
(2.831839201 0.1571333623 0)
(2.842485747 0.1578255208 0)
(2.849037491 0.1522541342 0)
(2.855118929 0.1500152177 0)
(2.864651393 0.1521819778 0)
(2.879142708 0.1521697014 0)
(2.893153291 0.1513413398 0)
(2.905921793 0.1517585107 0)
(2.914697692 0.1492300065 0)
(2.922862303 0.1483836287 0)
(2.932009148 0.1487461635 0)
(2.941839659 0.1484626262 0)
(2.951447705 0.1468652453 0)
(2.961174724 0.14586216 0)
(2.970357652 0.1454132218 0)
(2.978622965 0.1443521927 0)
(2.986556402 0.1442746278 0)
(2.994952864 0.1437049484 0)
(3.00430679 0.1404284357 0)
(3.01500938 0.1379558698 0)
(3.026339212 0.1372787912 0)
(3.034479088 0.1382427378 0)
(3.049733774 0.1396597635 0)
(2.711914734 0.1772445102 0)
(2.726942602 0.1775899789 0)
(2.741365527 0.1780259859 0)
(2.75385009 0.1756626519 0)
(2.76598173 0.173957575 0)
(2.778483721 0.173886621 0)
(2.790043661 0.1734437342 0)
(2.802012751 0.1716930839 0)
(2.814978269 0.1711058762 0)
(2.825860135 0.1713692107 0)
(2.834113462 0.1718296541 0)
(2.843358492 0.1702301585 0)
(2.852903452 0.1689964184 0)
(2.864171117 0.16948071 0)
(2.877011904 0.1666173683 0)
(2.890778505 0.1659776367 0)
(2.902125636 0.1663924559 0)
(2.911576775 0.1647657054 0)
(2.92063398 0.1643517672 0)
(2.93035003 0.1650147486 0)
(2.940393161 0.1644819866 0)
(2.950631212 0.1623638285 0)
(2.961697777 0.1617211059 0)
(2.971562824 0.161250654 0)
(2.980542713 0.1598465593 0)
(2.989271924 0.1596784288 0)
(2.998582397 0.1594492782 0)
(3.009700203 0.156849503 0)
(3.020338002 0.153993675 0)
(3.029256045 0.1543691071 0)
(3.036002493 0.1556817576 0)
(3.04707814 0.1530394226 0)
(2.708980068 0.1928759404 0)
(2.724622836 0.193339428 0)
(2.737749852 0.1936191999 0)
(2.751117071 0.1927730504 0)
(2.764770929 0.1913044088 0)
(2.777860787 0.1907314951 0)
(2.790566704 0.1886036808 0)
(2.803065262 0.1880044596 0)
(2.813373121 0.1875760037 0)
(2.823594645 0.1896077419 0)
(2.835548304 0.1899821835 0)
(2.847145882 0.186125615 0)
(2.859199761 0.1836783541 0)
(2.871876817 0.1836919489 0)
(2.885591015 0.1835599822 0)
(2.895826164 0.1841386326 0)
(2.903495866 0.1841262068 0)
(2.912823298 0.183197643 0)
(2.922989697 0.1818757667 0)
(2.933156224 0.1806103166 0)
(2.944396953 0.1804493471 0)
(2.955637048 0.1789131227 0)
(2.962677182 0.1768956925 0)
(2.96972165 0.1767370762 0)
(2.978971879 0.1750118994 0)
(2.988968038 0.1746658303 0)
(2.998650495 0.1746649982 0)
(3.008213681 0.1717838826 0)
(3.017981871 0.1677401378 0)
(3.027907863 0.1698038143 0)
(3.034558119 0.1712640552 0)
(3.045401318 0.1685468642 0)
(2.704624535 0.2065346702 0)
(2.721020548 0.208491926 0)
(2.739466083 0.2096230151 0)
(2.756059117 0.2078164258 0)
(2.770940243 0.2061602542 0)
(2.78411542 0.2047984094 0)
(2.795346681 0.2047154122 0)
(2.801777056 0.2035349364 0)
(2.809121888 0.2024845053 0)
(2.819092832 0.2035566662 0)
(2.830740217 0.2030934569 0)
(2.844475732 0.2008380838 0)
(2.857265943 0.1990901399 0)
(2.869213337 0.1976186797 0)
(2.879779075 0.1969484886 0)
(2.88940489 0.1982517313 0)
(2.898790891 0.1990552308 0)
(2.907802999 0.1983211571 0)
(2.916814644 0.1966411446 0)
(2.927321058 0.1940100843 0)
(2.938291053 0.1923202622 0)
(2.949487536 0.1915198672 0)
(2.962279068 0.1919371781 0)
(2.973116226 0.1902103243 0)
(2.98363542 0.1882202458 0)
(2.993921445 0.1878232554 0)
(3.003874841 0.1876872167 0)
(3.012976545 0.1863045091 0)
(3.020377834 0.1847091378 0)
(3.024180971 0.1854500433 0)
(3.029222437 0.1868510704 0)
(3.045797308 0.1834593136 0)
(2.709115444 0.223100334 0)
(2.721866953 0.2249786734 0)
(2.735467359 0.2232879939 0)
(2.751505946 0.2205039529 0)
(2.766317315 0.2195842908 0)
(2.778652476 0.2187191941 0)
(2.787673948 0.2198236454 0)
(2.797837584 0.2207050818 0)
(2.808283664 0.2197695447 0)
(2.818883123 0.2199985455 0)
(2.829916737 0.2196820519 0)
(2.842002361 0.2165061552 0)
(2.855515717 0.2151600229 0)
(2.868625313 0.2158508415 0)
(2.880202138 0.2162352022 0)
(2.89029419 0.2171264111 0)
(2.899069899 0.2168704344 0)
(2.906149967 0.2144573044 0)
(2.914538915 0.2126875854 0)
(2.927050007 0.210714092 0)
(2.940025858 0.2090179438 0)
(2.949978587 0.2082280088 0)
(2.957548542 0.204482982 0)
(2.967371998 0.2012160868 0)
(2.977716261 0.1992692269 0)
(2.98791746 0.1991656337 0)
(2.997418896 0.1988528429 0)
(3.005112616 0.1976017956 0)
(3.010755593 0.1985127893 0)
(3.021267741 0.2019856452 0)
(3.031540375 0.2009327861 0)
(3.04783162 0.1990758781 0)
(2.702670932 0.2380735888 0)
(2.716683735 0.2408796398 0)
(2.731549637 0.2399047793 0)
(2.746124753 0.2373287786 0)
(2.760215445 0.236736032 0)
(2.77410016 0.2366040801 0)
(2.789432669 0.2366228099 0)
(2.803249459 0.2354462704 0)
(2.815683184 0.2336640983 0)
(2.82631517 0.2337494846 0)
(2.835639427 0.23426022 0)
(2.84516342 0.2336189962 0)
(2.852657534 0.2317272658 0)
(2.860648232 0.2305555169 0)
(2.870472347 0.23005201 0)
(2.880451073 0.2306888382 0)
(2.891187509 0.2302093459 0)
(2.903811679 0.2283409713 0)
(2.917176151 0.2284025039 0)
(2.92810474 0.2276916499 0)
(2.935217138 0.2238313559 0)
(2.942385753 0.2229267215 0)
(2.95201296 0.2206705889 0)
(2.961892348 0.2181112695 0)
(2.971569126 0.2163048945 0)
(2.980978231 0.2165139875 0)
(2.989907332 0.2165350242 0)
(2.998519164 0.2159959268 0)
(3.007404381 0.2150018127 0)
(3.018136604 0.2146985616 0)
(3.028811128 0.2135895887 0)
(3.041824614 0.2117368703 0)
(2.70579292 0.2570954512 0)
(2.720232397 0.257776281 0)
(2.735267413 0.2562349383 0)
(2.74959457 0.2531043147 0)
(2.763187523 0.2517868479 0)
(2.776736318 0.2543082718 0)
(2.788573094 0.254074438 0)
(2.80040224 0.2503840337 0)
(2.811620666 0.2472475621 0)
(2.821762087 0.2473538084 0)
(2.830180278 0.2495418653 0)
(2.836489735 0.2486113752 0)
(2.844312541 0.2485484089 0)
(2.854621306 0.2486095302 0)
(2.866349303 0.2483558786 0)
(2.878511106 0.2486943537 0)
(2.890885008 0.2470119698 0)
(2.902797778 0.2425534929 0)
(2.912994287 0.2409229448 0)
(2.920809138 0.2409073771 0)
(2.930975708 0.2411484095 0)
(2.94302506 0.2386691309 0)
(2.955588715 0.2359679888 0)
(2.966389802 0.233033082 0)
(2.975860635 0.2308037517 0)
(2.985061753 0.2313168888 0)
(2.993937421 0.2313354003 0)
(3.002821788 0.2295797802 0)
(3.012876403 0.2290241667 0)
(3.021164428 0.2294096185 0)
(3.026957675 0.2293304663 0)
(3.041750929 0.2274265038 0)
(2.702533935 0.2753757048 0)
(2.717770931 0.2751685601 0)
(2.732579838 0.2733459582 0)
(2.746670168 0.2712232497 0)
(2.759255581 0.2705030716 0)
(2.770044442 0.2700717951 0)
(2.781410052 0.2683428863 0)
(2.793582991 0.2668877705 0)
(2.804712176 0.2645717346 0)
(2.814528155 0.2658573394 0)
(2.823561946 0.2686160474 0)
(2.834819117 0.2674041736 0)
(2.847623185 0.2659832658 0)
(2.859667476 0.2646644289 0)
(2.87218549 0.2636431828 0)
(2.88488868 0.263346185 0)
(2.897495742 0.2612797012 0)
(2.908323577 0.257407832 0)
(2.913364554 0.2575713945 0)
(2.918943021 0.2588715656 0)
(2.92693115 0.2560655697 0)
(2.938764492 0.2512283485 0)
(2.951388097 0.2492965153 0)
(2.961579713 0.2467190124 0)
(2.971068414 0.2442163301 0)
(2.980601683 0.2442088877 0)
(2.990100712 0.2446231168 0)
(2.999520199 0.2429313527 0)
(3.007275903 0.2410527392 0)
(3.014343581 0.2448897708 0)
(3.021526566 0.2448972091 0)
(3.036368032 0.2393096577 0)
(2.703044435 0.292707846 0)
(2.716461356 0.2917496783 0)
(2.730063911 0.2897070466 0)
(2.743486567 0.2882956781 0)
(2.756409247 0.2893147701 0)
(2.769723291 0.2908406964 0)
(2.783713504 0.2889778212 0)
(2.795930693 0.2845839822 0)
(2.80745423 0.2817025943 0)
(2.81783436 0.2826704346 0)
(2.827354505 0.2850652073 0)
(2.837202482 0.2858954147 0)
(2.845923077 0.2817226723 0)
(2.85712969 0.2800972448 0)
(2.869834745 0.2792071473 0)
(2.883083324 0.2788902518 0)
(2.894720305 0.2772659315 0)
(2.905052538 0.2756194393 0)
(2.915902261 0.2724570939 0)
(2.926164026 0.2728033941 0)
(2.935657534 0.273751431 0)
(2.943042327 0.2701154512 0)
(2.94709945 0.26708546 0)
(2.95579537 0.2653063977 0)
(2.967130196 0.2630116864 0)
(2.977888637 0.2627132216 0)
(2.987536409 0.2627408706 0)
(2.996492992 0.2599829994 0)
(3.006879438 0.2579317146 0)
(3.016436474 0.2592449655 0)
(3.025960209 0.2597364196 0)
(3.039365671 0.2554692237 0)
(2.710855322 0.3100096366 0)
(2.723544172 0.3097636825 0)
(2.73499933 0.3096012923 0)
(2.74584759 0.3084537497 0)
(2.756584707 0.3082237971 0)
(2.767563451 0.3071671914 0)
(2.778990425 0.3036212372 0)
(2.791772042 0.2997615838 0)
(2.803515942 0.298012616 0)
(2.813701955 0.3000179881 0)
(2.822571246 0.3023284325 0)
(2.830431627 0.3003362818 0)
(2.841381126 0.2990350606 0)
(2.853588621 0.2972729593 0)
(2.866262892 0.2947829855 0)
(2.87931615 0.2942328183 0)
(2.890604242 0.2932784907 0)
(2.900876934 0.2894119773 0)
(2.912875199 0.2866716362 0)
(2.923573897 0.2869788006 0)
(2.930619815 0.28612624 0)
(2.936107539 0.2857346211 0)
(2.946873744 0.2836389019 0)
(2.959522323 0.2802645195 0)
(2.972886671 0.2778479561 0)
(2.984149552 0.2769880578 0)
(2.99313626 0.2761463989 0)
(3.000980304 0.2757745096 0)
(3.005265366 0.2726054349 0)
(3.01280452 0.2714765884 0)
(3.02111354 0.2713547364 0)
(3.035299389 0.2704251799 0)
(2.707470755 0.3229848877 0)
(2.719217848 0.3230988757 0)
(2.730324338 0.3248524313 0)
(2.741161953 0.3247814969 0)
(2.75345907 0.3239717895 0)
(2.767225551 0.322585663 0)
(2.77976981 0.3198996103 0)
(2.78969216 0.3169122044 0)
(2.798353258 0.3150665159 0)
(2.80752073 0.3170736039 0)
(2.817720847 0.3195257972 0)
(2.831072089 0.3175899373 0)
(2.844124503 0.3143808969 0)
(2.858321408 0.3135648612 0)
(2.873081686 0.3129366928 0)
(2.884395814 0.3119351014 0)
(2.893702425 0.3107769092 0)
(2.903042054 0.307780803 0)
(2.910940063 0.3038802095 0)
(2.917219463 0.3035403369 0)
(2.923975075 0.3054309962 0)
(2.93209093 0.3039214789 0)
(2.942644255 0.2976120374 0)
(2.956936137 0.2929050045 0)
(2.969987092 0.2906526574 0)
(2.980688901 0.2908145191 0)
(2.98889806 0.2905136244 0)
(2.994253674 0.2897851692 0)
(3.001215438 0.2882709722 0)
(3.00953234 0.2886963668 0)
(3.017032505 0.2894029164 0)
(3.031587083 0.2859056231 0)
(2.703825165 0.3395431049 0)
(2.717007234 0.3408528652 0)
(2.728684199 0.343434682 0)
(2.738826441 0.3417382541 0)
(2.750709973 0.3377725502 0)
(2.765134088 0.3355091021 0)
(2.779584707 0.3349853847 0)
(2.792325578 0.3347103637 0)
(2.803158796 0.333891535 0)
(2.81294283 0.335289558 0)
(2.822484794 0.3371714255 0)
(2.831105715 0.3344935844 0)
(2.841815464 0.3288514691 0)
(2.855082193 0.3267354709 0)
(2.868655874 0.3264490486 0)
(2.880214718 0.3275795226 0)
(2.88974665 0.3262800971 0)
(2.897603688 0.321782316 0)
(2.906294715 0.3210672884 0)
(2.917516329 0.3220198889 0)
(2.928309793 0.3206675957 0)
(2.940052649 0.3190137537 0)
(2.951681079 0.314179954 0)
(2.957830322 0.3093060954 0)
(2.965531927 0.3081626213 0)
(2.975484715 0.3090358926 0)
(2.985618744 0.3087755628 0)
(2.99638753 0.3064324364 0)
(3.005636418 0.3031600929 0)
(3.014692916 0.3040257687 0)
(3.022252514 0.3036081292 0)
(3.037876882 0.3007461539 0)
(2.710645649 0.3562460178 0)
(2.724660111 0.358237712 0)
(2.736898696 0.361194352 0)
(2.746965765 0.3592510694 0)
(2.757310844 0.3541214357 0)
(2.768366296 0.3511227248 0)
(2.779729525 0.350922412 0)
(2.790129433 0.3501262988 0)
(2.799241064 0.3484044197 0)
(2.807523271 0.3494544856 0)
(2.816835923 0.3516671534 0)
(2.830184627 0.3501005673 0)
(2.84476789 0.3465040823 0)
(2.85661137 0.3435710464 0)
(2.866630694 0.3422774688 0)
(2.87579661 0.342197656 0)
(2.884618407 0.3406785373 0)
(2.893877421 0.3376088087 0)
(2.903371935 0.3364562889 0)
(2.913435924 0.3355571213 0)
(2.925989277 0.3333124262 0)
(2.938106885 0.3303034808 0)
(2.948273011 0.3281645869 0)
(2.958660401 0.3256578264 0)
(2.968331878 0.3231000591 0)
(2.979106136 0.3227510211 0)
(2.989714701 0.3248993028 0)
(2.997153803 0.3221139062 0)
(3.004294536 0.3158717046 0)
(3.012149722 0.3172933106 0)
(3.019986696 0.3179923417 0)
(3.033913418 0.3131062331 0)
(2.715555133 0.3836100519 0)
(2.726505829 0.3800532998 0)
(2.736064124 0.3774868214 0)
(2.745737388 0.3738694339 0)
(2.753814401 0.3702214308 0)
(2.762429653 0.3673097805 0)
(2.772517144 0.3650416478 0)
(2.783756092 0.3652312364 0)
(2.794513423 0.3651011344 0)
(2.804756267 0.3668274117 0)
(2.815914393 0.3680541778 0)
(2.828491754 0.3643535271 0)
(2.841363565 0.3602072014 0)
(2.854179442 0.3581401091 0)
(2.866376305 0.3576841128 0)
(2.876525015 0.3576834356 0)
(2.885584534 0.3568341625 0)
(2.894855919 0.3545844255 0)
(2.903435168 0.3513636946 0)
(2.913131364 0.3514318695 0)
(2.924412289 0.3496848436 0)
(2.934741776 0.3476491503 0)
(2.944332721 0.3453487883 0)
(2.954170238 0.3404264566 0)
(2.9654699 0.3372100004 0)
(2.975983125 0.3366280315 0)
(2.984439245 0.3372735654 0)
(2.99281981 0.3365867006 0)
(3.001080883 0.3322197455 0)
(3.008340751 0.3342352771 0)
(3.015998949 0.3339140611 0)
(3.033895196 0.3295719749 0)
(2.708357216 0.403136678 0)
(2.720115025 0.3983978342 0)
(2.7311533 0.3963775214 0)
(2.742424631 0.3922887598 0)
(2.750175801 0.3879905466 0)
(2.759388445 0.3859765665 0)
(2.773531483 0.385647516 0)
(2.786062444 0.3835439599 0)
(2.797420856 0.3816204034 0)
(2.808915878 0.3820598426 0)
(2.8212987 0.3829699508 0)
(2.834913043 0.3810710883 0)
(2.845876965 0.3781140748 0)
(2.854959587 0.3756159069 0)
(2.863139199 0.3723611793 0)
(2.871445893 0.3724800907 0)
(2.881800353 0.3724139277 0)
(2.892967005 0.3701815396 0)
(2.905188124 0.3656591592 0)
(2.917658836 0.3647127052 0)
(2.929379897 0.3634914351 0)
(2.939733336 0.3619043328 0)
(2.950201319 0.3597802785 0)
(2.962288317 0.3568164063 0)
(2.972417167 0.3545875074 0)
(2.978996382 0.3545325476 0)
(2.986015896 0.355405194 0)
(2.994696904 0.352173454 0)
(3.004595362 0.3470454173 0)
(3.012796561 0.3476354851 0)
(3.01952409 0.3480847499 0)
(3.032032324 0.3433927851 0)
(2.703580918 0.4176720207 0)
(2.720936569 0.4157582319 0)
(2.734178249 0.4119577185 0)
(2.746872137 0.4089553147 0)
(2.759825314 0.4098110861 0)
(2.76888924 0.4088202041 0)
(2.774758113 0.4050671475 0)
(2.78343853 0.401155581 0)
(2.7944973 0.3983837803 0)
(2.806140344 0.3975378458 0)
(2.818760927 0.3974034701 0)
(2.831382361 0.3960026345 0)
(2.841719959 0.3935565043 0)
(2.849288511 0.3903721985 0)
(2.860348411 0.388736738 0)
(2.873237319 0.3875166458 0)
(2.885989268 0.3860877366 0)
(2.89791257 0.3830205407 0)
(2.908894258 0.381449232 0)
(2.918089502 0.3788436009 0)
(2.927543211 0.3781639386 0)
(2.937549512 0.3779490154 0)
(2.948508058 0.3751859985 0)
(2.959493338 0.3714303208 0)
(2.968684696 0.3703113698 0)
(2.97596952 0.3705639552 0)
(2.982197355 0.3695177353 0)
(2.991956185 0.3648947329 0)
(3.001699243 0.3593162421 0)
(3.008984501 0.3608123797 0)
(3.01391612 0.3605910619 0)
(3.026044798 0.3576615705 0)
(2.709340995 0.4191629819 0)
(2.715035257 0.4330044288 0)
(2.730806798 0.4305912755 0)
(2.744958006 0.4279800316 0)
(2.756654248 0.4259377868 0)
(2.766149057 0.4239132424 0)
(2.777215292 0.4213914848 0)
(2.790158536 0.4193049954 0)
(2.802869265 0.4179660249 0)
(2.81401235 0.4179524371 0)
(2.823965173 0.4179180252 0)
(2.832605966 0.4143471619 0)
(2.84063852 0.4093388436 0)
(2.851118039 0.4066411228 0)
(2.861134761 0.40483347 0)
(2.872251149 0.4025927544 0)
(2.883838257 0.4008629656 0)
(2.894140859 0.396620017 0)
(2.902493251 0.3933825129 0)
(2.911339279 0.3927843644 0)
(2.921504183 0.3929490012 0)
(2.933148354 0.3936897604 0)
(2.944468353 0.3908613626 0)
(2.953827144 0.3862422145 0)
(2.962817291 0.3850230538 0)
(2.973198975 0.3857145202 0)
(2.98481459 0.3849263004 0)
(2.993210739 0.3800719649 0)
(2.997482356 0.375655796 0)
(3.002775388 0.3773063295 0)
(3.011099814 0.3769162554 0)
(3.028445326 0.3734700867 0)
(2.7080697 0.4410208125 0)
(2.710920671 0.4545425208 0)
(2.731365898 0.4564990035 0)
(2.75009849 0.4514387297 0)
(2.758095643 0.4453527213 0)
(2.766632151 0.4395018121 0)
(2.779078309 0.435921939 0)
(2.792256139 0.4346868905 0)
(2.803301956 0.4330921497 0)
(2.812174904 0.4321315407 0)
(2.820586174 0.4321668004 0)
(2.831119969 0.4304606657 0)
(2.843426396 0.4270534548 0)
(2.85369091 0.4244977886 0)
(2.863110583 0.4224617376 0)
(2.87385069 0.420770742 0)
(2.88509268 0.4200576934 0)
(2.896114524 0.4170959442 0)
(2.906053373 0.4132903472 0)
(2.915611168 0.4116190285 0)
(2.924926951 0.410429849 0)
(2.932763605 0.4093954487 0)
(2.942044994 0.4064158698 0)
(2.953507462 0.4037334501 0)
(2.965466463 0.4020027654 0)
(2.976853848 0.4005825139 0)
(2.987198982 0.4005824373 0)
(2.993463403 0.3965694601 0)
(2.998109803 0.3901496866 0)
(3.005004322 0.3916461197 0)
(3.013649923 0.3934430125 0)
(3.027625036 0.3870554569 0)
(2.781311338 0.347147835 0)
(2.74003194 0.4447004593 0)
(2.732216108 0.4669023127 0)
(2.743762221 0.4695445245 0)
(2.758873123 0.4624066754 0)
(2.769091801 0.4566616474 0)
(2.780120245 0.4511744425 0)
(2.791627293 0.4483418091 0)
(2.802709606 0.4472921384 0)
(2.812039011 0.4483709835 0)
(2.820947667 0.4500751558 0)
(2.831091519 0.4484012223 0)
(2.840406742 0.4434576027 0)
(2.848349396 0.4386232011 0)
(2.85724487 0.4350680271 0)
(2.867799839 0.4339810861 0)
(2.879684124 0.4341357755 0)
(2.891480982 0.4315261148 0)
(2.900910608 0.426751396 0)
(2.909662765 0.4244779687 0)
(2.921011815 0.4249436348 0)
(2.932871719 0.4260329277 0)
(2.94276962 0.4242776822 0)
(2.951802109 0.4214195037 0)
(2.961360558 0.417583408 0)
(2.971710818 0.4132024542 0)
(2.979348124 0.4128622155 0)
(2.985472086 0.4085353687 0)
(2.992966822 0.4028230045 0)
(3.00021702 0.4040102711 0)
(3.008919343 0.4060906345 0)
(3.027030129 0.4028346496 0)
(2.842425756 0.2729745626 0)
(2.755078578 0.4599700182 0)
(2.730641344 0.4886249924 0)
(2.739021963 0.4882320367 0)
(2.753145701 0.4829131189 0)
(2.769851968 0.4762502968 0)
(2.786148327 0.4701027404 0)
(2.79711843 0.4653893728 0)
(2.803826471 0.4631786729 0)
(2.810272715 0.465984537 0)
(2.817823422 0.4679620518 0)
(2.826988542 0.4640824633 0)
(2.837111221 0.4586463 0)
(2.848429288 0.4564637207 0)
(2.861137573 0.455953224 0)
(2.873728791 0.4544640171 0)
(2.883932754 0.451737888 0)
(2.892061269 0.4471150207 0)
(2.901046497 0.4437485404 0)
(2.911088558 0.4441955199 0)
(2.919913179 0.4431745705 0)
(2.926447716 0.440657116 0)
(2.933841764 0.437372148 0)
(2.944587703 0.434301871 0)
(2.957348062 0.4310699567 0)
(2.970195856 0.4292375001 0)
(2.980852164 0.430447071 0)
(2.990112076 0.4265389034 0)
(2.997690744 0.421828258 0)
(3.004139549 0.4240892604 0)
(3.012525318 0.4209654491 0)
(3.031078674 0.4159957566 0)
(2.914852016 0.09621682496 0)
(2.810296071 0.3350001823 0)
(2.769245243 0.4375701587 0)
(2.746232566 0.4957335323 0)
(2.748778888 0.5012112808 0)
(2.763581731 0.4943351004 0)
(2.780809044 0.4886342177 0)
(2.793964592 0.4865118122 0)
(2.799705088 0.4833549348 0)
(2.802732119 0.4813695959 0)
(2.810211041 0.4810446223 0)
(2.823582026 0.4782930036 0)
(2.837854368 0.4746124108 0)
(2.849970669 0.4732614248 0)
(2.860963831 0.4721010496 0)
(2.871792371 0.4698554784 0)
(2.88233825 0.4678045696 0)
(2.892350308 0.4642066804 0)
(2.900043559 0.4607860285 0)
(2.905631254 0.4582007183 0)
(2.912961304 0.4572766105 0)
(2.923552938 0.458156309 0)
(2.937151392 0.4555757779 0)
(2.950553011 0.4514534678 0)
(2.962946394 0.4486279526 0)
(2.972797779 0.4488020024 0)
(2.978547312 0.4483716594 0)
(2.985655908 0.4412294099 0)
(2.993525868 0.43546618 0)
(3.001618855 0.4364645431 0)
(3.011057322 0.4339009252 0)
(3.02910968 0.4290022413 0)
(2.954532617 -0.003832401692 0)
(2.914145219 0.1370769275 0)
(2.791139364 0.4188476085 0)
(2.751152849 0.5012118228 0)
(2.752426398 0.5188786361 0)
(2.765790326 0.5158456166 0)
(2.77862326 0.5108277771 0)
(2.786876732 0.5052291181 0)
(2.793497583 0.5028213578 0)
(2.801075515 0.5009407151 0)
(2.810694704 0.4971219074 0)
(2.822600672 0.4916170059 0)
(2.835552175 0.4875754215 0)
(2.848177898 0.4861636308 0)
(2.85933108 0.4855659941 0)
(2.868308646 0.4843155071 0)
(2.875744528 0.4812777793 0)
(2.883005291 0.4769660221 0)
(2.890933096 0.4751409136 0)
(2.899176922 0.475373961 0)
(2.908774573 0.4743714508 0)
(2.920356553 0.4723635688 0)
(2.934642004 0.468413637 0)
(2.948190623 0.4644252029 0)
(2.958770507 0.4613141552 0)
(2.966229917 0.4609611286 0)
(2.9725859 0.4619062346 0)
(2.9820487 0.4561299292 0)
(2.992682749 0.4498978714 0)
(3.003750127 0.4507419608 0)
(3.013346301 0.4504126248 0)
(3.027602092 0.4454527782 0)
(2.970393146 -0.03328784463 0)
(2.959537593 0.03633856426 0)
(2.895807703 0.2131586783 0)
(2.794132647 0.4234808202 0)
(2.775957809 0.5021145706 0)
(2.774489121 0.5247223355 0)
(2.778087997 0.5320212081 0)
(2.783460088 0.5292457664 0)
(2.78857749 0.5249352147 0)
(2.797235035 0.5169981468 0)
(2.807859351 0.5093534891 0)
(2.819386763 0.5033327126 0)
(2.832241989 0.4993547443 0)
(2.846388213 0.4984725927 0)
(2.859601617 0.499418498 0)
(2.868235327 0.5005382823 0)
(2.874410231 0.501570329 0)
(2.882738463 0.4990877063 0)
(2.891934127 0.4940140481 0)
(2.902370481 0.4909899604 0)
(2.915014409 0.4896437019 0)
(2.927950818 0.4883696167 0)
(2.939145947 0.4842163517 0)
(2.949150397 0.480634666 0)
(2.958028938 0.4783054084 0)
(2.966747332 0.4790909696 0)
(2.975445452 0.4804424975 0)
(2.985508238 0.4748697499 0)
(2.99523337 0.4670495068 0)
(3.002853151 0.4651276566 0)
(3.008608091 0.4634988621 0)
(3.02245614 0.4591936256 0)
(2.981601584 -0.0356220225 0)
(2.97697619 -0.003569451855 0)
(2.955634167 0.08260933342 0)
(2.880378603 0.2738880421 0)
(2.798244611 0.4819311564 0)
(2.773208348 0.5363698256 0)
(2.776402081 0.5439845263 0)
(2.780379008 0.5537748825 0)
(2.788261454 0.5493231437 0)
(2.798018059 0.5358094522 0)
(2.811291937 0.5254993095 0)
(2.826316848 0.5240070883 0)
(2.840433234 0.5231665847 0)
(2.850943432 0.5196193654 0)
(2.857497437 0.515875335 0)
(2.861847142 0.5149302527 0)
(2.868142111 0.5161351852 0)
(2.877316681 0.5147110845 0)
(2.888493677 0.5103928801 0)
(2.900951246 0.5059325994 0)
(2.91456573 0.5026098946 0)
(2.928761739 0.5024949178 0)
(2.940607431 0.4997663729 0)
(2.948033676 0.4965506709 0)
(2.954515985 0.4945579387 0)
(2.961826148 0.4944182904 0)
(2.969896567 0.4932786569 0)
(2.979603751 0.4860058971 0)
(2.989146937 0.4789523265 0)
(2.999841883 0.4797700216 0)
(3.010705824 0.4799853155 0)
(3.024680548 0.4768302199 0)
(2.980861456 -0.03129226359 0)
(2.987537584 -0.002077863108 0)
(2.984119884 0.02600133528 0)
(2.95583406 0.1216806821 0)
(2.858744928 0.3548290366 0)
(2.820991487 0.4564494615 0)
(2.787782415 0.556118241 0)
(2.775352848 0.5724374539 0)
(2.787647457 0.5662107402 0)
(2.799233699 0.5537886185 0)
(2.811797401 0.5438869305 0)
(2.826698561 0.5392263771 0)
(2.839420804 0.5389028042 0)
(2.845849958 0.5378292985 0)
(2.851878398 0.5357314472 0)
(2.8616642 0.5348910482 0)
(2.872622134 0.5356049065 0)
(2.883908523 0.5326390126 0)
(2.895853958 0.5270600809 0)
(2.90730839 0.5228275966 0)
(2.917983694 0.5187973445 0)
(2.926442836 0.5162958813 0)
(2.933888158 0.5145828686 0)
(2.940567509 0.5126283999 0)
(2.948190438 0.5100957098 0)
(2.956822503 0.5087446135 0)
(2.969177755 0.5082841864 0)
(2.983833063 0.5032458452 0)
(2.994265268 0.4981981711 0)
(3.00107174 0.4974068118 0)
(3.006295446 0.4949744175 0)
(3.017239561 0.4898393842 0)
(2.986315051 -0.011909165 0)
(2.989984012 -0.003760893546 0)
(2.991518315 0.02084345766 0)
(2.988365795 0.05051882467 0)
(2.947940356 0.1704735899 0)
(2.862714312 0.3998166511 0)
(2.802288837 0.5461849598 0)
(2.791988653 0.5680452409 0)
(2.794221843 0.5666179558 0)
(2.803424011 0.5623388148 0)
(2.819440949 0.5581435625 0)
(2.831267055 0.5563845102 0)
(2.835504543 0.555044768 0)
(2.841120533 0.555149836 0)
(2.848533557 0.5548613919 0)
(2.858662846 0.5513546779 0)
(2.868892047 0.5492443442 0)
(2.880879063 0.5449120059 0)
(2.895281777 0.5388599643 0)
(2.909116822 0.5378594874 0)
(2.91980927 0.5388101302 0)
(2.927939579 0.5380263668 0)
(2.935171356 0.5325925787 0)
(2.943340306 0.5282667471 0)
(2.952991799 0.5251274915 0)
(2.964148913 0.5252803238 0)
(2.97372187 0.5245334124 0)
(2.981790335 0.5161356414 0)
(2.988001377 0.5097680705 0)
(2.994406738 0.509899543 0)
(3.002644175 0.5094877906 0)
(3.019405117 0.5055455127 0)
(2.985533788 -0.007112345818 0)
(2.997561704 0.01577827053 0)
(2.994810297 0.02250973967 0)
(2.999558055 0.04010959751 0)
(2.993052693 0.0821957597 0)
(2.958699585 0.2094573723 0)
(2.830938838 0.4780173441 0)
(2.807908735 0.5449921282 0)
(2.797691028 0.5881944181 0)
(2.804728606 0.5870227329 0)
(2.817156743 0.5768714829 0)
(2.825412509 0.5736213872 0)
(2.829916121 0.5709764349 0)
(2.833928449 0.569905943 0)
(2.842766389 0.5682123782 0)
(2.856733269 0.5693566609 0)
(2.872307016 0.5691831142 0)
(2.88734774 0.5627020402 0)
(2.899498688 0.5551917563 0)
(2.907622594 0.5516634839 0)
(2.915150919 0.5525078118 0)
(2.922428925 0.5527098555 0)
(2.93183864 0.548400765 0)
(2.941948681 0.5437104542 0)
(2.953156181 0.538935886 0)
(2.963877323 0.538055004 0)
(2.972245078 0.5387089795 0)
(2.981610907 0.5335907317 0)
(2.990506622 0.5287894578 0)
(2.998231125 0.5279889704 0)
(3.006261187 0.5258745399 0)
(3.020644358 0.5206704817 0)
(2.988726677 0.005250315124 0)
(2.998130658 0.02591727745 0)
(3.002099902 0.03815811044 0)
(3.007355751 0.04135151045 0)
(3.007729618 0.05924600201 0)
(2.997288705 0.1179844255 0)
(2.947117432 0.2654977186 0)
(2.817415848 0.5236369071 0)
(2.812719262 0.5921254107 0)
(2.808033392 0.6030535041 0)
(2.814157995 0.599241798 0)
(2.820680735 0.5918913077 0)
(2.826866648 0.5874318291 0)
(2.835788795 0.5873599928 0)
(2.847819143 0.5888697363 0)
(2.860122085 0.5871130289 0)
(2.872632067 0.5821712297 0)
(2.886395094 0.5747474667 0)
(2.898320084 0.5704919106 0)
(2.90936273 0.5715955261 0)
(2.917814263 0.5740297132 0)
(2.924871333 0.5735617601 0)
(2.934062466 0.5682593802 0)
(2.944342183 0.5622043088 0)
(2.955353845 0.5566418389 0)
(2.965350108 0.5557520309 0)
(2.973302848 0.5559537879 0)
(2.980820515 0.5499560792 0)
(2.986696175 0.5426497207 0)
(2.991949759 0.5403123293 0)
(2.999975967 0.5374352184 0)
(3.018243572 0.5334443046 0)
(2.99104185 0.01203567316 0)
(3.000466829 0.03544541132 0)
(3.003993343 0.0464008433 0)
(3.01115088 0.05031635126 0)
(3.019650468 0.0618399806 0)
(3.017459438 0.0806078276 0)
(2.994146845 0.1671709093 0)
(2.939328652 0.3256214618 0)
(2.844916371 0.5511940227 0)
(2.807136572 0.6153824428 0)
(2.810279244 0.6188295756 0)
(2.817214429 0.616060284 0)
(2.822246038 0.6103765795 0)
(2.830069431 0.605395437 0)
(2.84326476 0.6015306418 0)
(2.86031011 0.5977240777 0)
(2.877316058 0.5960673787 0)
(2.890677304 0.593553594 0)
(2.899887185 0.5916721633 0)
(2.906048927 0.5912136753 0)
(2.910617764 0.5888069564 0)
(2.91780512 0.5846994414 0)
(2.929156648 0.5787138338 0)
(2.941170828 0.5733738285 0)
(2.951864231 0.5687253926 0)
(2.960361563 0.5682775583 0)
(2.967712426 0.5683771746 0)
(2.976461701 0.5625102903 0)
(2.985357824 0.5584551327 0)
(2.994467634 0.5595804574 0)
(3.004849401 0.5543290352 0)
(3.019860498 0.5475773279 0)
(2.996285033 0.02489385665 0)
(3.004813978 0.04867448217 0)
(3.007366013 0.05771286006 0)
(3.014670475 0.06403836143 0)
(3.022968913 0.06592525816 0)
(3.028482819 0.08645688194 0)
(3.02400818 0.1067418328 0)
(2.998488757 0.2076544677 0)
(2.907811287 0.4285949519 0)
(2.875382645 0.5313234545 0)
(2.824359552 0.6167255485 0)
(2.816028499 0.6373461387 0)
(2.818512423 0.6366379357 0)
(2.825071193 0.6293112485 0)
(2.837503926 0.6203417009 0)
(2.855068714 0.6117099637 0)
(2.871629113 0.6067753525 0)
(2.884121212 0.6056839722 0)
(2.8918833 0.6055991538 0)
(2.897134669 0.6065786502 0)
(2.906440185 0.6045850909 0)
(2.91948553 0.6004470694 0)
(2.933497799 0.5952265976 0)
(2.946227081 0.5910482745 0)
(2.95631153 0.587341193 0)
(2.963205916 0.5868264152 0)
(2.970191264 0.5851959032 0)
(2.979123033 0.577464164 0)
(2.985241009 0.5724094989 0)
(2.991246583 0.5719470435 0)
(3.001439203 0.5676177405 0)
(3.019109888 0.5645879509 0)
(3.001748698 0.03784691637 0)
(3.007564964 0.05914447404 0)
(3.010207977 0.06648286877 0)
(3.017432343 0.0698636205 0)
(3.028244977 0.08150694477 0)
(3.029646428 0.08319661729 0)
(3.032854503 0.1001668967 0)
(3.02847704 0.1329113238 0)
(2.99205667 0.2484115776 0)
(2.914194447 0.4831096521 0)
(2.846022228 0.595007214 0)
(2.820257412 0.6555762881 0)
(2.820812074 0.6568481409 0)
(2.828026956 0.6483443842 0)
(2.839817994 0.6368094655 0)
(2.855401625 0.6263783829 0)
(2.872303905 0.6268719651 0)
(2.884480904 0.6296054635 0)
(2.8905827 0.6286477551 0)
(2.895929847 0.6248021403 0)
(2.904785631 0.6180159181 0)
(2.916614846 0.6115561441 0)
(2.929727697 0.6064055323 0)
(2.940840474 0.6026964062 0)
(2.949392665 0.5994583395 0)
(2.955629709 0.5986419017 0)
(2.96308909 0.5968738366 0)
(2.975325264 0.5921757085 0)
(2.987390892 0.5902115648 0)
(2.997889541 0.5899123228 0)
(3.005487763 0.5864145411 0)
(3.017245091 0.5798506366 0)
(3.006955905 0.04966530165 0)
(3.011389788 0.07090207149 0)
(3.013964071 0.07616130271 0)
(3.022296143 0.08125176715 0)
(3.031404241 0.09247880457 0)
(3.036792176 0.1040207651 0)
(3.035514292 0.1030120377 0)
(3.040012408 0.1243675548 0)
(3.03320996 0.1652193294 0)
(2.974200132 0.327601879 0)
(2.919410895 0.4748295648 0)
(2.84167082 0.6457383062 0)
(2.826930437 0.6683627126 0)
(2.831392464 0.662926552 0)
(2.837987378 0.6552866582 0)
(2.849981397 0.644884925 0)
(2.862545804 0.6438047341 0)
(2.872653177 0.6439396746 0)
(2.88082523 0.6409117271 0)
(2.889736478 0.637509824 0)
(2.902331189 0.6340651179 0)
(2.916916647 0.6314865708 0)
(2.929719881 0.6265426728 0)
(2.938404094 0.6209156675 0)
(2.945764357 0.6162795721 0)
(2.954392644 0.6157402148 0)
(2.965254416 0.6153396616 0)
(2.975974316 0.6088771818 0)
(2.9846809 0.602588743 0)
(2.992352003 0.6016994124 0)
(3.000623774 0.6001646907 0)
(3.016548021 0.5953766143 0)
(3.013714408 0.06430972503 0)
(3.015124525 0.08151867812 0)
(3.017611113 0.08432893439 0)
(3.026011785 0.08920616926 0)
(3.034269119 0.1027768301 0)
(3.036978543 0.1110832619 0)
(3.040561933 0.1147730795 0)
(3.047361366 0.120697089 0)
(3.043635886 0.1492246206 0)
(3.026779722 0.2046959019 0)
(2.996460643 0.3437514344 0)
(2.863714825 0.6313033302 0)
(2.864738828 0.6390858982 0)
(2.847097713 0.6576021871 0)
(2.850240129 0.6646533343 0)
(2.858198602 0.6689696483 0)
(2.861540036 0.6665483088 0)
(2.865363807 0.6639000343 0)
(2.876330519 0.6568214114 0)
(2.886514961 0.6511471738 0)
(2.899512934 0.6470989789 0)
(2.912772619 0.643458454 0)
(2.925426049 0.640665144 0)
(2.935810974 0.6381775195 0)
(2.944756046 0.63466835 0)
(2.954086585 0.6337598472 0)
(2.96425567 0.6321392178 0)
(2.975674082 0.6248432964 0)
(2.985527656 0.620360661 0)
(2.994182126 0.6195369672 0)
(3.002600329 0.6155829107 0)
(3.019091824 0.6098269628 0)
(3.019619753 0.07972565943 0)
(3.01940245 0.09396385631 0)
(3.021820804 0.09519202762 0)
(3.030272633 0.1016351924 0)
(3.038134678 0.1182769899 0)
(3.039463156 0.1252608413 0)
(3.042812156 0.1280036353 0)
(3.051391187 0.1333440203 0)
(3.05335175 0.1549936776 0)
(3.047375052 0.1708430056 0)
(3.033469028 0.2315671929 0)
(2.937553821 0.4618097594 0)
(2.921451502 0.5666544978 0)
(2.865018513 0.681396066 0)
(2.859145305 0.6967842045 0)
(2.856274712 0.6933679183 0)
(2.854989242 0.687335431 0)
(2.864368686 0.6794753678 0)
(2.879495664 0.6744565854 0)
(2.895495117 0.6714267875 0)
(2.907630398 0.6647536539 0)
(2.916167625 0.6608230386 0)
(2.92282829 0.6556864719 0)
(2.928229517 0.6496261697 0)
(2.935791032 0.6444340824 0)
(2.946146898 0.643647958 0)
(2.95837751 0.6433848592 0)
(2.971855329 0.6377578862 0)
(2.982447795 0.6337364946 0)
(2.991082581 0.6323882089 0)
(3.00103544 0.6296987734 0)
(3.018078251 0.624683981 0)
(3.023145141 0.09016958139 0)
(3.022315205 0.1007990835 0)
(3.024924008 0.1006544081 0)
(3.033054241 0.1086787807 0)
(3.039284954 0.1274343769 0)
(3.0403364 0.1324507199 0)
(3.043484212 0.1346905925 0)
(3.05213789 0.1457862616 0)
(3.057413233 0.1604940478 0)
(3.052157187 0.1745815483 0)
(3.048198331 0.1936457063 0)
(3.009703879 0.299861276 0)
(2.984685385 0.4652240154 0)
(2.879021731 0.6950299004 0)
(2.868382443 0.6832353509 0)
(2.85738557 0.6912496509 0)
(2.859013519 0.6960592719 0)
(2.866595769 0.7001165345 0)
(2.881978008 0.6922848574 0)
(2.895213085 0.6854897975 0)
(2.904765584 0.6809128682 0)
(2.912068914 0.6748971905 0)
(2.919260818 0.6708675413 0)
(2.929075716 0.6691884251 0)
(2.939976009 0.6646754562 0)
(2.94941422 0.6614065777 0)
(2.958135339 0.6582883537 0)
(2.969198746 0.6517140466 0)
(2.979310133 0.6468132136 0)
(2.98949718 0.6450518622 0)
(2.999042123 0.6436815307 0)
(3.014826435 0.6380120013 0)
(3.028855613 0.108417031 0)
(3.027542384 0.1155848142 0)
(3.029913174 0.1150402125 0)
(3.038528849 0.1262817809 0)
(3.042318977 0.1442403228 0)
(3.042965733 0.1463561347 0)
(3.045920235 0.1471432591 0)
(3.053513959 0.1581625033 0)
(3.058137157 0.1774856943 0)
(3.054176131 0.1740025331 0)
(3.057593931 0.1887058356 0)
(3.05017705 0.2227256205 0)
(3.03331129 0.3223396711 0)
(2.934272264 0.5679483874 0)
(2.88016236 0.6271399514 0)
(2.875666918 0.7053520839 0)
(2.861921681 0.7292970929 0)
(2.87119091 0.7244761274 0)
(2.881320752 0.7127289815 0)
(2.893962488 0.6991690018 0)
(2.904617828 0.6956162256 0)
(2.915662085 0.6952321769 0)
(2.923902736 0.6918894263 0)
(2.930624986 0.6843570213 0)
(2.940006823 0.677668288 0)
(2.950142347 0.6773901512 0)
(2.960532506 0.6772074517 0)
(2.971184979 0.671441074 0)
(2.980732443 0.6652194606 0)
(2.990439669 0.6614352669 0)
(2.999487552 0.6593380698 0)
(3.014966371 0.6547201358 0)
(3.030037447 0.1183659417 0)
(3.029491999 0.1222329575 0)
(3.032251763 0.1204318003 0)
(3.04054556 0.1336705372 0)
(3.043005095 0.1514951631 0)
(3.043864147 0.1525672606 0)
(3.046891449 0.1531926661 0)
(3.055512635 0.1680789903 0)
(3.058774997 0.1880534447 0)
(3.059935475 0.191546218 0)
(3.057285176 0.1872371349 0)
(3.063991501 0.2091496318 0)
(3.058930172 0.2444650666 0)
(2.998844238 0.3981674194 0)
(2.937593955 0.5488654528 0)
(2.874157718 0.7436723081 0)
(2.85670808 0.7386351973 0)
(2.872568898 0.7215067874 0)
(2.881480684 0.7148837247 0)
(2.893435175 0.716380177 0)
(2.904727034 0.7159015535 0)
(2.912831993 0.7114932156 0)
(2.919300564 0.7064568354 0)
(2.929017428 0.7002277876 0)
(2.938302213 0.6915365361 0)
(2.946409829 0.6892238777 0)
(2.955096274 0.6892109177 0)
(2.964546026 0.6844296192 0)
(2.97447822 0.677428736 0)
(2.983523504 0.6727182402 0)
(2.991402038 0.6697447434 0)
(3.005541594 0.6651005826 0)
(3.033325807 0.1356338405 0)
(3.033337977 0.1372264751 0)
(3.036549034 0.135605478 0)
(3.045489094 0.1513263049 0)
(3.046393668 0.1667730027 0)
(3.047221146 0.1662868106 0)
(3.050120566 0.1664027289 0)
(3.058652063 0.1821116144 0)
(3.060500756 0.2017422801 0)
(3.061319302 0.2025148457 0)
(3.062272429 0.1992652691 0)
(3.06868629 0.2072012009 0)
(3.067016503 0.2330058017 0)
(3.049789448 0.2862820636 0)
(3.014935819 0.4237580782 0)
(2.911232907 0.6795420599 0)
(2.884643536 0.6843155399 0)
(2.883999529 0.7223958803 0)
(2.884203895 0.7358375247 0)
(2.89123412 0.7429046 0)
(2.898549135 0.7390990698 0)
(2.904933442 0.7321773799 0)
(2.918596787 0.7213068404 0)
(2.931328505 0.7161475428 0)
(2.943840426 0.7110833358 0)
(2.953544256 0.7082223075 0)
(2.962252771 0.7068620511 0)
(2.970173976 0.7026282583 0)
(2.975497922 0.6953277995 0)
(2.981924862 0.6916768595 0)
(2.989807889 0.6903895553 0)
(3.004885283 0.6846474901 0)
(3.033516374 0.1436569858 0)
(3.034379125 0.1433948612 0)
(3.03790244 0.1427056764 0)
(3.047258178 0.1617266091 0)
(3.047741946 0.1765700735 0)
(3.049037338 0.1755903348 0)
(3.05225667 0.1757616937 0)
(3.06071023 0.1928747611 0)
(3.062069208 0.2123315394 0)
(3.062719097 0.2128360775 0)
(3.064132106 0.2093476388 0)
(3.069459534 0.2140969972 0)
(3.0748904 0.2376044226 0)
(3.07134013 0.2529792168 0)
(3.058956031 0.3093130153 0)
(2.974903925 0.5196426058 0)
(2.923782985 0.6364815588 0)
(2.892778281 0.7466521338 0)
(2.881386309 0.7574182486 0)
(2.882018421 0.7548531233 0)
(2.889461712 0.7490656277 0)
(2.902644815 0.7432419728 0)
(2.918436617 0.7422289343 0)
(2.93311042 0.7340990567 0)
(2.945991785 0.7252760587 0)
(2.954389653 0.723454043 0)
(2.962485942 0.7232625117 0)
(2.969525082 0.7204299709 0)
(2.974851492 0.713321636 0)
(2.979109467 0.7074400318 0)
(2.984830604 0.7026935415 0)
(2.999757477 0.696291509 0)
(3.036247845 0.1608117403 0)
(3.037334497 0.1590911301 0)
(3.041761647 0.1598521647 0)
(3.050735022 0.1797706238 0)
(3.050453648 0.1917076607 0)
(3.051999253 0.1893076575 0)
(3.055202888 0.1890110089 0)
(3.063463416 0.206860794 0)
(3.064172018 0.2250006606 0)
(3.064981195 0.2246299806 0)
(3.065408934 0.2196099221 0)
(3.071378108 0.2272986646 0)
(3.079359862 0.2442043961 0)
(3.077385105 0.2587728795 0)
(3.075473463 0.2731968916 0)
(3.037900474 0.3723031924 0)
(3.01042277 0.5134788499 0)
(2.902450689 0.755802867 0)
(2.882828041 0.7319963329 0)
(2.884696752 0.7461557325 0)
(2.890532369 0.7546053707 0)
(2.901904976 0.7637053098 0)
(2.917514586 0.7589124579 0)
(2.928013585 0.7531781929 0)
(2.939156292 0.7431521999 0)
(2.948007791 0.7361899474 0)
(2.95629287 0.735445575 0)
(2.964957143 0.7322810194 0)
(2.972333658 0.7267492025 0)
(2.978165794 0.7259138349 0)
(2.986169859 0.723093121 0)
(3.002037765 0.7150998363 0)
(3.036262814 0.1667816018 0)
(3.037913514 0.1637225623 0)
(3.042980245 0.1664668462 0)
(3.052010837 0.1885990175 0)
(3.051896946 0.2005499186 0)
(3.054037386 0.1979922866 0)
(3.057393319 0.1974600357 0)
(3.065423561 0.2160515185 0)
(3.06569698 0.2338430909 0)
(3.066651605 0.2333930996 0)
(3.06646848 0.2275776424 0)
(3.072775445 0.2367731957 0)
(3.081165412 0.257715589 0)
(3.080247033 0.26293755 0)
(3.081644702 0.2720818436 0)
(3.076344942 0.3005545149 0)
(3.061850835 0.3896487519 0)
(2.966345105 0.6236083669 0)
(2.907342496 0.6808269732 0)
(2.894557442 0.7607125398 0)
(2.887606437 0.7881945674 0)
(2.900010626 0.7879447425 0)
(2.910985691 0.777394595 0)
(2.923564569 0.7653725511 0)
(2.937284408 0.7599859569 0)
(2.950315016 0.759115528 0)
(2.958918451 0.7565295239 0)
(2.965344635 0.7478929827 0)
(2.969429516 0.7389722703 0)
(2.97372117 0.7372513317 0)
(2.981858133 0.7337445599 0)
(2.997895411 0.7260631796 0)
(3.039304495 0.182503992 0)
(3.041087715 0.1788157112 0)
(3.047649211 0.1839988586 0)
(3.055666459 0.206435672 0)
(3.055261695 0.216389495 0)
(3.057394887 0.2126609227 0)
(3.060429255 0.2113494323 0)
(3.068209856 0.2297460462 0)
(3.068010499 0.2457331607 0)
(3.069010714 0.2446372236 0)
(3.068709045 0.2382673944 0)
(3.075694252 0.2484100693 0)
(3.082384114 0.2681822555 0)
(3.083341028 0.2765707594 0)
(3.083417165 0.2732041891 0)
(3.087917039 0.2840423837 0)
(3.085087305 0.3173786353 0)
(3.032536251 0.4584115446 0)
(2.98243761 0.6004883338 0)
(2.892335858 0.7873206219 0)
(2.878569027 0.7906792586 0)
(2.90055133 0.7805145697 0)
(2.909663017 0.7779456649 0)
(2.923151985 0.7799847292 0)
(2.93694149 0.7782127282 0)
(2.942770105 0.7770573271 0)
(2.950031751 0.7693941234 0)
(2.960676971 0.7621615792 0)
(2.970540646 0.757943906 0)
(2.978819498 0.7559740095 0)
(2.988171447 0.7507616554 0)
(3.003617906 0.7439736117 0)
(3.040326054 0.1900856923 0)
(3.042491391 0.1853641649 0)
(3.049690009 0.1919601778 0)
(3.056985876 0.2147535486 0)
(3.05684899 0.2239644309 0)
(3.059123279 0.2194670799 0)
(3.061721751 0.2185697545 0)
(3.07013109 0.2386441497 0)
(3.069830037 0.2554227951 0)
(3.070946682 0.2549943467 0)
(3.070902542 0.2488276972 0)
(3.078287092 0.2594719537 0)
(3.084353393 0.2799677009 0)
(3.08524036 0.2874667425 0)
(3.088478764 0.2854445745 0)
(3.089541281 0.284256227 0)
(3.095409806 0.306210836 0)
(3.079604577 0.3552776181 0)
(3.055155092 0.4691546839 0)
(2.939637329 0.7119344469 0)
(2.907831397 0.7255067512 0)
(2.908806841 0.7895739063 0)
(2.914383951 0.8013142654 0)
(2.922191142 0.8076226019 0)
(2.927569482 0.8028491044 0)
(2.935890496 0.790980426 0)
(2.94678481 0.78623952 0)
(2.957177361 0.7814387061 0)
(2.969135157 0.7727748967 0)
(2.979191106 0.769238979 0)
(2.988308491 0.7648009492 0)
(3.001881931 0.7570289085 0)
(3.043213601 0.2042172579 0)
(3.045376327 0.1989163109 0)
(3.053380193 0.2071259084 0)
(3.060137471 0.229816073 0)
(3.060093948 0.2380700573 0)
(3.06243673 0.2332318836 0)
(3.064881407 0.2319132127 0)
(3.072846163 0.2513409832 0)
(3.072088145 0.266944224 0)
(3.073182604 0.2661635586 0)
(3.073317407 0.2602307137 0)
(3.080699185 0.2710508095 0)
(3.086115324 0.2911582252 0)
(3.086698438 0.2986107203 0)
(3.090169515 0.2951107784 0)
(3.092836571 0.2916542784 0)
(3.098938182 0.3090153105 0)
(3.095668721 0.3265777194 0)
(3.08759275 0.3700455623 0)
(3.006116753 0.5575431048 0)
(2.960703928 0.6601229878 0)
(2.911447052 0.8171803909 0)
(2.907037142 0.8247917082 0)
(2.911650052 0.8157531818 0)
(2.920310442 0.8087231134 0)
(2.931948685 0.8057071442 0)
(2.942597917 0.802600755 0)
(2.953458203 0.7979964256 0)
(2.96435271 0.7896393338 0)
(2.974160548 0.7807184096 0)
(2.982862267 0.7764972944 0)
(2.998303113 0.7718058178 0)
(3.045159115 0.212650591 0)
(3.047169416 0.2070729848 0)
(3.05565039 0.2170727077 0)
(3.061828921 0.239892781 0)
(3.06204123 0.24733074 0)
(3.064312743 0.242052403 0)
(3.066884983 0.2420781999 0)
(3.075214362 0.2625676561 0)
(3.07436959 0.278199072 0)
(3.075622758 0.2773082942 0)
(3.0758651 0.2713849684 0)
(3.082986897 0.2823656704 0)
(3.087995012 0.302663984 0)
(3.088577703 0.3102279957 0)
(3.091802022 0.3063110577 0)
(3.094978127 0.3041909731 0)
(3.101447925 0.3156908805 0)
(3.101632405 0.3341309552 0)
(3.098141404 0.3453572073 0)
(3.066236269 0.42219489 0)
(3.038158412 0.5557889735 0)
(2.938543558 0.7949084691 0)
(2.919566866 0.7840448951 0)
(2.921891489 0.8049069487 0)
(2.924192788 0.820637607 0)
(2.929133263 0.829417359 0)
(2.938432766 0.8254037092 0)
(2.950251439 0.8142403952 0)
(2.963650632 0.801567957 0)
(2.975026533 0.7991494538 0)
(2.984041717 0.7973938865 0)
(2.998614639 0.7892696722 0)
(3.048429673 0.2261811546 0)
(3.050243748 0.2207133955 0)
(3.058876283 0.2316700186 0)
(3.064267093 0.2537622567 0)
(3.064782161 0.2600632132 0)
(3.067016524 0.2543371977 0)
(3.069724053 0.2553148694 0)
(3.077936515 0.276059294 0)
(3.076973293 0.2916623435 0)
(3.078462409 0.2908699987 0)
(3.078904282 0.2852442731 0)
(3.085653384 0.2960649754 0)
(3.089850494 0.315169427 0)
(3.09047123 0.3214733416 0)
(3.093577188 0.3162588875 0)
(3.095693772 0.3127602418 0)
(3.103294958 0.3271421467 0)
(3.103758963 0.337157155 0)
(3.102514856 0.3488468386 0)
(3.096378706 0.3683006287 0)
(3.084958203 0.4383558436 0)
(2.998534682 0.6592524981 0)
(2.95534907 0.7310605625 0)
(2.928465031 0.8286268638 0)
(2.925044572 0.8483801458 0)
(2.925218779 0.8437303337 0)
(2.934943086 0.8322093639 0)
(2.947888068 0.824630549 0)
(2.962602123 0.8188264382 0)
(2.970619393 0.8166336367 0)
(2.977590447 0.8113218999 0)
(2.992058565 0.8015866736 0)
(3.051167263 0.2375236859 0)
(3.052322176 0.2311482683 0)
(3.061231774 0.2432969646 0)
(3.066355626 0.2652571703 0)
(3.067292012 0.2711382264 0)
(3.069806732 0.2657046683 0)
(3.073030705 0.2674898754 0)
(3.080227728 0.2879329257 0)
(3.079094919 0.3023481311 0)
(3.080831843 0.3005197575 0)
(3.080939926 0.2939728293 0)
(3.087329191 0.3045678802 0)
(3.091636922 0.3240321186 0)
(3.092170749 0.3308887247 0)
(3.095283527 0.3262877205 0)
(3.09737078 0.323511899 0)
(3.104573492 0.3377862469 0)
(3.105938993 0.3522485432 0)
(3.1043567 0.3524223806 0)
(3.105493146 0.3596380449 0)
(3.103633042 0.3830630628 0)
(3.06142267 0.4987346434 0)
(3.027534519 0.6370753321 0)
(2.933268609 0.8418503622 0)
(2.927557017 0.8250495627 0)
(2.934634291 0.834809115 0)
(2.939167912 0.8381865476 0)
(2.948730701 0.8443160612 0)
(2.959571385 0.840679306 0)
(2.963873809 0.8366742039 0)
(2.975101063 0.8251268817 0)
(2.993220496 0.8178790079 0)
(3.053461445 0.2480612165 0)
(3.054869242 0.2431429618 0)
(3.064214982 0.2568541442 0)
(3.068729178 0.2782305052 0)
(3.070089921 0.2831612835 0)
(3.072592785 0.2772052786 0)
(3.076011732 0.2795664854 0)
(3.082909322 0.3000550116 0)
(3.081878403 0.314074777 0)
(3.083780794 0.3120298617 0)
(3.083860683 0.305177297 0)
(3.089937251 0.3153897 0)
(3.093766091 0.3339477132 0)
(3.094163277 0.3401786986 0)
(3.097179795 0.3353934442 0)
(3.098998887 0.332642412 0)
(3.106138808 0.3475394912 0)
(3.106926504 0.3621386016 0)
(3.107638098 0.3644615278 0)
(3.106077851 0.3610769056 0)
(3.112758554 0.3750855589 0)
(3.102453119 0.4118441544 0)
(3.084847509 0.5043966583 0)
(2.984985686 0.7328295505 0)
(2.946009194 0.7730765099 0)
(2.950722134 0.8474765464 0)
(2.942064532 0.8671659753 0)
(2.942963799 0.8650191845 0)
(2.952004378 0.8561900524 0)
(2.961109822 0.8462977601 0)
(2.973325052 0.8432945478 0)
(2.992177908 0.8345000369 0)
(3.05751316 0.2628294867 0)
(3.05818774 0.256642887 0)
(3.067026781 0.2696750912 0)
(3.071027142 0.2894660627 0)
(3.072756561 0.293350706 0)
(3.075116294 0.2870263553 0)
(3.078730053 0.2904162334 0)
(3.085294916 0.3111463368 0)
(3.084246786 0.3251004379 0)
(3.086252899 0.3230426298 0)
(3.086295061 0.3168513379 0)
(3.092332203 0.3275700671 0)
(3.096041101 0.3458588514 0)
(3.096570244 0.3520867963 0)
(3.099626883 0.3473098201 0)
(3.101293444 0.3439661373 0)
(3.107961 0.3585173828 0)
(3.108226605 0.3731689811 0)
(3.109051169 0.3750888219 0)
(3.110021652 0.3710325792 0)
(3.115632575 0.3781128735 0)
(3.112938666 0.3945840341 0)
(3.108859359 0.4267681259 0)
(3.046676073 0.5769925629 0)
(3.014437381 0.6949824605 0)
(2.946171147 0.8806839657 0)
(2.933021994 0.8646743323 0)
(2.945044128 0.8577893966 0)
(2.950716301 0.8575794825 0)
(2.961662893 0.8616596244 0)
(2.971286512 0.860941739 0)
(2.98862774 0.8511370254 0)
(3.059888854 0.2730047689 0)
(3.060352809 0.2683889226 0)
(3.070242194 0.2837840414 0)
(3.074324999 0.3042195477 0)
(3.076249646 0.3085615106 0)
(3.078874314 0.3029662668 0)
(3.082695007 0.3069480644 0)
(3.088095264 0.3270604808 0)
(3.086838496 0.3397136907 0)
(3.088806535 0.336414884 0)
(3.088404483 0.3284846478 0)
(3.093978327 0.33747515 0)
(3.097682384 0.3541006651 0)
(3.098362192 0.3594048631 0)
(3.101234378 0.3543511181 0)
(3.102931087 0.3519997465 0)
(3.109543847 0.3675288222 0)
(3.109521781 0.3826481813 0)
(3.110367398 0.3844736123 0)
(3.112123663 0.3800935563 0)
(3.115809382 0.3816570641 0)
(3.119130808 0.39744752 0)
(3.117508421 0.4070988675 0)
(3.097474276 0.46125592 0)
(3.075513296 0.5806726972 0)
(2.984455397 0.8030050175 0)
(2.957754765 0.8115760524 0)
(2.956103221 0.8668437265 0)
(2.953731565 0.8819245215 0)
(2.958760418 0.8839388135 0)
(2.968924347 0.8773380618 0)
(2.984958624 0.8672781968 0)
(3.063523603 0.2860497961 0)
(3.063878041 0.2809553839 0)
(3.072976143 0.295036745 0)
(3.07631046 0.3135132724 0)
(3.078330404 0.3166170195 0)
(3.080794508 0.3098731852 0)
(3.084133213 0.3130684017 0)
(3.089257597 0.3332654401 0)
(3.088123757 0.345994459 0)
(3.090097735 0.3427749991 0)
(3.08939909 0.3359690859 0)
(3.096076887 0.3464773818 0)
(3.100404685 0.3635883111 0)
(3.101127773 0.3698581102 0)
(3.104177173 0.3658769524 0)
(3.106177221 0.3643706522 0)
(3.111715263 0.3796956587 0)
(3.111128819 0.3938719354 0)
(3.112153112 0.3943303136 0)
(3.11319116 0.3888470978 0)
(3.116833753 0.3927806991 0)
(3.12304335 0.4060399961 0)
(3.1221298 0.4159740599 0)
(3.118195982 0.4268883595 0)
(3.107809246 0.4768207501 0)
(3.041072693 0.6503148815 0)
(3.009078648 0.754727099 0)
(2.950209865 0.9029439792 0)
(2.941665833 0.889403251 0)
(2.960669504 0.8818465397 0)
(2.966934841 0.8819758946 0)
(2.982839402 0.8782107893 0)
(3.066883289 0.2974840654 0)
(3.06697371 0.2932546433 0)
(3.077008884 0.3090399487 0)
(3.08047029 0.3282461848 0)
(3.082603236 0.3318709257 0)
(3.085237207 0.3257718674 0)
(3.08900444 0.3301145285 0)
(3.093514597 0.350041583 0)
(3.092043788 0.3621540813 0)
(3.093873549 0.3588911253 0)
(3.093518604 0.3526554237 0)
(3.099947929 0.3624148824 0)
(3.10339807 0.3778160141 0)
(3.104131592 0.3827020823 0)
(3.106995883 0.3776762343 0)
(3.10858673 0.3751188148 0)
(3.11331451 0.3902466561 0)
(3.112534319 0.4043053441 0)
(3.113651259 0.4049185553 0)
(3.114660061 0.4001829235 0)
(3.118651022 0.4052462671 0)
(3.12422782 0.4183474735 0)
(3.124300081 0.4252846935 0)
(3.123475554 0.4287084332 0)
(3.12150205 0.4413822599 0)
(3.099308064 0.5139906655 0)
(3.063390026 0.660002922 0)
(2.991418962 0.833430012 0)
(2.967380656 0.8467354422 0)
(2.965045286 0.8950924962 0)
(2.965302553 0.9067214445 0)
(2.981431553 0.9013213669 0)
(3.07011162 0.3100140252 0)
(3.07042245 0.3063621177 0)
(3.080274248 0.3215944327 0)
(3.08319214 0.3397156735 0)
(3.085181533 0.3428759953 0)
(3.087747842 0.3364411109 0)
(3.091097664 0.3403055357 0)
(3.095215193 0.3601650278 0)
(3.093790692 0.3723094673 0)
(3.095645525 0.3691001613 0)
(3.09513743 0.3630959276 0)
(3.10167619 0.3730938315 0)
(3.105186787 0.3882944248 0)
(3.106087671 0.393127251 0)
(3.108952659 0.3880948918 0)
(3.110737872 0.3866208714 0)
(3.115173146 0.402398213 0)
(3.114005701 0.4158121951 0)
(3.115228399 0.4155002755 0)
(3.116030725 0.4100588322 0)
(3.120061177 0.4147943897 0)
(3.124960035 0.427950855 0)
(3.124919478 0.4348134498 0)
(3.12596282 0.4318454845 0)
(3.130346172 0.4393734364 0)
(3.125796291 0.4595217326 0)
(3.110178981 0.5293565084 0)
(3.043740874 0.7011480311 0)
(2.995881512 0.8108583125 0)
(2.959048275 0.9090073019 0)
(2.969597404 0.9131257768 0)
(2.980565202 0.9085686799 0)
(3.073595288 0.3213767287 0)
(3.07377329 0.3179599817 0)
(3.08367932 0.3340962945 0)
(3.08635597 0.3527803866 0)
(3.088281347 0.3561614274 0)
(3.090875458 0.350020619 0)
(3.094065574 0.3537511628 0)
(3.097536123 0.3725034057 0)
(3.096279833 0.3829004232 0)
(3.098166846 0.3786647479 0)
(3.097335992 0.3724498684 0)
(3.104190051 0.3823674298 0)
(3.10767425 0.3974534418 0)
(3.10834882 0.4026398518 0)
(3.111243249 0.3982573927 0)
(3.113092864 0.3967224578 0)
(3.116751141 0.4117353456 0)
(3.11540643 0.4241544856 0)
(3.116697629 0.4229784354 0)
(3.117051155 0.4178003693 0)
(3.122207576 0.4246102394 0)
(3.126768883 0.4380619544 0)
(3.126585844 0.4446213211 0)
(3.129273188 0.4432715373 0)
(3.131123616 0.4397778016 0)
(3.135562862 0.4558853889 0)
(3.13009447 0.4759866748 0)
(3.10009433 0.5599322195 0)
(3.047402716 0.7117100412 0)
(2.984740378 0.8593112015 0)
(2.976978041 0.8954043598 0)
(2.98405596 0.9233376013 0)
(3.077294358 0.335373349 0)
(3.077741002 0.3316403618 0)
(3.087116501 0.3469514958 0)
(3.089281424 0.3639668923 0)
(3.091184912 0.3663173917 0)
(3.093319105 0.3593806695 0)
(3.096232131 0.3633037356 0)
(3.10015717 0.3825408339 0)
(3.099304414 0.3936318083 0)
(3.101522341 0.3904534799 0)
(3.101517014 0.3858044843 0)
(3.108422355 0.3961578358 0)
(3.111056854 0.4107435057 0)
(3.111538904 0.4149696763 0)
(3.113969736 0.4094674569 0)
(3.115279491 0.407523233 0)
(3.11874851 0.4230579263 0)
(3.117456277 0.4355340114 0)
(3.118954502 0.435045746 0)
(3.120008682 0.4310011551 0)
(3.125086445 0.4375081463 0)
(3.128636319 0.450385536 0)
(3.128442814 0.4558491587 0)
(3.131347814 0.4534095887 0)
(3.134078613 0.4489314516 0)
(3.136973351 0.4548294378 0)
(3.136544834 0.4711764191 0)
(3.128928208 0.4926627515 0)
(3.102431022 0.5782164574 0)
(3.037943768 0.7457185128 0)
(2.992546164 0.8648887687 0)
(2.988263631 0.9242066804 0)
(3.08015347 0.3464626432 0)
(3.080581885 0.3435671468 0)
(3.090356096 0.3597237785 0)
(3.092542385 0.3774570818 0)
(3.094267004 0.3803263418 0)
(3.096277659 0.3739519316 0)
(3.099108966 0.3779649495 0)
(3.102492082 0.3960894128 0)
(3.101667687 0.4060187519 0)
(3.104114086 0.4022424667 0)
(3.104120427 0.3970624288 0)
(3.110684352 0.4070309658 0)
(3.113149187 0.4216558716 0)
(3.113629935 0.4261281712 0)
(3.115990441 0.4214612884 0)
(3.117761146 0.4216305248 0)
(3.120796058 0.4371337127 0)
(3.119204321 0.4478791106 0)
(3.120815689 0.445729645 0)
(3.121548886 0.4407179119 0)
(3.126789887 0.448073237 0)
(3.129816734 0.4610508131 0)
(3.129867008 0.4660290215 0)
(3.132934183 0.4631360111 0)
(3.135688634 0.4592145584 0)
(3.139571439 0.4677914648 0)
(3.138776341 0.4784207813 0)
(3.136884192 0.4842758944 0)
(3.131065106 0.5085686313 0)
(3.098004077 0.6092014102 0)
(3.047786048 0.7564114272 0)
(3.002656011 0.9014709942 0)
(3.083540895 0.3591136854 0)
(3.08368487 0.3551454844 0)
(3.092900869 0.3704170587 0)
(3.094811721 0.387588506 0)
(3.096309678 0.3903187915 0)
(3.097949772 0.3844678762 0)
(3.100746848 0.3893404393 0)
(3.104146986 0.4076769304 0)
(3.103711431 0.4175291912 0)
(3.106522957 0.4136341553 0)
(3.106772537 0.4089531691 0)
(3.113397414 0.4194836731 0)
(3.115294877 0.4337966363 0)
(3.115742937 0.4375991561 0)
(3.118051824 0.4320819338 0)
(3.119305011 0.4309212324 0)
(3.121977252 0.4462740568 0)
(3.120562313 0.4571513798 0)
(3.122324077 0.4558804517 0)
(3.123534177 0.4525267322 0)
(3.128952385 0.4605734825 0)
(3.131247562 0.4728336558 0)
(3.131541319 0.4769005775 0)
(3.13471242 0.4730999944 0)
(3.136999683 0.4684738567 0)
(3.140470788 0.477216494 0)
(3.140032656 0.488262198 0)
(3.139116109 0.4903556247 0)
(3.139295894 0.4967508028 0)
(3.134112884 0.52861835 0)
(3.110392702 0.6182569951 0)
(3.036580435 0.8321926004 0)
(3.086700925 0.3742647244 0)
(3.087272443 0.3711254732 0)
(3.09645674 0.3868676595 0)
(3.098042521 0.4034065548 0)
(3.099449388 0.4055840661 0)
(3.100688283 0.3991993741 0)
(3.103101888 0.4036344015 0)
(3.106146574 0.4208504633 0)
(3.105960985 0.4297929853 0)
(3.109100646 0.4257763046 0)
(3.109618685 0.4209256636 0)
(3.115846643 0.4311228892 0)
(3.117447682 0.4451125969 0)
(3.118020626 0.4485110744 0)
(3.120178085 0.4432596245 0)
(3.121972359 0.4440645978 0)
(3.124287456 0.4593439844 0)
(3.122735463 0.4683554576 0)
(3.124617789 0.4658715004 0)
(3.125686169 0.461476683 0)
(3.130721127 0.4693517654 0)
(3.132542814 0.4812704689 0)
(3.133106745 0.4845645924 0)
(3.136263109 0.4806749288 0)
(3.138394942 0.4764779968 0)
(3.141644419 0.4863237461 0)
(3.140466108 0.4957597155 0)
(3.140616546 0.4964215893 0)
(3.140928655 0.4946887724 0)
(3.145012671 0.5041999848 0)
(3.142643384 0.5350081442 0)
(3.087153828 0.7184743413 0)
(3.088740904 0.3841604836 0)
(3.089102188 0.3809089116 0)
(3.098350235 0.396169871 0)
(3.099953852 0.4127941739 0)
(3.101204186 0.4153757939 0)
(3.102305966 0.4096091902 0)
(3.104866229 0.4145919223 0)
(3.107933787 0.4315145686 0)
(3.107986115 0.4400416805 0)
(3.111288628 0.4356289675 0)
(3.111778639 0.4303462349 0)
(3.117719907 0.4407149108 0)
(3.11909827 0.4547487956 0)
(3.119766693 0.4580006971 0)
(3.121874328 0.4529390409 0)
(3.123790858 0.4544305989 0)
(3.125945061 0.4695309381 0)
(3.124686816 0.4778828197 0)
(3.12663751 0.4750554811 0)
(3.127556812 0.4711195538 0)
(3.132776847 0.4798779767 0)
(3.134273239 0.4914034441 0)
(3.134986519 0.4944952664 0)
(3.138097231 0.4903651725 0)
(3.139829825 0.4869686455 0)
(3.143552538 0.4978752943 0)
(3.142098375 0.507231129 0)
(3.142600394 0.5077530946 0)
(3.145259696 0.506129086 0)
(3.148343776 0.5096931517 0)
(3.150825659 0.5231411615 0)
(3.130081857 0.6167779841 0)
(3.092004758 0.397941491 0)
(3.092433878 0.3948288119 0)
(3.101426445 0.4102896259 0)
(3.102725774 0.4270715283 0)
(3.103822237 0.4297781411 0)
(3.104734826 0.42469912 0)
(3.107328831 0.4302448417 0)
(3.110317471 0.4467331951 0)
(3.110502465 0.4547857033 0)
(3.113913796 0.4505400278 0)
(3.114745385 0.4459062323 0)
(3.120385582 0.4562956819 0)
(3.121299255 0.4694562121 0)
(3.122159366 0.47187167 0)
(3.12421781 0.4663510698 0)
(3.12622313 0.4683612122 0)
(3.127874621 0.4831050021 0)
(3.126673696 0.4901676891 0)
(3.128631586 0.4872696576 0)
(3.129619463 0.4840081701 0)
(3.134897131 0.4928414157 0)
(3.135954369 0.5029531671 0)
(3.136892834 0.5049409097 0)
(3.139808539 0.5003024227 0)
(3.141536555 0.4990768073 0)
(3.144896786 0.5109623347 0)
(3.142731497 0.519396852 0)
(3.143589558 0.519086343 0)
(3.146833054 0.5162315901 0)
(3.149762192 0.5149397791 0)
(3.154749527 0.5293922253 0)
(3.149136926 0.5639851675 0)
(3.094452481 0.4129205841 0)
(3.095414592 0.4099469389 0)
(3.103744604 0.4246443362 0)
(3.104762187 0.4399096661 0)
(3.106031871 0.4416684661 0)
(3.106812991 0.435375568 0)
(3.108913796 0.4398833379 0)
(3.111780038 0.4559396662 0)
(3.112023845 0.4636742001 0)
(3.115509595 0.4594631222 0)
(3.116328161 0.4546075835 0)
(3.12166752 0.4650621062 0)
(3.122510351 0.4784585945 0)
(3.123562272 0.4808769636 0)
)
;

boundaryField
{
    inlet
    {
        type            fixedValue;
        value           nonuniform 0();
    }
    outlet
    {
        type            inletOutlet;
        inletValue      uniform (3 0 0);
        value           nonuniform List<vector> 
69
(
(3.040896653 0.01245533657 0)
(3.047283502 0.02156106185 0)
(3.041983128 0.03426324647 0)
(3.036569326 0.04994683049 0)
(3.039927585 0.06666294633 0)
(3.047854364 0.07918924008 0)
(3.045707361 0.09240132932 0)
(3.045119017 0.1082359518 0)
(3.049004015 0.1239485655 0)
(3.049733774 0.1396597635 0)
(3.04707814 0.1530394226 0)
(3.045401318 0.1685468642 0)
(3.045797308 0.1834593136 0)
(3.04783162 0.1990758781 0)
(3.041824614 0.2117368703 0)
(3.041750929 0.2274265038 0)
(3.036368032 0.2393096577 0)
(3.039365671 0.2554692237 0)
(3.035299389 0.2704251799 0)
(3.031587083 0.2859056231 0)
(3.037876882 0.3007461539 0)
(3.033913418 0.3131062331 0)
(3.033895196 0.3295719749 0)
(3.032032324 0.3433927851 0)
(3.026044798 0.3576615705 0)
(3.028445326 0.3734700867 0)
(3.027625036 0.3870554569 0)
(3.027030129 0.4028346496 0)
(3.031078674 0.4159957566 0)
(3.02910968 0.4290022413 0)
(3.027602092 0.4454527782 0)
(3.02245614 0.4591936256 0)
(3.024680548 0.4768302199 0)
(3.017239561 0.4898393842 0)
(3.019405117 0.5055455127 0)
(3.020644358 0.5206704817 0)
(3.018243572 0.5334443046 0)
(3.019860498 0.5475773279 0)
(3.019109888 0.5645879509 0)
(3.017245091 0.5798506366 0)
(3.016548021 0.5953766143 0)
(3.019091824 0.6098269628 0)
(3.018078251 0.624683981 0)
(3.014826435 0.6380120013 0)
(3.014966371 0.6547201358 0)
(3.005541594 0.6651005826 0)
(3.004885283 0.6846474901 0)
(2.999757477 0.696291509 0)
(3.002037765 0.7150998363 0)
(2.997895411 0.7260631796 0)
(3.003617906 0.7439736117 0)
(3.001881931 0.7570289085 0)
(2.998303113 0.7718058178 0)
(2.998614639 0.7892696722 0)
(2.992058565 0.8015866736 0)
(2.993220496 0.8178790079 0)
(2.992177908 0.8345000369 0)
(2.98862774 0.8511370254 0)
(2.984958624 0.8672781968 0)
(2.982839402 0.8782107893 0)
(2.981431553 0.9013213669 0)
(2.980565202 0.9085686799 0)
(2.98405596 0.9233376013 0)
(2.988263631 0.9242066804 0)
(3.002656011 0.9014709942 0)
(3.036580435 0.8321926004 0)
(3.087153828 0.7184743413 0)
(3.130081857 0.6167779841 0)
(3.149136926 0.5639851675 0)
)
;
    }
    bottom
    {
        type            slip;
    }
    top
    {
        type            slip;
    }
    obstacle
    {
        type            slip;
    }
    defaultFaces
    {
        type            empty;
    }
    procBoundary5to4
    {
        type            processor;
        value           nonuniform List<vector> 
69
(
(2.689608686 0.013702906 0)
(2.697096227 0.02534516741 0)
(2.696876517 0.04271845146 0)
(2.708353629 0.06046076814 0)
(2.703133583 0.07597904262 0)
(2.707705564 0.09569246467 0)
(2.704174523 0.112772246 0)
(2.706639079 0.1297915772 0)
(2.706678866 0.1467088794 0)
(2.700693709 0.1615793725 0)
(2.697239152 0.1776135191 0)
(2.69324789 0.1924121342 0)
(2.690070987 0.207468831 0)
(2.696085936 0.2232778098 0)
(2.689548201 0.236835851 0)
(2.692365172 0.2569773947 0)
(2.688288368 0.2741737184 0)
(2.689467464 0.2922580013 0)
(2.695541354 0.3109193621 0)
(2.695681298 0.3270370055 0)
(2.692915293 0.34413318 0)
(2.695660533 0.3613258082 0)
(2.700977083 0.3774777048 0)
(2.698770384 0.4045763204 0)
(2.693876447 0.4192989533 0)
(2.71645275 0.3925407183 0)
(2.736691987 0.397367811 0)
(2.825636636 0.2262868062 0)
(2.913009697 0.04347239151 0)
(2.952604894 -0.03952886717 0)
(2.962152768 -0.05474917299 0)
(2.969685916 -0.05428816531 0)
(2.973288893 -0.0435305151 0)
(2.975087377 -0.03002347869 0)
(2.97624457 -0.02290396129 0)
(2.979233887 -0.01349857755 0)
(2.983055899 -0.003301917744 0)
(2.986946245 0.005816698536 0)
(2.991291493 0.01562140019 0)
(2.996812407 0.02829454287 0)
(3.001351718 0.03738876982 0)
(3.00762496 0.04985335853 0)
(3.013456316 0.06207120654 0)
(3.018569277 0.07132667272 0)
(3.024990851 0.0871492588 0)
(3.028427121 0.09831919441 0)
(3.032930415 0.1161130995 0)
(3.034055775 0.1263434878 0)
(3.037582227 0.1461684348 0)
(3.037460879 0.154995333 0)
(3.040423591 0.1733037323 0)
(3.040709205 0.183856001 0)
(3.043039989 0.2002499147 0)
(3.044416619 0.210375106 0)
(3.047396872 0.2246236356 0)
(3.049985952 0.2381953441 0)
(3.05196301 0.247976254 0)
(3.056406173 0.2648369623 0)
(3.058668216 0.2746775151 0)
(3.062401477 0.2887379455 0)
(3.0656273 0.3005618969 0)
(3.068596869 0.3129598841 0)
(3.071919238 0.3253665421 0)
(3.07521589 0.339549205 0)
(3.077827245 0.3507703432 0)
(3.081116899 0.3642633851 0)
(3.084062817 0.379248566 0)
(3.085996951 0.3892993554 0)
(3.089198011 0.4034279025 0)
)
;
    }
    procBoundary5to10
    {
        type            processor;
        value           uniform (3.091442567 0.4181019557 0);
    }
    procBoundary5to11
    {
        type            processor;
        value           nonuniform List<vector> 
33
(
(3.125695376 0.4759840564 0)
(3.1280175 0.479173195 0)
(3.129377615 0.4935280549 0)
(3.128361011 0.4993675318 0)
(3.130415144 0.4954078071 0)
(3.130728555 0.4915343054 0)
(3.136364693 0.5011408386 0)
(3.137521712 0.5123099332 0)
(3.138324895 0.5154478342 0)
(3.14155256 0.5123434989 0)
(3.143740568 0.5117490614 0)
(3.145317528 0.5224691523 0)
(3.143288906 0.5288010987 0)
(3.144723131 0.5275400995 0)
(3.147892807 0.5240290488 0)
(3.152809491 0.5270364842 0)
(3.155046891 0.5332446524 0)
(3.156140022 0.5450928971 0)
(3.095993801 0.4232282627 0)
(3.096834929 0.4211076068 0)
(3.105484595 0.4365356784 0)
(3.106565139 0.4527522594 0)
(3.107930318 0.4552192892 0)
(3.108866536 0.4499175244 0)
(3.111252834 0.4551370595 0)
(3.11401337 0.4705014361 0)
(3.114447295 0.4772894561 0)
(3.117947639 0.47272458 0)
(3.118975235 0.4674326769 0)
(3.123846551 0.4773945733 0)
(3.124358061 0.4897173042 0)
(3.125695376 0.4759840564 0)
(3.125611923 0.4912517922 0)
)
;
    }
}


// ************************************************************************* //
