/*--------------------------------*- C++ -*----------------------------------*\
  =========                 |
  \\      /  F ield         | OpenFOAM: The Open Source CFD Toolbox
   \\    /   O peration     | Website:  https://openfoam.org
    \\  /    A nd           | Version:  7
     \\/     M anipulation  |
\*---------------------------------------------------------------------------*/
FoamFile
{
    version     2.0;
    format      ascii;
    class       volVectorField;
    location    "1.8";
    object      U;
}
// * * * * * * * * * * * * * * * * * * * * * * * * * * * * * * * * * * * * * //

dimensions      [0 1 -1 0 0 0 0];

internalField   nonuniform List<vector> 
2222
(
(2.386634563 -0.8367163303 0)
(2.383976002 -0.8380932535 0)
(2.382300061 -0.8303494423 0)
(2.381500608 -0.8313550061 0)
(2.380104091 -0.8321935428 0)
(2.376918196 -0.8342121668 0)
(2.373414017 -0.8375735683 0)
(2.372230501 -0.8390696559 0)
(2.371448012 -0.8294443759 0)
(2.369328059 -0.8310270175 0)
(2.368026476 -0.8329438401 0)
(2.366857072 -0.8343967001 0)
(2.366096971 -0.8359722547 0)
(2.365909657 -0.8366471011 0)
(2.3659678 -0.8365411313 0)
(2.366590394 -0.835901436 0)
(2.367589133 -0.8351865489 0)
(2.36793724 -0.8345623132 0)
(2.3647664 -0.8317127239 0)
(2.363512091 -0.8321811751 0)
(2.363233801 -0.832054484 0)
(2.3633744 -0.8316906694 0)
(2.363745074 -0.8320978321 0)
(2.364248646 -0.8324612518 0)
(2.364670641 -0.8324451881 0)
(2.365102317 -0.8324188555 0)
(2.365895879 -0.8326571236 0)
(2.36632235 -0.8334326694 0)
(2.365640873 -0.8344210584 0)
(2.364159478 -0.8348512744 0)
(2.363506275 -0.8347992454 0)
(2.363509768 -0.8347566153 0)
(2.363931431 -0.8346998572 0)
(3 1.523815852e-15 0)
(3 1.398470037e-15 0)
(3 9.434746489e-16 0)
(3 4.020011569e-16 0)
(3 2.473379349e-16 0)
(3 3.177780367e-16 0)
(3 6.840275134e-16 0)
(3 8.046804987e-16 0)
(3 1.357875419e-15 0)
(3 1.992757863e-15 0)
(3 1.380856423e-15 0)
(3 5.908303688e-16 0)
(3 -6.389183496e-16 0)
(3 -7.553596181e-16 0)
(3 -6.027830321e-16 0)
(3 -7.220456592e-16 0)
(3 -6.300157135e-16 0)
(3 -9.532477709e-16 0)
(3 -7.585479678e-16 0)
(3 6.566234981e-16 0)
(3 1.067412959e-15 0)
(3 1.084436539e-15 0)
(3 1.019535681e-15 0)
(3 4.156056327e-17 0)
(3 -2.471868079e-16 0)
(3 3.274399656e-16 0)
(3 7.138636013e-16 0)
(3 3.784471527e-16 0)
(3 1.055243449e-16 0)
(3 1.15173288e-16 0)
(3 4.635952063e-16 0)
(3 -1.0674528e-16 0)
(3 -2.184107893e-16 0)
(3 -1.168391464e-16 0)
(3 -7.166716559e-17 0)
(3 -2.771756585e-16 0)
(3 -1.481739178e-16 0)
(3 -3.794525989e-16 0)
(3 -8.684096235e-16 0)
(3 -1.985043597e-15 0)
(3 -2.580325783e-15 0)
(3 -1.607540294e-15 0)
(3 -3.43280555e-19 0)
(3 -4.358242023e-17 0)
(3 -1.183253378e-16 0)
(3 2.635880543e-16 0)
(3 1.396879682e-16 0)
(3 1.072608282e-15 0)
(3 1.601574194e-15 0)
(3 1.622158413e-15 0)
(3 1.716603246e-15 0)
(3 2.541291081e-15 0)
(3 2.453573083e-15 0)
(3 1.874968838e-15 0)
(3 8.308849475e-16 0)
(3 7.755284664e-16 0)
(3 8.291882981e-16 0)
(3 1.015992584e-15 0)
(3 8.696810705e-16 0)
(3 1.367916797e-16 0)
(3 2.552639318e-16 0)
(3 6.189226505e-16 0)
(3 4.044171036e-16 0)
(3 -5.462790433e-16 0)
(3 -8.690885415e-16 0)
(3 -8.446445049e-16 0)
(3 2.589993778e-15 0)
(3 2.663908491e-15 0)
(3 1.480632776e-15 0)
(3 1.120235774e-15 0)
(3 4.061353259e-16 0)
(3 4.497213235e-16 0)
(3 6.633767587e-16 0)
(3 1.205177636e-15 0)
(3 1.443529195e-15 0)
(3 1.783225738e-15 0)
(3 1.807140925e-15 0)
(3 1.122020644e-15 0)
(3 -5.480137909e-16 0)
(3 -1.763362122e-15 0)
(3 -1.802579008e-15 0)
(3 -1.248421237e-15 0)
(3 -1.052186019e-15 0)
(3 -1.359604815e-15 0)
(3 -1.101310456e-15 0)
(3 -4.808701929e-16 0)
(3 3.13076627e-16 0)
(3 8.370560799e-16 0)
(3 1.442839884e-15 0)
(3 7.437050466e-16 0)
(3 4.95901448e-16 0)
(3 7.654062775e-17 0)
(3 3.813444511e-16 0)
(3 4.599348463e-16 0)
(3 2.208081766e-16 0)
(3 4.70147006e-16 0)
(3 1.06487448e-15 0)
(3 9.779690903e-16 0)
(3 3.841024725e-17 0)
(3 -9.587530527e-16 0)
(3 -9.09725124e-16 0)
(3 1.997941045e-17 0)
(3 3.229711792e-16 0)
(3 -2.990499369e-16 0)
(3 -1.50349759e-15 0)
(3 -3.244694286e-15 0)
(3 -3.948675642e-15 0)
(3 -3.69321301e-15 0)
(3 -2.28293764e-15 0)
(3 -1.481418252e-15 0)
(3 -1.301463394e-15 0)
(3 -8.02038208e-16 0)
(3 7.73412708e-16 0)
(3 1.115693946e-15 0)
(3 6.330971396e-16 0)
(3 1.395611468e-15 0)
(3 2.013920222e-15 0)
(3 2.17909788e-15 0)
(3 2.296799222e-15 0)
(3 2.663827595e-15 0)
(3 1.941083063e-15 0)
(3 1.63336653e-15 0)
(3 8.740342668e-16 0)
(3 7.974684119e-16 0)
(3 5.106642247e-16 0)
(3 1.776535902e-16 0)
(3 -2.198288578e-16 0)
(3 2.049693943e-16 0)
(3 1.468585155e-15 0)
(3 1.283170948e-15 0)
(3 3.199941932e-16 0)
(3 3.592383025e-16 0)
(3 -4.378380326e-16 0)
(3 3.972620165e-16 0)
(3 1.258720952e-17 0)
(3 4.410303385e-16 0)
(3 9.282616473e-16 0)
(3 4.011997906e-16 0)
(3 2.306454004e-16 0)
(3 4.503321468e-17 0)
(3 5.301960946e-16 0)
(3 4.831828837e-16 0)
(3 2.348066619e-16 0)
(3 -1.423277066e-16 0)
(3 4.003391678e-16 0)
(3 1.184920024e-15 0)
(3 1.052630147e-15 0)
(3 6.126570969e-16 0)
(3 4.353390915e-16 0)
(3 3.441925065e-16 0)
(3 -4.773423264e-16 0)
(3 -4.785713005e-16 0)
(3 -5.878032331e-16 0)
(3 -1.003586164e-15 0)
(3 -1.935118245e-15 0)
(3 -1.965761416e-15 0)
(3 -1.727248156e-15 0)
(3 -1.321251418e-15 0)
(3 -1.331483285e-15 0)
(3 -1.174826876e-15 0)
(3 -1.023359606e-15 0)
(3 1.634927737e-16 0)
(3 1.205820026e-15 0)
(3 1.819198257e-15 0)
(3 1.126104723e-15 0)
(3 1.044260361e-15 0)
(3 4.590969086e-16 0)
(3 3.935557388e-16 0)
(3 5.762565801e-16 0)
(3 3.05094662e-16 0)
(3 -4.731612881e-16 0)
(3 -1.165968212e-15 0)
(3 -8.577899676e-16 0)
(3 -2.352695684e-16 0)
(3 8.717042496e-16 0)
(3 8.398703274e-16 0)
(3 -3.021044179e-16 0)
(3 -7.017585075e-17 0)
(3 2.356767356e-16 0)
(3 8.418907954e-16 0)
(3 1.745141441e-15 0)
(3 1.819085298e-15 0)
(3 1.50949726e-15 0)
(3 1.692972948e-15 0)
(3 1.935134221e-15 0)
(3 1.710354516e-15 0)
(3 1.485664499e-15 0)
(3 1.863709274e-15 0)
(3 2.002650659e-15 0)
(3 1.186648429e-15 0)
(3 6.323137121e-16 0)
(3 3.421985742e-16 0)
(3 1.070465308e-16 0)
(3 -2.495542509e-16 0)
(3 -6.500648668e-16 0)
(3 -1.907140727e-15 0)
(3 -1.611725089e-15 0)
(3 2.241201293e-16 0)
(3 1.112226927e-15 0)
(3 6.262668063e-16 0)
(3 8.042073294e-16 0)
(3 -1.765095848e-15 0)
(3 -2.047125913e-16 0)
(3 2.657898021e-16 0)
(3 3.950853239e-16 0)
(3 -2.66570957e-16 0)
(3 -2.451765492e-16 0)
(3 -1.260138042e-15 0)
(3 -1.234283049e-15 0)
(3 -1.912879267e-15 0)
(3 -1.901344735e-15 0)
(3 6.554231294e-16 0)
(3 2.388059001e-15 0)
(3 2.461887062e-15 0)
(3 1.973794299e-15 0)
(3 5.458177094e-16 0)
(3 -9.621096394e-16 0)
(3 -1.472285023e-15 0)
(3 -2.34720642e-15 0)
(3 -2.566628308e-15 0)
(3 -2.686564818e-15 0)
(3 -3.162763545e-15 0)
(3 -3.859263508e-15 0)
(3 -3.810313268e-15 0)
(3 -2.723725065e-15 0)
(3 -1.241138518e-15 0)
(3 -8.393517537e-16 0)
(3 -1.129830027e-16 0)
(3 5.835428681e-16 0)
(3 8.870340971e-16 0)
(3 1.837487224e-16 0)
(3 3.666427054e-16 0)
(3 3.159548063e-16 0)
(3 9.966081469e-16 0)
(3 1.490155483e-15 0)
(3 6.621307938e-16 0)
(3 1.448914139e-16 0)
(3 2.443188277e-16 0)
(3 3.580589029e-16 0)
(3 7.417482007e-16 0)
(3 1.233382263e-15 0)
(3 1.42348976e-15 0)
(3 1.491732013e-15 0)
(3 2.254654176e-16 0)
(3 -3.617172029e-18 0)
(3 -1.101169124e-15 0)
(3 -6.210591595e-16 0)
(3 4.909120727e-17 0)
(3 2.129489175e-15 0)
(3 2.850947211e-15 0)
(3 3.354462486e-15 0)
(3 2.701961662e-15 0)
(3 2.416981607e-15 0)
(3 2.376902867e-16 0)
(3 -2.126201965e-16 0)
(3 -5.721561877e-16 0)
(3 -1.424300811e-16 0)
(3 8.176614291e-16 0)
(3 1.065847344e-15 0)
(3 9.405030661e-16 0)
(3 2.179070818e-16 0)
(3 -2.116979119e-16 0)
(3 -1.418746981e-15 0)
(3 -1.916775731e-15 0)
(3 -1.75740333e-15 0)
(3 -1.530464078e-15 0)
(3 -1.535029881e-15 0)
(3 -4.886302606e-16 0)
(3 9.194131605e-16 0)
(3 1.86631858e-16 0)
(3 -5.063011908e-17 0)
(3 5.472979747e-16 0)
(3 8.109567077e-16 0)
(3 -7.915001321e-16 0)
(3 -1.961251095e-15 0)
(3 -2.121074401e-15 0)
(3 -1.298644853e-15 0)
(3 -8.912663748e-16 0)
(3 -1.943775423e-16 0)
(3 4.772575839e-16 0)
(3 5.29530729e-16 0)
(3 -9.021552548e-17 0)
(3 -1.146687758e-15 0)
(3 -1.802437881e-15 0)
(3 -1.553238547e-15 0)
(3 -2.050202726e-15 0)
(3 -2.302216889e-15 0)
(3 -2.261433788e-15 0)
(3 -1.835856381e-15 0)
(3 -1.417092521e-15 0)
(3 -1.304722922e-15 0)
(3 -1.190663204e-15 0)
(3 -5.061477054e-16 0)
(3 -4.482277502e-16 0)
(3 4.280633601e-16 0)
(3 1.232323662e-15 0)
(3 4.129961284e-16 0)
(3 -1.875615895e-17 0)
(3 3.597407953e-16 0)
(3 7.618703718e-16 0)
(3 1.044621656e-15 0)
(3 1.055578166e-15 0)
(3 6.851427057e-16 0)
(3 7.57299028e-16 0)
(3 8.739338013e-16 0)
(3 8.434337713e-16 0)
(3 -2.78322427e-16 0)
(3 1.185677147e-16 0)
(3 -4.014523739e-16 0)
(3 -9.487053561e-16 0)
(3 -7.13193154e-16 0)
(3 -3.965933206e-16 0)
(3 -1.738468106e-16 0)
(3 -5.562893409e-16 0)
(3 -1.42291794e-15 0)
(3 -7.540594185e-16 0)
(3 7.692850157e-16 0)
(3 1.119738895e-15 0)
(3 1.549590247e-15 0)
(3 1.460821902e-15 0)
(3 1.744159366e-15 0)
(3 1.876051118e-15 0)
(3 1.651041909e-15 0)
(3 1.412097083e-15 0)
(3 1.247482607e-15 0)
(3 -5.397830179e-16 0)
(3 -1.212308796e-15 0)
(3 -1.807857223e-15 0)
(3 -1.642478456e-15 0)
(3 -1.173997002e-15 0)
(3 -2.008977164e-15 0)
(3 -2.238476031e-15 0)
(3 -2.443358885e-15 0)
(3 -1.700319048e-15 0)
(3 4.983357289e-16 0)
(3 -6.192072463e-16 0)
(3 -1.368929396e-15 0)
(3 -2.593282314e-15 0)
(3 -3.390128474e-15 0)
(3 -2.847412185e-15 0)
(3 -3.644847789e-15 0)
(3 -3.585391925e-15 0)
(3 -3.385506564e-15 0)
(3 -2.497545639e-15 0)
(3 -2.223879195e-15 0)
(3 -1.884791224e-15 0)
(3 -1.679621228e-15 0)
(3 -1.401618127e-15 0)
(3 -6.857746102e-16 0)
(3 -7.373575095e-16 0)
(3 -1.084295221e-15 0)
(3 -1.725956772e-15 0)
(3 -1.377051766e-15 0)
(3 -1.198434547e-15 0)
(3 -1.268270802e-15 0)
(3 -1.044699997e-15 0)
(3 -6.004491883e-16 0)
(3 -2.51529089e-16 0)
(3 -1.621261056e-16 0)
(3 -2.492547865e-17 0)
(3 -1.611415543e-16 0)
(3 3.802325926e-16 0)
(3 3.576567969e-16 0)
(3 1.900248161e-16 0)
(3 5.439697138e-16 0)
(3 5.649035442e-16 0)
(3 9.074916636e-16 0)
(3 1.029635496e-15 0)
(3 9.441185947e-16 0)
(3 1.155015334e-15 0)
(3 1.523643988e-15 0)
(3 1.891739513e-15 0)
(3 2.246956503e-15 0)
(3 1.855499393e-15 0)
(3 1.143915674e-15 0)
(3 5.624292893e-16 0)
(3 5.426122697e-16 0)
(3 1.098127649e-15 0)
(3 1.946064968e-15 0)
(3 2.305099796e-15 0)
(3 1.795518236e-15 0)
(3 1.653097346e-15 0)
(3 5.94221586e-16 0)
(3 2.039261922e-16 0)
(3 -5.951764709e-16 0)
(3 -4.009057367e-16 0)
(3 1.194437762e-15 0)
(3 2.27519969e-15 0)
(3 1.948951699e-15 0)
(3 2.002520375e-15 0)
(3 1.194725796e-15 0)
(3 4.096575049e-16 0)
(3 -9.946924203e-16 0)
(3 -1.568114095e-15 0)
(3 -2.005675503e-15 0)
(3 -2.431900936e-15 0)
(3 -2.830494828e-15 0)
(3 -3.398658138e-15 0)
(3 -3.427638683e-15 0)
(3 -3.348036402e-15 0)
(3 -2.550422457e-15 0)
(3 -1.28790296e-15 0)
(3 -5.317075912e-15 0)
(3 -4.73718473e-15 0)
(3 -5.107696222e-15 0)
(3 -4.796510977e-15 0)
(3 -4.865687882e-15 0)
(3 -5.065204078e-15 0)
(3 -5.123577851e-15 0)
(3 -4.614926359e-15 0)
(3 -2.888819163e-15 0)
(3 -1.822493221e-15 0)
(3 -1.564622572e-15 0)
(3 -1.530576021e-15 0)
(3 -8.773876503e-16 0)
(3 -1.854961966e-16 0)
(3 -6.888668808e-17 0)
(3 -4.179224169e-16 0)
(3 -4.384432708e-16 0)
(3 -1.90130304e-16 0)
(3 -1.115828764e-15 0)
(3 -1.385842988e-15 0)
(3 -8.731997792e-16 0)
(3 -7.54151542e-16 0)
(3 -5.836318892e-16 0)
(3 -5.486922388e-16 0)
(3 -1.071433135e-15 0)
(3 -1.231698526e-15 0)
(3 -1.74245695e-15 0)
(3 -1.273413211e-15 0)
(3 -4.012105468e-16 0)
(3 1.700820954e-16 0)
(3 1.565946984e-16 0)
(3 2.475653198e-16 0)
(3 4.667836133e-16 0)
(3 1.085897049e-15 0)
(3 8.50529939e-16 0)
(3 8.258803688e-16 0)
(3 1.050455969e-15 0)
(3 1.393705405e-15 0)
(3 1.912384512e-15 0)
(3 1.936156596e-15 0)
(3 2.24844853e-15 0)
(3 2.316694331e-15 0)
(3 2.041501375e-15 0)
(3 2.301575156e-15 0)
(3 2.584446839e-15 0)
(3 2.508987047e-15 0)
(3 2.19768429e-15 0)
(3 8.519683393e-16 0)
(3 1.430176529e-15 0)
(3 2.077113005e-15 0)
(3 1.485135461e-15 0)
(3 2.557850025e-16 0)
(3 -8.976849388e-16 0)
(3 -1.615035496e-15 0)
(3 -3.18232581e-15 0)
(3 -3.417011459e-15 0)
(3 -3.695977485e-15 0)
(3 -3.016586212e-15 0)
(3 -2.150654521e-15 0)
(3 -2.160812442e-15 0)
(3 -2.490761066e-15 0)
(3 -2.780960622e-15 0)
(3 -2.439001689e-15 0)
(3 -1.974434216e-15 0)
(3 -1.484555822e-15 0)
(3 -2.702178791e-15 0)
(3 -1.713105645e-15 0)
(3 -5.414604941e-15 0)
(3 -5.531214715e-15 0)
(3 -5.108048515e-15 0)
(3 -3.687331346e-15 0)
(3 -3.361543362e-15 0)
(3 -4.772680377e-15 0)
(3 -5.534630628e-15 0)
(3 -4.295817397e-15 0)
(3 -2.539041203e-15 0)
(3 -1.814969577e-15 0)
(3 -2.166171777e-15 0)
(3 -2.513275701e-15 0)
(3 -2.222925668e-15 0)
(3 -2.507908373e-15 0)
(3 -2.339010768e-15 0)
(3 -1.589869367e-15 0)
(3 -2.850067596e-16 0)
(3 -4.880339494e-16 0)
(3 -9.873328853e-16 0)
(3 -7.715941129e-16 0)
(3 4.25989158e-16 0)
(3 4.877715895e-16 0)
(3 -8.117201675e-17 0)
(3 -1.212975175e-15 0)
(3 -1.428445845e-15 0)
(3 -1.166679191e-15 0)
(3 -1.726763538e-15 0)
(3 -1.44847265e-15 0)
(3 -8.703863228e-16 0)
(3 -6.419396108e-16 0)
(3 -2.185311596e-16 0)
(3 5.204611978e-16 0)
(3 1.580816073e-15 0)
(3 2.056464581e-15 0)
(3 2.454761918e-15 0)
(3 2.391401129e-15 0)
(3 1.454769477e-15 0)
(3 8.863340318e-16 0)
(3 4.602057455e-16 0)
(3 6.072684806e-16 0)
(3 1.376391635e-15 0)
(3 9.591535383e-16 0)
(3 4.781186289e-16 0)
(3 2.947843137e-16 0)
(3 -2.880120909e-17 0)
(3 -1.773581443e-16 0)
(3 -3.738192262e-16 0)
(3 -4.650285711e-16 0)
(3 7.77026158e-16 0)
(3 1.18191057e-15 0)
(3 1.626300158e-17 0)
(3 -1.597027467e-15 0)
(3 -2.087350043e-15 0)
(3 -2.582517159e-15 0)
(3 -3.745945495e-15 0)
(3 -4.386638868e-15 0)
(3 -4.258939431e-15 0)
(3 -3.728648365e-15 0)
(3 -5.340855619e-15 0)
(3 -5.645311106e-15 0)
(3 -5.274097713e-15 0)
(3 -3.755689354e-15 0)
(3 -2.417560397e-15 0)
(3 -1.02720724e-15 0)
(3 3.393920364e-16 0)
(3 6.695835746e-16 0)
(3 4.41459081e-16 0)
(3 -4.559915326e-15 0)
(3 -4.057112245e-15 0)
(3 -3.517122553e-15 0)
(3 -3.030636006e-15 0)
(3 -3.346465304e-15 0)
(3 -3.249920832e-15 0)
(3 -3.280788421e-15 0)
(3 -2.789807938e-15 0)
(3 -2.385261525e-15 0)
(3 -1.532098543e-15 0)
(3 -9.614579233e-16 0)
(3 -6.330270273e-16 0)
(3 -1.141286558e-15 0)
(3 -1.723817466e-15 0)
(3 -2.179151492e-15 0)
(3 -2.140931549e-15 0)
(3 -2.645459109e-15 0)
(3 -2.412775587e-15 0)
(3 -3.273625764e-16 0)
(3 2.704850293e-16 0)
(3 3.716260469e-16 0)
(3 1.824489316e-16 0)
(3 4.894475755e-16 0)
(3 5.543788001e-16 0)
(3 1.157221921e-15 0)
(3 1.062568482e-15 0)
(3 1.662781192e-15 0)
(3 1.54022974e-15 0)
(3 5.481608602e-16 0)
(3 8.499720466e-16 0)
(3 1.138618865e-15 0)
(3 7.310072039e-16 0)
(3 4.861772357e-16 0)
(3 1.198084696e-16 0)
(3 1.535539153e-15 0)
(3 2.713305409e-15 0)
(3 2.342825815e-15 0)
(3 2.351347082e-15 0)
(3 5.034668803e-16 0)
(3 -1.555242379e-15 0)
(3 -1.783532173e-15 0)
(3 -1.571039284e-15 0)
(3 -1.258007119e-15 0)
(3 -1.328981166e-15 0)
(3 -1.383411962e-15 0)
(3 -9.522886629e-16 0)
(3 -7.775024999e-16 0)
(3 -2.27601773e-16 0)
(3 -4.224644134e-16 0)
(3 -1.545193424e-15 0)
(3 -2.002918396e-15 0)
(3 -2.128509691e-15 0)
(3 -2.457888905e-15 0)
(3 -2.901851472e-15 0)
(3 -3.522194611e-15 0)
(3 -4.025787823e-15 0)
(3 -4.157845567e-15 0)
(3 -4.261001165e-15 0)
(3 -4.591615238e-15 0)
(3 -4.833051664e-15 0)
(3 -5.386894634e-15 0)
(3 -6.098828983e-15 0)
(3 -4.288166687e-15 0)
(3 -3.787224865e-15 0)
(3 -2.445651111e-15 0)
(3 6.056950108e-16 0)
(3 1.615366819e-15 0)
(3 -3.235231273e-15 0)
(3 -3.182916717e-15 0)
(3 -2.764164384e-15 0)
(3 -2.448498409e-15 0)
(3 -1.645933296e-15 0)
(3 -1.464519955e-15 0)
(3 -1.793295578e-15 0)
(3 -2.897725988e-15 0)
(3 -2.648248568e-15 0)
(3 -2.622416346e-15 0)
(3 -1.82332345e-15 0)
(3 -8.685184528e-16 0)
(3 -7.320691016e-16 0)
(3 -3.487108322e-16 0)
(3 2.489307047e-16 0)
(3 -4.897708483e-16 0)
(3 -1.607585942e-15 0)
(3 -1.075402e-15 0)
(3 -5.368041357e-17 0)
(3 1.09525897e-15 0)
(3 1.370613373e-15 0)
(3 1.194519754e-15 0)
(3 1.536631865e-15 0)
(3 2.208203521e-15 0)
(3 2.425452351e-15 0)
(3 1.559707963e-15 0)
(3 2.290441691e-16 0)
(3 3.654226545e-16 0)
(3 -1.227837945e-16 0)
(3 -1.927245969e-16 0)
(3 4.081756613e-16 0)
(3 2.455708345e-16 0)
(3 -9.258455825e-16 0)
(3 -9.817897517e-16 0)
(3 -1.430396081e-15 0)
(3 -3.101754751e-16 0)
(3 1.136693557e-15 0)
(3 9.175151619e-16 0)
(3 1.167683957e-15 0)
(3 6.209046249e-16 0)
(3 -8.222425525e-16 0)
(3 -2.01355858e-15 0)
(3 -2.212082305e-15 0)
(3 -1.784722559e-15 0)
(3 -1.719599022e-15 0)
(3 -1.158648125e-15 0)
(3 -4.145881002e-16 0)
(3 -1.550994494e-15 0)
(3 -1.971478642e-15 0)
(3 -2.322219673e-15 0)
(3 -2.500158097e-15 0)
(3 -2.652358035e-15 0)
(3 -3.340989712e-15 0)
(3 -4.428001202e-15 0)
(3 -5.57784339e-15 0)
(3 -6.002169047e-15 0)
(3 -5.211265741e-15 0)
(3 -4.350303519e-15 0)
(3 -3.686621443e-15 0)
(3 -2.87450919e-15 0)
(3 -2.312868268e-15 0)
(3 -2.174653074e-15 0)
(3 -2.935137832e-15 0)
(3 -2.782656835e-15 0)
(3 -1.709250029e-15 0)
(3 3.547918235e-16 0)
(3 2.031445569e-15 0)
(3 -1.948188672e-15 0)
(3 -1.684310389e-15 0)
(3 -2.150508997e-15 0)
(3 -2.345153801e-15 0)
(3 -1.726715628e-15 0)
(3 -5.971319657e-16 0)
(3 -4.430416103e-16 0)
(3 -1.758425774e-15 0)
(3 -2.432020559e-15 0)
(3 -2.747726386e-15 0)
(3 -2.687711325e-15 0)
(3 -2.198279847e-15 0)
(3 -1.484006643e-15 0)
(3 5.221593427e-16 0)
(3 7.803894781e-16 0)
(3 4.59916352e-16 0)
(3 6.805169738e-16 0)
(3 9.823414777e-16 0)
(3 9.57546533e-16 0)
(3 9.697841546e-16 0)
(3 9.560079208e-16 0)
(3 1.225983322e-15 0)
(3 1.554345033e-15 0)
(3 1.087731451e-15 0)
(3 8.083971177e-16 0)
(3 8.42284833e-16 0)
(3 5.558528654e-16 0)
(3 5.435561915e-17 0)
(3 3.012726091e-16 0)
(3 8.427398641e-16 0)
(3 1.28609661e-15 0)
(3 1.516372334e-15 0)
(3 8.64349251e-16 0)
(3 -7.648361317e-17 0)
(3 -2.48367318e-16 0)
(3 -9.992725541e-17 0)
(3 3.729080926e-16 0)
(3 5.619028812e-16 0)
(3 1.59629934e-15 0)
(3 4.997036209e-16 0)
(3 5.09186746e-17 0)
(3 -1.290469684e-15 0)
(3 -1.538038626e-15 0)
(3 -1.701254658e-15 0)
(3 -2.179709151e-15 0)
(3 -1.92563432e-15 0)
(3 -1.852239713e-15 0)
(3 -2.961614253e-15 0)
(3 -3.976353245e-15 0)
(3 -4.53363613e-15 0)
(3 -3.222073614e-15 0)
(3 -3.13346668e-15 0)
(3 -3.646236184e-15 0)
(3 -4.628738182e-15 0)
(3 -4.497259341e-15 0)
(3 -3.887198322e-15 0)
(3 -3.565911633e-15 0)
(3 -3.633113718e-15 0)
(3 -3.509504504e-15 0)
(3 -3.406169394e-15 0)
(3 -2.910936521e-15 0)
(3 -2.907579984e-15 0)
(3 -3.489915837e-15 0)
(3 -3.674746056e-15 0)
(3 -2.609359115e-15 0)
(3 -2.041269058e-15 0)
(3 -5.303877385e-16 0)
(3 -8.383993296e-18 0)
(3 -6.16133368e-16 0)
(3 -9.071721519e-16 0)
(3 -7.572478452e-16 0)
(3 -7.808638723e-16 0)
(3 -2.012701048e-16 0)
(3 7.9747218e-16 0)
(3 1.281269117e-15 0)
(3 6.917479871e-16 0)
(3 -6.12991542e-16 0)
(3 -1.391192238e-15 0)
(3 -1.565514601e-15 0)
(3 -1.405825229e-15 0)
(3 -6.352642547e-16 0)
(3 3.074341656e-16 0)
(3 1.711304023e-15 0)
(3 1.885413145e-15 0)
(3 1.737894904e-15 0)
(3 1.252253801e-15 0)
(3 8.622649383e-16 0)
(3 1.22069024e-16 0)
(3 6.071064803e-16 0)
(3 1.140740932e-15 0)
(3 1.403333404e-15 0)
(3 1.423942965e-15 0)
(3 1.245992482e-15 0)
(3 1.338968647e-15 0)
(3 1.086859645e-15 0)
(3 9.09324611e-16 0)
(3 1.117962781e-15 0)
(3 8.112416919e-16 0)
(3 3.466033792e-16 0)
(3 6.870579687e-17 0)
(3 -3.234428598e-16 0)
(3 -8.33495777e-16 0)
(3 -1.017841115e-15 0)
(3 -9.71442498e-16 0)
(3 -8.275517629e-16 0)
(3 -1.470422735e-15 0)
(3 -1.357071345e-15 0)
(3 -1.072910485e-15 0)
(3 -5.282916625e-16 0)
(3 -4.611695178e-16 0)
(3 -8.938578306e-16 0)
(3 -8.803519309e-16 0)
(3 -8.225865823e-16 0)
(3 -1.352744715e-15 0)
(3 -2.097260227e-15 0)
(3 -3.07930149e-15 0)
(3 -3.620827871e-15 0)
(3 -4.287869434e-15 0)
(3 -4.37311138e-15 0)
(3 -4.204214585e-15 0)
(3 -3.858552654e-15 0)
(3 -2.637652417e-15 0)
(3 -1.271031154e-15 0)
(3 -2.339524294e-15 0)
(3 -2.298747594e-15 0)
(3 -1.617789506e-15 0)
(3 -2.891267295e-15 0)
(3 -2.863644274e-15 0)
(3 -2.497373758e-15 0)
(3 -2.095493116e-15 0)
(3 -2.238235623e-15 0)
(3 -2.62487184e-15 0)
(3 -3.141371173e-15 0)
(3 -2.577929037e-15 0)
(3 9.554657556e-16 0)
(3 1.756878744e-16 0)
(3 4.828012345e-16 0)
(3 4.125130878e-16 0)
(3 4.008595395e-17 0)
(3 -2.165528424e-16 0)
(3 -1.593637389e-16 0)
(3 8.635033021e-16 0)
(3 9.650028347e-16 0)
(3 1.67136568e-16 0)
(3 -5.873328339e-16 0)
(3 -5.395016674e-16 0)
(3 -1.151069417e-15 0)
(3 -2.487620349e-15 0)
(3 -2.326911971e-15 0)
(3 -6.833308533e-16 0)
(3 -5.067331756e-16 0)
(3 -1.079432294e-15 0)
(3 -1.159786767e-15 0)
(3 -2.302994746e-16 0)
(3 -2.062043448e-16 0)
(3 -3.676865643e-16 0)
(3 -6.301976107e-16 0)
(3 -6.124494398e-16 0)
(3 -3.037499375e-16 0)
(3 9.744982655e-17 0)
(3 1.765693573e-16 0)
(3 4.423340698e-18 0)
(3 5.516448486e-17 0)
(3 -7.856596426e-16 0)
(3 -1.149540186e-15 0)
(3 -1.158824392e-15 0)
(3 -1.137814039e-15 0)
(3 -1.231031977e-15 0)
(3 -2.671464416e-15 0)
(3 -4.320261065e-15 0)
(3 -4.836118559e-15 0)
(3 -4.560562043e-15 0)
(3 -3.411304195e-15 0)
(3 -2.657172358e-15 0)
(3 -2.155661726e-15 0)
(3 -1.638360819e-15 0)
(3 -1.992092579e-15 0)
(3 -2.350910824e-15 0)
(3 -1.969546504e-15 0)
(3 -2.024882664e-15 0)
(3 -2.2370981e-15 0)
(3 -2.921223465e-15 0)
(3 -3.031576101e-15 0)
(3 -3.685205294e-15 0)
(3 -4.343432972e-15 0)
(3 -4.468628743e-15 0)
(3 -3.834273834e-15 0)
(3 -3.042974182e-15 0)
(3 -3.011638733e-15 0)
(3 -3.453635184e-15 0)
(3 -3.813819374e-15 0)
(3 -3.703621274e-15 0)
(3 -3.351366976e-15 0)
(3 -2.753607591e-15 0)
(3 -1.747695756e-15 0)
(3 -8.860192595e-16 0)
(3 -1.162489846e-16 0)
(3 -7.628052535e-16 0)
(3 -1.502026814e-15 0)
(3 -1.394430183e-15 0)
(3 -1.35086249e-15 0)
(3 3.296964002e-15 0)
(3 3.075486339e-15 0)
(3 2.509372463e-15 0)
(3 2.060276344e-15 0)
(3 1.977579407e-15 0)
(3 1.64318439e-15 0)
(3 8.716490409e-17 0)
(3 -1.156598515e-15 0)
(3 -6.824532187e-16 0)
(3 2.90766994e-17 0)
(3 3.380837447e-16 0)
(3 3.047279829e-16 0)
(3 -7.246870271e-16 0)
(3 -1.640704052e-15 0)
(3 -2.52764363e-15 0)
(3 -2.336748122e-15 0)
(3 -2.376945579e-15 0)
(3 -2.442704166e-15 0)
(3 -2.48875053e-15 0)
(3 -2.976372352e-15 0)
(3 -2.76899743e-15 0)
(3 -1.855490413e-15 0)
(3 -1.683277441e-15 0)
(3 -1.163724632e-15 0)
(3 -3.863341818e-16 0)
(3 1.502802854e-16 0)
(3 1.036663642e-15 0)
(3 1.358783603e-15 0)
(3 1.3559239e-15 0)
(3 9.557223031e-18 0)
(3 -2.992654965e-16 0)
(3 5.770715246e-17 0)
(3 -1.820733455e-16 0)
(3 -3.941205687e-16 0)
(3 -1.483861917e-15 0)
(3 -2.501678417e-15 0)
(3 -3.649901679e-15 0)
(3 -3.829680452e-15 0)
(3 -3.593571245e-15 0)
(3 -3.827148671e-15 0)
(3 -4.177526563e-15 0)
(3 -4.272318658e-15 0)
(3 -4.661488948e-15 0)
(3 -4.648615764e-15 0)
(3 -4.490059637e-15 0)
(3 -4.44589141e-15 0)
(3 -4.192770704e-15 0)
(3 -4.134040895e-15 0)
(3 -3.610767907e-15 0)
(3 -3.171389099e-15 0)
(3 -2.713959441e-15 0)
(3 -2.593094815e-15 0)
(3 -2.766195733e-15 0)
(3 -2.932094879e-15 0)
(3 -3.047263169e-15 0)
(3 -2.996248905e-15 0)
(3 -2.319858974e-15 0)
(3 -3.268212246e-15 0)
(3 -3.2060705e-15 0)
(3 -2.366347429e-15 0)
(3 -1.454767829e-15 0)
(3 -8.715594037e-16 0)
(3 4.871084976e-16 0)
(3 9.50415128e-16 0)
(3 1.231346444e-15 0)
(3 1.189963704e-15 0)
(3 -1.476405649e-16 0)
(3 2.919468106e-15 0)
(3 2.353109922e-15 0)
(3 1.491950885e-15 0)
(3 6.377120626e-16 0)
(3 5.669540192e-16 0)
(3 3.520440383e-16 0)
(3 7.163264833e-16 0)
(3 5.807171906e-16 0)
(3 5.874396788e-18 0)
(3 -4.533876743e-16 0)
(3 -8.744581861e-16 0)
(3 -1.508433633e-15 0)
(3 -1.412104028e-15 0)
(3 -8.50768123e-16 0)
(3 -1.43526651e-15 0)
(3 -2.013580418e-15 0)
(3 -2.012931421e-15 0)
(3 -2.039488219e-15 0)
(3 -1.805284203e-15 0)
(3 -3.210119873e-15 0)
(3 -3.655934567e-15 0)
(3 -2.985940626e-15 0)
(3 -2.093189844e-15 0)
(3 -1.079480825e-15 0)
(3 -1.545442363e-15 0)
(3 -1.876499014e-15 0)
(3 -1.855606711e-15 0)
(3 -6.257709778e-16 0)
(3 -7.971858489e-16 0)
(3 -3.785379309e-16 0)
(3 -1.116639278e-15 0)
(3 -8.777591632e-16 0)
(3 -1.44986038e-16 0)
(3 2.416051975e-16 0)
(3 1.526353674e-15 0)
(3 1.211298884e-15 0)
(3 6.648818378e-16 0)
(3 -1.726726147e-15 0)
(3 -3.91240117e-15 0)
(3 -4.329101707e-15 0)
(3 -4.534258372e-15 0)
(3 -4.89097463e-15 0)
(3 -4.442303893e-15 0)
(3 -4.146208492e-15 0)
(3 -4.072404905e-15 0)
(3 -3.791645186e-15 0)
(3 -3.376470795e-15 0)
(3 -2.289585059e-15 0)
(3 -1.63121914e-15 0)
(3 -1.133222035e-15 0)
(3 -4.798269717e-16 0)
(3 -2.59774829e-16 0)
(3 -7.025502205e-16 0)
(3 -1.521012965e-15 0)
(3 -1.807456349e-15 0)
(3 -1.387589228e-15 0)
(3 -8.496002226e-16 0)
(3 -2.931878561e-16 0)
(3 1.195092102e-16 0)
(3 2.158047698e-17 0)
(3 -6.084964796e-17 0)
(3 -1.232112597e-16 0)
(3 4.385432806e-16 0)
(3 1.223533299e-15 0)
(3 1.963027984e-15 0)
(3 1.223436563e-15 0)
(3 1.533514359e-16 0)
(3 2.597692853e-15 0)
(3 2.508049587e-15 0)
(3 1.849691348e-15 0)
(3 9.435370465e-16 0)
(3 -1.108247567e-15 0)
(3 -1.067499103e-15 0)
(3 -3.33950393e-16 0)
(3 2.623415977e-16 0)
(3 4.779034009e-18 0)
(3 -7.417417766e-16 0)
(3 -1.803702251e-15 0)
(3 -2.214059003e-15 0)
(3 -2.316804021e-15 0)
(3 -2.034313962e-15 0)
(3 -1.838613122e-15 0)
(3 -2.086125904e-15 0)
(3 -2.734736223e-15 0)
(3 -3.500448814e-15 0)
(3 -2.884805155e-15 0)
(3 -1.875315345e-15 0)
(3 -3.519713832e-15 0)
(3 -3.41007021e-15 0)
(3 -3.539406455e-15 0)
(3 -4.25826666e-15 0)
(3 -3.425774586e-15 0)
(3 -2.869609199e-15 0)
(3 -3.046657243e-15 0)
(3 -2.798608046e-15 0)
(3 -2.818991869e-15 0)
(3 -2.380084972e-15 0)
(3 -1.603205276e-15 0)
(3 -1.703640424e-15 0)
(3 -2.107153492e-15 0)
(3 -1.370044207e-15 0)
(3 -1.298320704e-15 0)
(3 -1.272787512e-15 0)
(3 -1.137516741e-15 0)
(3 -1.664324437e-15 0)
(3 -2.789103061e-15 0)
(3 -2.890329093e-15 0)
(3 -2.981135872e-15 0)
(3 -3.297930932e-15 0)
(3 -3.415426179e-15 0)
(3 -3.094497771e-15 0)
(3 -3.113956299e-15 0)
(3 -2.491842007e-15 0)
(3 -7.358582088e-16 0)
(3 3.78098164e-16 0)
(3 3.732779135e-17 0)
(3 2.565091783e-17 0)
(3 -3.313780387e-16 0)
(3 -8.749482502e-16 0)
(3 -5.879199811e-16 0)
(3 -1.258003705e-16 0)
(3 8.127058981e-16 0)
(3 -5.019111431e-17 0)
(3 -5.852468719e-16 0)
(3 -2.943062087e-17 0)
(3 -2.557593102e-18 0)
(3 -2.819259398e-16 0)
(3 -9.068508903e-16 0)
(3 -9.713257026e-16 0)
(3 -1.142032437e-15 0)
(3 -6.198737273e-16 0)
(3 1.775966342e-16 0)
(3 -4.719726017e-17 0)
(3 -3.262961762e-16 0)
(3 1.121235556e-15 0)
(3 1.440618474e-15 0)
(3 1.277407446e-15 0)
(3 1.496681272e-15 0)
(3 6.150197265e-16 0)
(3 -1.042987554e-15 0)
(3 -1.798856136e-15 0)
(3 -1.203436585e-15 0)
(3 -1.870044988e-16 0)
(3 1.097057456e-15 0)
(3 7.389940153e-16 0)
(3 3.238262882e-16 0)
(3 -5.139987895e-17 0)
(3 -2.344456269e-15 0)
(3 -3.041816767e-15 0)
(3 -2.92779243e-15 0)
(3 -3.301563755e-15 0)
(3 -3.603789342e-15 0)
(3 -4.419254036e-15 0)
(3 -5.463876807e-15 0)
(3 -4.577267533e-15 0)
(3 -4.584041868e-15 0)
(3 -4.838525356e-15 0)
(3 -4.609671097e-15 0)
(3 -3.65857999e-15 0)
(3 -3.583365273e-15 0)
(3 -3.654139928e-15 0)
(3 -4.322472294e-15 0)
(3 -4.186513663e-15 0)
(3 -3.51447679e-15 0)
(3 -2.714200586e-15 0)
(3 -1.813742899e-15 0)
(3 -1.48742237e-15 0)
(3 -1.124080495e-15 0)
(3 -1.026215618e-15 0)
(3 -1.514872267e-15 0)
(3 -2.339637914e-15 0)
(3 -2.749839489e-15 0)
(3 -3.038832488e-15 0)
(3 -2.711540375e-15 0)
(3 -2.769856585e-15 0)
(3 -3.323733805e-15 0)
(3 -3.92395828e-15 0)
(3 -3.689564556e-15 0)
(3 -3.240470643e-15 0)
(3 -3.017009126e-15 0)
(3 -2.403918805e-15 0)
(3 -1.778895189e-15 0)
(3 -2.118542788e-15 0)
(3 -1.304350424e-15 0)
(3 -1.626398803e-15 0)
(3 -2.126708778e-15 0)
(3 -2.595661839e-15 0)
(3 -2.052148182e-15 0)
(3 -2.154567923e-15 0)
(3 -2.063966792e-15 0)
(3 -2.167452782e-15 0)
(3 -1.401279228e-15 0)
(3 -1.490628079e-15 0)
(3 -1.088894857e-15 0)
(3 -1.227720312e-15 0)
(3 -1.495975613e-15 0)
(3 -1.790702741e-15 0)
(3 -1.221063639e-15 0)
(3 -4.957267085e-16 0)
(3 -3.640740509e-16 0)
(3 -6.100349412e-16 0)
(3 2.851038177e-16 0)
(3 -8.174760999e-17 0)
(3 -2.801629758e-16 0)
(3 5.752337799e-16 0)
(3 -5.36008878e-16 0)
(3 -2.367863812e-15 0)
(3 -3.333623072e-15 0)
(3 -3.481252915e-15 0)
(3 -3.182373897e-15 0)
(3 -2.176110212e-15 0)
(3 -2.275793453e-16 0)
(3 7.770129491e-16 0)
(3 7.107617215e-16 0)
(3 -1.119695594e-15 0)
(3 -2.879550944e-15 0)
(3 -3.136368582e-15 0)
(3 -2.929199321e-15 0)
(3 -3.582270055e-15 0)
(3 -4.767109067e-15 0)
(3 -5.444067676e-15 0)
(3 -4.96101319e-15 0)
(3 -5.10671033e-15 0)
(3 -5.472427849e-15 0)
(3 -5.711953584e-15 0)
(3 -5.87717866e-15 0)
(3 -5.32215787e-15 0)
(3 -4.592581132e-15 0)
(3 -4.145512671e-15 0)
(3 -3.516121557e-15 0)
(3 -3.068348449e-15 0)
(3 -2.748631151e-15 0)
(3 -2.606823334e-15 0)
(3 -2.495634893e-15 0)
(3 -2.372224815e-15 0)
(3 -1.302413036e-15 0)
(3 -1.031704061e-15 0)
(3 -1.327637284e-15 0)
(3 -2.152524743e-15 0)
(3 -2.807101434e-15 0)
(3 -2.654570097e-15 0)
(3 -2.933485071e-15 0)
(3 -2.694437664e-15 0)
(3 -2.625077571e-15 0)
(3 -2.215886163e-15 0)
(3 -1.837440704e-15 0)
(3 -2.030514491e-15 0)
(3 -2.497990368e-15 0)
(3 -3.059588531e-15 0)
(3 -3.204092146e-15 0)
(3 -3.327367702e-15 0)
(3 -3.158443247e-15 0)
(3 -2.872703682e-15 0)
(3 -3.644132767e-15 0)
(3 -3.747226921e-15 0)
(3 -3.262827405e-15 0)
(3 -1.705107894e-15 0)
(3 -1.538402122e-15 0)
(3 -2.092352784e-15 0)
(3 -2.098445116e-15 0)
(3 -1.646004266e-15 0)
(3 -6.634951898e-16 0)
(3 1.718369733e-16 0)
(3 -2.587284207e-16 0)
(3 -3.308514626e-16 0)
(3 -1.371655228e-16 0)
(3 -6.318521302e-16 0)
(3 -9.832377315e-16 0)
(3 1.551565918e-15 0)
(3 6.993543767e-16 0)
(3 -2.806218004e-17 0)
(3 -4.402545451e-16 0)
(3 -1.17336101e-15 0)
(3 -1.531789921e-15 0)
(3 -1.686416696e-15 0)
(3 -3.263221543e-15 0)
(3 -4.054232213e-15 0)
(3 -4.657150584e-15 0)
(3 -4.090392669e-15 0)
(3 -3.315701664e-15 0)
(3 -3.349866206e-15 0)
(3 -3.014228006e-15 0)
(3 -3.508437665e-15 0)
(3 -3.97052934e-15 0)
(3 -4.714258646e-15 0)
(3 -5.42533701e-15 0)
(3 -6.26670059e-15 0)
(3 -4.867248402e-15 0)
(3 -3.592039945e-15 0)
(3 -3.628913904e-15 0)
(3 -4.898237325e-15 0)
(3 -5.363642141e-15 0)
(3 -5.242789107e-15 0)
(3 -2.999185523e-15 0)
(3 -2.108385058e-15 0)
(3 -2.328539532e-15 0)
(3 -3.244971725e-15 0)
(3 -3.08219524e-15 0)
(3 -2.680148425e-15 0)
(3 -2.549128518e-15 0)
(3 -2.698765157e-15 0)
(3 -2.939328693e-15 0)
(3 -3.743874015e-15 0)
(3 -3.566225156e-15 0)
(3 -2.860481848e-15 0)
(3 -2.701642983e-15 0)
(3 -2.768575222e-15 0)
(3 -2.094144604e-15 0)
(3 -1.709550271e-15 0)
(3 -1.228518538e-15 0)
(3 -1.042072819e-15 0)
(3 -1.748942263e-15 0)
(3 -2.808215085e-15 0)
(3 -3.57702484e-15 0)
(3 -3.987166442e-15 0)
(3 -3.39625013e-15 0)
(3 -3.287950237e-15 0)
(3 -4.485831934e-15 0)
(3 -4.455792722e-15 0)
(3 -4.01199568e-15 0)
(3 -3.229931647e-15 0)
(3 -3.143982077e-15 0)
(3 -1.761081109e-15 0)
(3 -1.401323256e-15 0)
(3 -9.174337263e-16 0)
(3 -9.785285358e-16 0)
(3 -1.168725497e-15 0)
(3 -1.403122883e-15 0)
(3 -1.03670656e-15 0)
(3 -6.232483387e-16 0)
(3 4.495500651e-16 0)
(3 -4.957705958e-16 0)
(3 -1.802650142e-15 0)
(3 -2.959062828e-15 0)
(3 -2.902003318e-15 0)
(3 -4.882987888e-16 0)
(3 6.26477243e-16 0)
(3 2.792044897e-16 0)
(3 -5.811143508e-16 0)
(3 -2.695357115e-16 0)
(3 6.687723658e-16 0)
(3 9.888473955e-16 0)
(3 1.11273553e-15 0)
(3 -3.986898628e-16 0)
(3 -2.390844103e-15 0)
(3 -3.554740293e-15 0)
(3 -3.557035027e-15 0)
(3 -3.214399632e-15 0)
(3 -3.520752483e-15 0)
(3 -3.030043359e-15 0)
(3 -3.988493437e-15 0)
(3 -4.873256233e-15 0)
(3 -5.106194066e-15 0)
(3 -4.623017208e-15 0)
(3 -4.070667282e-15 0)
(3 -3.701824466e-15 0)
(3 -3.955692387e-15 0)
(3 -2.320460725e-15 0)
(3 -2.142923267e-15 0)
(3 -2.365024544e-15 0)
(3 -3.124869024e-15 0)
(3 -3.228219937e-15 0)
(3 -2.73862992e-15 0)
(3 -2.64992422e-15 0)
(3 -3.369560861e-15 0)
(3 -3.449041071e-15 0)
(3 -3.5015268e-15 0)
(3 -3.949319004e-15 0)
(3 -5.399032458e-15 0)
(3 -6.524807905e-15 0)
(3 -7.425060365e-15 0)
(3 -6.879381178e-15 0)
(3 -3.664627873e-15 0)
(3 -3.045363019e-15 0)
(3 -2.787423457e-15 0)
(3 -8.877766848e-16 0)
(3 -1.389901205e-16 0)
(3 -2.160441088e-16 0)
(3 -2.995558562e-16 0)
(3 -1.777352824e-16 0)
(3 -2.889151927e-16 0)
(3 -7.479611718e-16 0)
(3 -1.88827619e-15 0)
(3 -2.453120163e-15 0)
(3 -2.329535958e-15 0)
(3 -1.609525406e-15 0)
(3 -1.186892769e-15 0)
(3 -1.02985051e-15 0)
(3 -1.039884115e-15 0)
(3 -2.14313847e-15 0)
(3 -1.864313034e-15 0)
(3 -6.131791986e-16 0)
(3 1.551266653e-16 0)
(3 3.976270101e-16 0)
(3 1.713113576e-16 0)
(3 -8.377717358e-17 0)
(3 -9.431598347e-16 0)
(3 -1.055530947e-15 0)
(3 -1.645254775e-15 0)
(3 -3.353487292e-15 0)
(3 -3.284825429e-15 0)
(3 -2.382257411e-15 0)
(3 -4.244530409e-15 0)
(3 -3.10900768e-15 0)
(3 -2.064504172e-15 0)
(3 -1.991794729e-15 0)
(3 -1.85251934e-15 0)
(3 -1.40851445e-15 0)
(3 1.880386984e-16 0)
(3 9.148912339e-16 0)
(3 7.035764741e-16 0)
(3 -1.338451592e-15 0)
(3 -2.579817348e-15 0)
(3 -3.103162822e-15 0)
(3 -3.817895462e-15 0)
(3 -4.341530421e-15 0)
(3 -4.806555146e-15 0)
(3 -5.08398635e-15 0)
(3 -4.54125478e-15 0)
(3 -4.208990827e-15 0)
(3 -4.697998032e-15 0)
(3 -6.873768052e-15 0)
(3 -8.021255077e-15 0)
(3 -7.880438418e-15 0)
(3 -5.667214657e-15 0)
(3 -4.954043609e-15 0)
(3 -5.116134943e-15 0)
(3 -6.027596551e-15 0)
(3 -6.723340905e-15 0)
(3 -6.583443562e-15 0)
(3 -5.427808974e-15 0)
(3 -3.736833134e-15 0)
(3 -3.719071379e-15 0)
(3 -4.17633517e-15 0)
(3 -4.856278843e-15 0)
(3 -5.17652184e-15 0)
(3 -5.763830472e-15 0)
(3 -6.354459006e-15 0)
(3 -6.275664249e-15 0)
(3 -5.220872659e-15 0)
(3 -3.379532936e-15 0)
(3 -2.400058924e-15 0)
(3 -1.759074582e-15 0)
(3 -8.599585218e-16 0)
(3 -2.321631576e-16 0)
(3 4.28767499e-17 0)
(3 4.520221556e-16 0)
(3 8.161438002e-16 0)
(3 8.943584654e-17 0)
(3 -8.996967194e-16 0)
(3 -1.50684011e-15 0)
(3 -1.567877454e-15 0)
(3 -2.016046199e-15 0)
(3 -1.839128248e-15 0)
(3 -9.318981902e-16 0)
(3 -8.979611077e-16 0)
(3 -1.108558735e-15 0)
(3 -1.218331727e-15 0)
(3 -6.830457158e-16 0)
(3 -8.561917547e-17 0)
(3 4.314471201e-16 0)
(3 6.586003873e-16 0)
(3 4.485868516e-16 0)
(3 -2.588045357e-16 0)
(3 -1.84194834e-15 0)
(3 -2.518784969e-15 0)
(3 -2.448881723e-15 0)
(3 -1.805390075e-15 0)
(3 -9.641075099e-16 0)
(3 -1.535243591e-15 0)
(3 -2.03164846e-15 0)
(3 -1.993075986e-15 0)
(3 -1.536751163e-15 0)
(3 -1.79096267e-15 0)
(3 -1.461992727e-15 0)
(3 -5.792224685e-16 0)
(3 -1.087771457e-15 0)
(3 -1.842217173e-15 0)
(3 -3.130391957e-15 0)
(3 -4.129775536e-15 0)
(3 -4.698100856e-15 0)
(3 -5.51610422e-15 0)
(3 -5.657653762e-15 0)
(3 -6.050053023e-15 0)
(3 -6.107391755e-15 0)
(3 -5.753533947e-15 0)
(3 -5.818049993e-15 0)
(3 -5.877998576e-15 0)
(3 -6.093743999e-15 0)
(3 -6.0743943e-15 0)
(3 -5.75259291e-15 0)
(3 -4.834487874e-15 0)
(3 -4.000736186e-15 0)
(3 -3.218265954e-15 0)
(3 -3.404758495e-15 0)
(3 -3.54948972e-15 0)
(3 -3.749789113e-15 0)
(3 -3.795054448e-15 0)
(3 -3.364733607e-15 0)
(3 -3.755829573e-15 0)
(3 -4.364205078e-15 0)
(3 -4.396229205e-15 0)
(3 -4.489304725e-15 0)
(3 -4.147219396e-15 0)
(3 -3.988346082e-15 0)
(3 -3.176951073e-15 0)
(3 -3.13289471e-15 0)
(3 -3.528214629e-15 0)
(3 -3.352260861e-15 0)
(3 -3.154636174e-15 0)
(3 -2.817240929e-15 0)
(3 -1.92852587e-15 0)
(3 -1.408200216e-15 0)
(3 -1.711804678e-15 0)
(3 -2.0797781e-15 0)
(3 -1.843166134e-15 0)
(3 -1.193850789e-15 0)
(3 -1.310550126e-15 0)
(3 -1.127807019e-15 0)
(3 -2.000891866e-15 0)
(3 -2.095049151e-15 0)
(3 -1.441441317e-15 0)
(3 -6.61092597e-16 0)
(3 -5.952522744e-16 0)
(3 -1.701835655e-15 0)
(3 -1.649984219e-15 0)
(3 -1.768998565e-15 0)
(3 -1.587903996e-15 0)
(3 -1.430693685e-15 0)
(3 -1.121695984e-15 0)
(3 -5.554265441e-16 0)
(3 -1.341720533e-15 0)
(3 -1.853575721e-15 0)
(3 -1.465386863e-15 0)
(3 -1.198037918e-15 0)
(3 -1.393235378e-15 0)
(3 -7.968498573e-16 0)
(3 -1.389987807e-15 0)
(3 -1.668681117e-15 0)
(3 -1.401249545e-15 0)
(3 -1.187815791e-15 0)
(3 -1.306286012e-15 0)
(3 -1.863244126e-15 0)
(3 -2.425153811e-15 0)
(3 -2.880596577e-15 0)
(3 -2.980046939e-15 0)
(3 -4.060972892e-15 0)
(3 -4.595630126e-15 0)
(3 -5.493135816e-15 0)
(3 -6.034188719e-15 0)
(3 -6.60872862e-15 0)
(3 -6.304811431e-15 0)
(3 -6.068999529e-15 0)
(3 -5.95814037e-15 0)
(3 -5.351741413e-15 0)
(3 -4.999566335e-15 0)
(3 -4.646740913e-15 0)
(3 -4.401383862e-15 0)
(3 -4.226866129e-15 0)
(3 -3.472712587e-15 0)
(3 -3.208175471e-15 0)
(3 -3.317901182e-15 0)
(3 -3.415846649e-15 0)
(3 -3.340031049e-15 0)
(3 -3.85662304e-15 0)
(3 -4.772818394e-15 0)
(3 -4.81597857e-15 0)
(3 -4.590045801e-15 0)
(3 -4.375682984e-15 0)
(3 -4.90499102e-15 0)
(3 -3.087197586e-15 0)
(3 -1.420720373e-15 0)
(3 -1.186883376e-15 0)
(3 -1.355020591e-15 0)
(3 -1.864626567e-15 0)
(3 -2.770077341e-15 0)
(3 -3.326067109e-15 0)
(3 -3.197311149e-15 0)
(3 -2.431453053e-15 0)
(3 -1.80452677e-15 0)
(3 -2.16925596e-15 0)
(3 -2.244215517e-15 0)
(3 -2.056735482e-15 0)
(3 -2.231610945e-15 0)
(3 -1.361368306e-15 0)
(3 -5.634455166e-16 0)
(3 -1.144807691e-15 0)
(3 -2.003098597e-15 0)
(3 -2.57713494e-15 0)
(3 -1.671762995e-15 0)
(3 6.729360373e-16 0)
(3 1.03626724e-15 0)
(3 5.697569038e-16 0)
(3 -2.449757777e-16 0)
(3 -4.190033906e-16 0)
(3 -3.49903031e-16 0)
(3 -2.367935585e-17 0)
(3 6.271075531e-16 0)
(3 9.339426993e-16 0)
(3 5.261319204e-16 0)
(3 4.753511533e-17 0)
(3 -4.052558906e-16 0)
(3 -1.226200708e-15 0)
(3 -3.054688401e-15 0)
(3 -2.467684399e-15 0)
(3 -1.737296059e-15 0)
(3 -1.665443702e-15 0)
(3 -1.703218397e-15 0)
(3 -2.198133402e-15 0)
(3 -2.931117146e-15 0)
(3 -3.042694656e-15 0)
(3 -2.972170382e-15 0)
(3 -2.414659373e-15 0)
(3 -2.461464724e-15 0)
(3 -5.088678355e-15 0)
(3 -5.15372718e-15 0)
(3 -5.13144176e-15 0)
(3 -5.484068197e-15 0)
(3 -5.011204628e-15 0)
(3 -4.520754654e-15 0)
(3 -4.013690907e-15 0)
(3 -3.52896959e-15 0)
(3 -3.514435244e-15 0)
(3 -3.858227216e-15 0)
(3 -4.052586106e-15 0)
(3 -4.261163766e-15 0)
(3 -4.024498675e-15 0)
(3 -4.114900602e-15 0)
(3 -3.984742363e-15 0)
(3 -4.863062685e-15 0)
(3 -5.390123302e-15 0)
(3 -5.622490853e-15 0)
(3 -5.720762833e-15 0)
(3 -5.131539924e-15 0)
(3 -3.560932536e-15 0)
(3 -2.05615249e-15 0)
(3 -8.386868809e-16 0)
(3 -2.670554627e-16 0)
(3 -2.972225145e-16 0)
(3 -9.661026271e-17 0)
(3 -7.419772745e-16 0)
(3 -7.106597239e-16 0)
(3 -9.099791534e-16 0)
(3 -9.690921674e-16 0)
(3 -1.140894972e-15 0)
(3 -1.280325824e-15 0)
(3 -2.000066972e-15 0)
(3 -1.709464692e-15 0)
(3 -1.351377687e-15 0)
(3 -5.42445343e-16 0)
(3 1.225213676e-16 0)
(3 7.38087169e-16 0)
(3 1.08140194e-15 0)
(3 9.895706633e-16 0)
(3 1.336446078e-17 0)
(3 -1.705011981e-15 0)
(3 -1.129354678e-15 0)
(3 -2.894088128e-16 0)
(3 4.069318337e-16 0)
(3 6.920060449e-16 0)
(3 -2.608563267e-16 0)
(3 -3.569253309e-16 0)
(3 -4.458940409e-17 0)
(3 -6.996922531e-16 0)
(3 -1.984465656e-15 0)
(3 -1.314841772e-15 0)
(3 -3.154184186e-16 0)
(3 7.340773263e-16 0)
(3 1.097457731e-15 0)
(3 9.254714626e-16 0)
(3 -2.228816442e-15 0)
(3 -2.908682862e-15 0)
(3 -2.528048226e-15 0)
(3 -2.208719118e-15 0)
(3 -2.053982893e-15 0)
(3 -2.020569254e-15 0)
(3 -1.873325783e-15 0)
(3 -2.160920014e-15 0)
(3 -2.346311984e-15 0)
(3 -2.12709805e-15 0)
(3 -2.28680855e-15 0)
(3 -3.047137131e-15 0)
(3 -2.869063503e-15 0)
(3 -2.286499435e-15 0)
(3 -2.316076234e-15 0)
(3 -3.829910317e-15 0)
(3 -4.3531143e-15 0)
(3 -4.187201556e-15 0)
(3 -3.699487454e-15 0)
(3 -2.979518447e-15 0)
(3 -2.947930356e-15 0)
(3 -3.29702447e-15 0)
(3 -3.986635342e-15 0)
(3 -3.825135249e-15 0)
(3 -3.885071925e-15 0)
(3 -4.284752983e-15 0)
(3 -4.932772142e-15 0)
(3 -4.501306859e-15 0)
(3 -3.057196855e-15 0)
(3 -2.523406418e-15 0)
(3 -3.516177404e-15 0)
(3 -3.758871847e-15 0)
(3 -2.829648623e-15 0)
(3 -5.156713523e-16 0)
(3 1.276400501e-15 0)
(3 2.14925575e-15 0)
(3 2.367660483e-15 0)
(3 1.92358877e-15 0)
(3 1.268966772e-15 0)
(3 1.570909581e-15 0)
(3 1.24530588e-15 0)
(3 6.124452379e-16 0)
(3 -3.232915822e-16 0)
(3 -8.913691756e-16 0)
(3 -2.848107739e-16 0)
(3 6.776320847e-16 0)
(3 1.556827084e-15 0)
(3 2.21178753e-15 0)
(3 1.751022314e-15 0)
(3 1.578200379e-15 0)
(3 2.881645506e-15 0)
(3 1.961138856e-15 0)
(3 9.330939638e-16 0)
(3 3.798316349e-16 0)
(3 7.302068773e-16 0)
(3 1.122810054e-15 0)
(3 9.776761157e-16 0)
(3 9.140516424e-16 0)
(3 -6.168903788e-17 0)
(3 -9.289436125e-16 0)
(3 -1.117618475e-15 0)
(3 -1.991972191e-15 0)
(3 -1.23021068e-15 0)
(3 -1.251023803e-16 0)
(3 1.726962314e-16 0)
(3 -1.556576908e-17 0)
(3 -5.986725284e-16 0)
(3 -3.206164631e-15 0)
(3 -4.000153902e-15 0)
(3 -4.810663921e-15 0)
(3 -4.871219446e-15 0)
(3 -5.248745557e-15 0)
(3 -5.117503243e-15 0)
(3 -4.707069616e-15 0)
(3 -3.838813998e-15 0)
(3 -3.617506151e-15 0)
(3 -4.132630274e-15 0)
(3 -4.296657655e-15 0)
(3 -3.556491765e-15 0)
(3 -1.74135604e-15 0)
(3 -1.870230485e-15 0)
(3 -2.012236426e-15 0)
(3 -1.856014082e-15 0)
(3 -2.735946438e-15 0)
(3 -3.428846161e-15 0)
(3 -3.510955856e-15 0)
(3 -2.870341079e-15 0)
(3 -2.420355631e-15 0)
(3 -2.701226678e-15 0)
(3 -2.929052148e-15 0)
(3 -2.044472017e-15 0)
(3 -1.841870588e-15 0)
(3 -2.181447592e-15 0)
(3 -2.421868118e-15 0)
(3 -1.678601484e-15 0)
(3 -1.495356535e-15 0)
(3 -1.545147548e-15 0)
(3 -1.633930833e-15 0)
(3 -1.986007283e-15 0)
(3 -1.704785071e-15 0)
(3 -6.587692825e-16 0)
(3 3.777724501e-17 0)
(3 -6.031199918e-16 0)
(3 5.647749757e-16 0)
(3 2.309845257e-15 0)
(3 3.07969939e-15 0)
(3 3.201062981e-15 0)
(3 2.273651144e-15 0)
(3 8.314872891e-16 0)
(3 -9.207265881e-16 0)
(3 -1.362397737e-15 0)
(3 -7.275256954e-16 0)
(3 -3.307546225e-16 0)
(3 -3.617005404e-16 0)
(3 4.156129498e-16 0)
(3 -7.832153768e-16 0)
(3 -2.06468881e-15 0)
(3 -1.944889078e-15 0)
(3 4.872454494e-17 0)
(3 1.963996779e-15 0)
(3 2.431969088e-15 0)
(3 3.605580973e-15 0)
(3 3.563594055e-15 0)
(3 2.400131136e-15 0)
(3 2.131724754e-15 0)
(3 1.680217964e-15 0)
(3 7.345520588e-16 0)
(3 5.270430583e-16 0)
(3 6.992683583e-16 0)
(3 9.90318579e-16 0)
(3 1.28953635e-15 0)
(3 1.05876043e-15 0)
(3 -3.753909491e-16 0)
(3 -2.232615805e-15 0)
(3 -2.677704921e-15 0)
(3 -2.869100249e-15 0)
(3 -4.153331423e-15 0)
(3 -6.181336056e-15 0)
(3 -6.873434374e-15 0)
(3 -6.843613333e-15 0)
(3 -6.952911149e-15 0)
(3 -6.701232996e-15 0)
(3 -6.204717815e-15 0)
(3 -6.042141491e-15 0)
(3 -6.100427968e-15 0)
(3 -4.853644512e-15 0)
(3 -4.361727132e-15 0)
(3 -3.462328969e-15 0)
(3 -2.371764861e-15 0)
(3 -2.447621229e-15 0)
(3 -2.702255749e-15 0)
(3 -2.818280896e-15 0)
(3 -2.967757915e-15 0)
(3 -2.031872586e-15 0)
(3 -1.397600098e-15 0)
(3 -1.585635611e-15 0)
(3 -1.203748782e-15 0)
(3 -2.658457157e-16 0)
(3 1.273152775e-16 0)
(3 4.191428406e-16 0)
(3 3.356057927e-16 0)
(3 -1.247176079e-16 0)
(3 -2.702323351e-16 0)
(3 1.358261547e-16 0)
(3 1.056106322e-15 0)
(3 1.307730289e-15 0)
(3 8.281903226e-16 0)
(3 -1.456366331e-17 0)
(3 5.652308758e-16 0)
(3 1.967053092e-15 0)
(3 2.230345617e-15 0)
(3 2.469178018e-15 0)
(3 2.678335178e-15 0)
(3 1.779918175e-15 0)
(3 1.249879592e-15 0)
(3 4.352174959e-16 0)
(3 -3.291913861e-17 0)
(3 7.333007277e-17 0)
(3 -4.60866078e-16 0)
(3 -1.531642031e-15 0)
(3 -2.49534254e-15 0)
(3 -2.81620859e-15 0)
(3 -3.033733898e-15 0)
(3 -2.139911873e-15 0)
(3 -1.302350581e-15 0)
(3 -7.514286127e-16 0)
(3 -2.416933799e-16 0)
(3 -8.518878648e-17 0)
(3 -2.214513077e-16 0)
(3 -3.606674913e-16 0)
(3 6.039454173e-16 0)
(3 1.145371113e-15 0)
(3 1.06143634e-15 0)
(3 9.632871721e-16 0)
(3 3.519464452e-16 0)
(3 -4.74317863e-16 0)
(3 -1.20337169e-15 0)
(3 -2.017482091e-15 0)
(3 -2.539977162e-15 0)
(3 -1.91778424e-15 0)
(3 -1.322775505e-15 0)
(3 -2.908430901e-15 0)
(3 -3.594540079e-15 0)
(3 -4.313666823e-15 0)
(3 -5.524563686e-15 0)
(3 -5.360468844e-15 0)
(3 -6.383771325e-15 0)
(3 -6.720326845e-15 0)
(3 -7.103093763e-15 0)
(3 -6.62656408e-15 0)
(3 -4.92563742e-15 0)
(3 -3.816860772e-15 0)
(3 -4.433933838e-15 0)
(3 -5.506140177e-15 0)
(3 -5.026935232e-15 0)
(3 -3.584337698e-15 0)
(3 -2.658401893e-15 0)
(3 -1.668911008e-15 0)
(3 -1.562841003e-15 0)
(3 -2.768240595e-15 0)
(3 -2.783234451e-15 0)
(3 -1.103745689e-15 0)
(3 -4.772576004e-16 0)
(3 -9.071249466e-16 0)
(3 -1.118249397e-15 0)
(3 -7.811833459e-16 0)
(3 -1.204026574e-16 0)
(3 1.575781117e-16 0)
(3 8.136676416e-16 0)
(3 1.650059982e-15 0)
(3 2.072145066e-15 0)
(3 2.265383852e-15 0)
(3 2.816110811e-15 0)
(3 2.536116032e-15 0)
(3 2.072453335e-15 0)
(3 2.373453021e-15 0)
(3 3.995573935e-15 0)
(3 4.45728044e-15 0)
(3 3.58493972e-15 0)
(3 2.760586488e-15 0)
(3 1.896137939e-15 0)
(3 1.325816379e-15 0)
(3 7.441158355e-16 0)
(3 1.27431651e-15 0)
(3 1.062592076e-15 0)
(3 -4.812353473e-16 0)
(3 -3.02164598e-15 0)
(3 -4.230704739e-15 0)
(3 -3.645421057e-15 0)
(3 -2.902985601e-15 0)
(3 -8.267802716e-16 0)
(3 -1.616535359e-16 0)
(3 -1.851865068e-16 0)
(3 -4.605574475e-16 0)
(3 -7.795964915e-16 0)
(3 -1.476856521e-15 0)
(3 -1.858976929e-15 0)
(3 -1.460276223e-15 0)
(3 -1.599660675e-15 0)
(3 -3.786595111e-16 0)
(3 -9.76538381e-17 0)
(3 -3.739342243e-16 0)
(3 -7.653942485e-16 0)
(3 -2.297116357e-15 0)
(3 -3.770497074e-15 0)
(3 -4.748959173e-15 0)
(3 -3.964871103e-15 0)
(3 -1.279398083e-15 0)
(3 -5.316552308e-15 0)
(3 -5.736758289e-15 0)
(3 -5.235462745e-15 0)
(3 -4.594976066e-15 0)
(3 -4.462453632e-15 0)
(3 -4.423715435e-15 0)
(3 -4.585429688e-15 0)
(3 -4.685549033e-15 0)
(3 -4.64694949e-15 0)
(3 -4.3308352e-15 0)
(3 -3.815665772e-15 0)
(3 -3.92761613e-15 0)
(3 -4.327502638e-15 0)
(3 -4.194055367e-15 0)
(3 -3.621608962e-15 0)
(3 -2.826501888e-15 0)
(3 -3.392764754e-16 0)
(3 1.158849898e-15 0)
(3 1.246970428e-15 0)
(3 2.261162333e-16 0)
(3 7.906003963e-16 0)
(3 1.518784221e-15 0)
(3 1.976717221e-15 0)
(3 1.772689004e-15 0)
(3 1.502543192e-15 0)
(3 1.786534748e-15 0)
(3 2.078502192e-15 0)
(3 2.48748143e-15 0)
(3 3.15311765e-15 0)
(3 2.948819307e-15 0)
(3 2.227568822e-15 0)
(3 1.769010933e-15 0)
(3 1.86992643e-15 0)
(3 2.093954578e-15 0)
(3 1.881559556e-15 0)
(3 1.721358323e-15 0)
(3 1.545383279e-15 0)
(3 1.315842831e-15 0)
(3 1.879675379e-15 0)
(3 2.463656121e-15 0)
(3 3.378097743e-15 0)
(3 3.894661541e-15 0)
(3 3.599829735e-15 0)
(3 2.406196745e-15 0)
(3 1.503974306e-15 0)
(3 1.423403167e-16 0)
(3 -3.489514376e-16 0)
(3 -1.361469488e-15 0)
(3 -2.331366521e-15 0)
(3 -2.433720071e-15 0)
(3 -1.975937678e-15 0)
(3 -1.093155905e-15 0)
(3 -6.842815217e-16 0)
(3 -7.607829033e-16 0)
(3 -1.736613883e-15 0)
(3 -3.519277852e-15 0)
(3 -4.600861887e-15 0)
(3 -3.386789166e-15 0)
(3 -1.956161588e-15 0)
(3 -3.651451176e-16 0)
(3 -4.285755423e-16 0)
(3 -6.76241986e-16 0)
(3 -1.944727846e-15 0)
(3 -3.764598931e-15 0)
(3 -3.658081224e-15 0)
(3 -3.008394466e-15 0)
(3 -1.450836661e-15 0)
(3 -4.197858362e-15 0)
(3 -2.845406461e-15 0)
(3 -3.333011197e-15 0)
(3 -3.468977735e-15 0)
(3 -3.346132926e-15 0)
(3 -2.744532851e-15 0)
(3 -2.867220239e-15 0)
(3 -2.568670255e-15 0)
(3 -2.86720128e-15 0)
(3 -2.643447391e-15 0)
(3 -2.162336241e-15 0)
(3 -2.095599366e-15 0)
(3 -2.100373371e-15 0)
(3 -2.092938385e-15 0)
(3 -1.929482566e-15 0)
(3 -1.132828368e-15 0)
(3 4.752495703e-16 0)
(3 3.015935427e-15 0)
(3 4.634047906e-15 0)
(3 4.73498837e-15 0)
(3 3.89689332e-15 0)
(3 4.18014129e-15 0)
(3 4.772783764e-15 0)
(3 4.871623469e-15 0)
(3 5.050368953e-15 0)
(3 5.582860097e-15 0)
(3 5.577966624e-15 0)
(3 3.920801759e-15 0)
(3 3.171747478e-15 0)
(3 2.846938319e-15 0)
(3 2.692515588e-15 0)
(3 1.935414563e-15 0)
(3 1.681613889e-15 0)
(3 6.405713704e-16 0)
(3 6.878192871e-16 0)
(3 5.340869898e-17 0)
(3 -2.298748044e-16 0)
(3 1.975173309e-16 0)
(3 5.030450062e-16 0)
(3 1.272685429e-15 0)
(3 1.773158646e-15 0)
(3 1.925892839e-15 0)
(3 1.803144445e-15 0)
(3 1.622965092e-15 0)
(3 1.535053867e-15 0)
(3 1.543371175e-15 0)
(3 1.606126873e-15 0)
(3 1.007632763e-15 0)
(3 -1.641570346e-15 0)
(3 -1.650611949e-15 0)
(3 -7.408869902e-16 0)
(3 -6.547364318e-17 0)
(3 4.598053413e-16 0)
(3 -7.140363005e-16 0)
(3 -1.671226136e-15 0)
(3 -2.816406774e-15 0)
(3 -3.513945842e-15 0)
(3 -4.418558819e-15 0)
(3 -4.591718942e-15 0)
(3 -4.423093275e-15 0)
(3 -4.244330565e-15 0)
(3 -4.002420434e-15 0)
(3 -4.134596621e-15 0)
(3 -3.440300384e-15 0)
(3 -2.796347882e-15 0)
(3 -2.429629856e-15 0)
(3 -1.790375225e-15 0)
(3 -2.462307293e-15 0)
(3 -2.27656573e-15 0)
(3 -1.423742643e-15 0)
(3 -1.465902511e-15 0)
(3 -1.635442408e-15 0)
(3 -1.836183844e-15 0)
(3 -1.586889313e-15 0)
(3 -1.387131346e-15 0)
(3 -8.452656881e-16 0)
(3 -1.755309915e-16 0)
(3 2.834219321e-17 0)
(3 3.277206032e-16 0)
(3 7.5239032e-16 0)
(3 8.779180991e-16 0)
(3 1.545937533e-15 0)
(3 1.607560698e-15 0)
(3 1.478140565e-15 0)
(3 1.839316843e-15 0)
(3 3.111050716e-15 0)
(3 3.733803094e-15 0)
(3 3.70704514e-15 0)
(3 3.665627356e-15 0)
(3 4.211607865e-15 0)
(3 4.626738222e-15 0)
(3 4.205327451e-15 0)
(3 4.241880191e-15 0)
(3 4.714833008e-15 0)
(3 4.713715259e-15 0)
(3 3.769602507e-15 0)
(3 3.237408606e-15 0)
(3 2.847832484e-15 0)
(3 3.07546162e-15 0)
(3 2.48921101e-15 0)
(3 9.25318777e-16 0)
(3 2.247379256e-16 0)
(3 1.834521978e-16 0)
(3 6.265164351e-17 0)
(3 5.105499243e-16 0)
(3 1.074238155e-15 0)
(3 1.644737e-15 0)
(3 1.672708897e-15 0)
(3 1.611085947e-15 0)
(3 1.418297161e-15 0)
(3 1.350542023e-15 0)
(3 1.454263978e-15 0)
(3 1.814483234e-15 0)
(3 2.673075378e-15 0)
(3 1.405808021e-15 0)
(3 7.456407701e-16 0)
(3 -1.200394908e-16 0)
(3 -7.906592948e-16 0)
(3 -7.276660528e-16 0)
(3 1.595157314e-16 0)
(3 6.864354672e-16 0)
(3 1.107588482e-15 0)
(3 3.303001608e-16 0)
(3 -1.663197311e-15 0)
(3 -3.985546436e-15 0)
(3 -6.319418799e-15 0)
(3 -7.720195421e-15 0)
(3 -7.715549379e-15 0)
(3 -5.278418225e-15 0)
(3 -4.896337414e-15 0)
(3 -4.746203736e-15 0)
(3 -4.747076707e-15 0)
(3 -4.790930478e-15 0)
(3 -5.275251281e-15 0)
(3 -1.580943316e-15 0)
(3 -1.099328617e-15 0)
(3 -3.275403439e-17 0)
(3 1.595680792e-15 0)
(3 1.927781028e-15 0)
(3 1.172897899e-15 0)
(3 8.944077296e-17 0)
(3 -4.251755632e-16 0)
(3 -6.104643508e-16 0)
(3 -4.995575665e-16 0)
(3 -7.21209935e-17 0)
(3 1.595806366e-15 0)
(3 3.299053758e-15 0)
(3 3.37165858e-15 0)
(3 3.276240928e-15 0)
(3 3.716993434e-15 0)
(3 3.322218913e-15 0)
(3 2.552769478e-15 0)
(3 3.372868504e-15 0)
(3 4.66083562e-15 0)
(3 5.491581174e-15 0)
(3 5.604313229e-15 0)
(3 5.19760874e-15 0)
(3 5.0891752e-15 0)
(3 4.934133658e-15 0)
(3 4.692486249e-15 0)
(3 5.132061154e-15 0)
(3 6.2881326e-15 0)
(3 5.629222354e-15 0)
(3 3.9877794e-15 0)
(3 3.736742245e-15 0)
(3 4.117764317e-15 0)
(3 3.928501395e-15 0)
(3 3.038825876e-15 0)
(3 1.547880257e-15 0)
(3 1.280052548e-15 0)
(3 1.432089436e-15 0)
(3 2.297133516e-15 0)
(3 3.17149087e-15 0)
(3 3.015480363e-15 0)
(3 2.1040277e-15 0)
(3 1.018761188e-15 0)
(3 1.289661336e-15 0)
(3 1.840373709e-15 0)
(3 1.576619292e-15 0)
(3 1.891106767e-15 0)
(3 2.21467357e-15 0)
(3 2.112097013e-15 0)
(3 1.470268273e-15 0)
(3 5.15219372e-16 0)
(3 3.861871422e-16 0)
(3 5.124813965e-16 0)
(3 6.437910179e-16 0)
(3 -6.517035658e-16 0)
(3 -4.008217218e-16 0)
(3 1.120357872e-17 0)
(3 -8.240599648e-16 0)
(3 -1.82751464e-15 0)
(3 -4.176616499e-15 0)
(3 -5.206918427e-15 0)
(3 -4.968061305e-15 0)
(3 -4.158767864e-15 0)
(3 -3.038510548e-15 0)
(3 -3.198152114e-15 0)
(3 -3.335682151e-15 0)
(3 -3.621949661e-15 0)
(3 -4.598988425e-15 0)
(3 -2.715058238e-17 0)
(3 8.126118811e-16 0)
(3 1.781867408e-15 0)
(3 1.857342694e-15 0)
(3 1.406108511e-15 0)
(3 1.469651078e-15 0)
(3 1.355166371e-15 0)
(3 7.478759696e-16 0)
(3 -1.015131508e-16 0)
(3 1.7200898e-16 0)
(3 9.22012685e-16 0)
(3 2.400689361e-15 0)
(3 3.769367039e-15 0)
(3 4.012458359e-15 0)
(3 3.422189666e-15 0)
(3 2.951982778e-15 0)
(3 4.266271031e-15 0)
(3 4.890171865e-15 0)
(3 5.849560753e-15 0)
(3 6.413148135e-15 0)
(3 5.945679898e-15 0)
(3 5.549628601e-15 0)
(3 4.642524068e-15 0)
(3 4.482765061e-15 0)
(3 5.432398491e-15 0)
(3 5.622507698e-15 0)
(3 5.865013543e-15 0)
(3 5.954163511e-15 0)
(3 5.605142987e-15 0)
(3 4.396384081e-15 0)
(3 3.127572808e-15 0)
(3 3.364422393e-15 0)
(3 3.634954657e-15 0)
(3 3.90708957e-15 0)
(3 2.898577608e-15 0)
(3 2.519294757e-15 0)
(3 3.163745024e-15 0)
(3 2.638037296e-15 0)
(3 2.366698583e-15 0)
(3 1.662503135e-15 0)
(3 7.119532933e-16 0)
(3 5.775963452e-16 0)
(3 9.841619107e-16 0)
(3 1.799460676e-15 0)
(3 3.293764496e-15 0)
)
;

boundaryField
{
    inlet
    {
        type            fixedValue;
        value           nonuniform 0();
    }
    outlet
    {
        type            inletOutlet;
        inletValue      nonuniform 0();
        value           nonuniform 0();
    }
    bottom
    {
        type            slip;
    }
    top
    {
        type            slip;
    }
    obstacle
    {
        type            slip;
    }
    defaultFaces
    {
        type            empty;
    }
    procBoundary20to13
    {
        type            processor;
        value           nonuniform List<vector> 4((2.386661742 -0.8340356467 0) (2.382655227 -0.8273584479 0) (2.373085892 -0.8275956011 0) (2.365969258 -0.8312011951 0));
    }
    procBoundary20to14
    {
        type            processor;
        value           nonuniform List<vector> 
19
(
(2.381440226 -0.833617778 0)
(2.379210303 -0.8320877167 0)
(2.381423121 -0.837300746 0)
(2.381423121 -0.837300746 0)
(2.378161124 -0.8350791892 0)
(2.376091186 -0.8333819445 0)
(2.374943078 -0.8340086046 0)
(2.371617542 -0.8389347901 0)
(2.371617542 -0.8389347901 0)
(2.371112095 -0.8378446961 0)
(2.371272432 -0.8369380136 0)
(2.371763154 -0.8363994779 0)
(2.367679577 -0.8343801226 0)
(2.367679577 -0.8343801226 0)
(2.366671577 -0.8344076061 0)
(2.36562097 -0.8343106122 0)
(2.365453705 -0.834608585 0)
(2.36557021 -0.8349950864 0)
(2.365140695 -0.8344678489 0)
)
;
    }
    procBoundary20to19
    {
        type            processor;
        value           nonuniform List<vector> 
33
(
(3 6.549531119e-17 0)
(3 1.529812051e-15 0)
(3 -7.128594037e-17 0)
(3 -1.72701373e-15 0)
(3 1.218917138e-15 0)
(3 4.29029431e-17 0)
(3 -5.095930592e-15 0)
(3 -6.500118115e-15 0)
(3 -5.037152669e-15 0)
(3 -2.891076143e-15 0)
(3 -2.594196177e-15 0)
(3 1.533896277e-16 0)
(3 1.50008748e-15 0)
(3 4.167721447e-15 0)
(3 3.910430878e-15 0)
(3 3.137793649e-15 0)
(3 8.922374507e-16 0)
(3 4.980933407e-16 0)
(3 1.748012895e-15 0)
(3 -1.701726001e-15 0)
(3 -4.613028892e-15 0)
(3 -9.757946522e-16 0)
(3 1.057580666e-16 0)
(3 -2.172983066e-15 0)
(3 -2.700491435e-15 0)
(3 -4.020085273e-15 0)
(3 -2.748373921e-15 0)
(3 -2.801742451e-15 0)
(3 -4.677080571e-15 0)
(3 -3.173123397e-15 0)
(3 -3.730395657e-15 0)
(3 -2.532474849e-15 0)
(3 -8.947320772e-16 0)
)
;
    }
    procBoundary20to26
    {
        type            processor;
        value           nonuniform List<vector> 
68
(
(3 4.236067511e-15 0)
(3 3.811540307e-15 0)
(3 4.699295567e-15 0)
(3 3.7983528e-15 0)
(3 2.606308121e-15 0)
(3 1.277544688e-15 0)
(3 1.150898045e-15 0)
(3 8.970585922e-16 0)
(3 -1.305936222e-15 0)
(3 -2.541327257e-15 0)
(3 -1.74409286e-15 0)
(3 -1.513984836e-15 0)
(3 -1.135070665e-15 0)
(3 -1.182022162e-15 0)
(3 -1.796572337e-15 0)
(3 -2.575974295e-15 0)
(3 -3.063273237e-15 0)
(3 -3.899673672e-15 0)
(3 -2.661436515e-15 0)
(3 -2.491210142e-15 0)
(3 -2.62695107e-15 0)
(3 -2.678758586e-15 0)
(3 2.359879036e-15 0)
(3 2.717146856e-15 0)
(3 9.595246199e-16 0)
(3 -2.102078338e-16 0)
(3 -2.028651194e-16 0)
(3 6.79977337e-16 0)
(3 1.434537828e-15 0)
(3 1.94468e-15 0)
(3 1.816462602e-15 0)
(3 1.439521358e-15 0)
(3 1.847057449e-15 0)
(3 2.110816637e-15 0)
(3 2.582142e-15 0)
(3 2.69115773e-15 0)
(3 3.123813971e-15 0)
(3 3.773265345e-15 0)
(3 4.687292497e-15 0)
(3 6.946897973e-15 0)
(3 8.583522025e-15 0)
(3 8.545499021e-15 0)
(3 7.928581909e-15 0)
(3 6.86954928e-15 0)
(3 6.209646663e-15 0)
(3 6.146142538e-15 0)
(3 5.729905773e-15 0)
(3 5.647076927e-15 0)
(3 5.099281632e-15 0)
(3 4.07711011e-15 0)
(3 4.20712764e-15 0)
(3 3.714781233e-15 0)
(3 3.315710729e-15 0)
(3 2.304394281e-15 0)
(3 2.304143051e-15 0)
(3 2.530864373e-15 0)
(3 2.803627231e-15 0)
(3 3.09182058e-15 0)
(3 3.372064375e-15 0)
(3 2.675658913e-15 0)
(3 1.972095584e-15 0)
(3 1.172389116e-15 0)
(3 1.696555405e-15 0)
(3 2.410635239e-15 0)
(3 2.459568131e-15 0)
(3 2.261556382e-15 0)
(3 4.236067511e-15 0)
(3 2.940761048e-15 0)
)
;
    }
    procBoundary20to27
    {
        type            processor;
        value           nonuniform List<vector> 
32
(
(3.038114787 -0.1345449732 0)
(3.002703183 -0.006263985346 0)
(3.000091294 -0.0002034571227 0)
(3.000000866 -1.865102345e-06 0)
(3.000000004 -9.892291419e-09 0)
(3 -1.988281193e-11 0)
(3 -1.873263933e-14 0)
(3 4.484366088e-15 0)
(3 5.598337581e-15 0)
(3 2.252547756e-15 0)
(3 -1.570984592e-15 0)
(3 -3.173546327e-15 0)
(3 -2.578599031e-15 0)
(3 -5.215326534e-16 0)
(3 -8.554802931e-16 0)
(3 -1.344060105e-15 0)
(3 -1.271655762e-15 0)
(3 -1.124292285e-15 0)
(3 -9.274133238e-16 0)
(3 -7.726811494e-16 0)
(3 -7.070211438e-16 0)
(3 -3.928201369e-15 0)
(3 -4.011587617e-15 0)
(3 -2.795651177e-15 0)
(3 -1.997453181e-15 0)
(3 -6.021173098e-16 0)
(3 -2.156273228e-15 0)
(3 -6.259926723e-16 0)
(3 -8.881245309e-16 0)
(3 -3.143252404e-15 0)
(3 -2.987944506e-15 0)
(3 -2.914840522e-15 0)
)
;
    }
}


// ************************************************************************* //
