/*--------------------------------*- C++ -*----------------------------------*\
  =========                 |
  \\      /  F ield         | OpenFOAM: The Open Source CFD Toolbox
   \\    /   O peration     | Website:  https://openfoam.org
    \\  /    A nd           | Version:  7
     \\/     M anipulation  |
\*---------------------------------------------------------------------------*/
FoamFile
{
    version     2.0;
    format      ascii;
    class       volVectorField;
    location    "0.8";
    object      U;
}
// * * * * * * * * * * * * * * * * * * * * * * * * * * * * * * * * * * * * * //

dimensions      [0 1 -1 0 0 0 0];

internalField   nonuniform List<vector> 
2222
(
(3 6.745922387e-16 0)
(3 5.657080596e-16 0)
(3 5.283593246e-16 0)
(3 -1.073499148e-15 0)
(3 -3.563597695e-15 0)
(3 -2.46122037e-15 0)
(3 -1.597666757e-15 0)
(3 -1.547151787e-15 0)
(3 -1.869109328e-15 0)
(3 -1.858322353e-15 0)
(3 -2.42893878e-15 0)
(3 -1.515890575e-15 0)
(3 -5.234109501e-16 0)
(3 2.164692353e-16 0)
(3 8.846201122e-16 0)
(3 1.617645728e-15 0)
(3 2.81449541e-15 0)
(3 4.865177023e-15 0)
(3 4.547713522e-15 0)
(3 4.159778772e-15 0)
(3 4.525524666e-15 0)
(3 2.103473964e-15 0)
(3 -1.753825913e-15 0)
(3 -3.699189265e-15 0)
(3 -4.030253982e-15 0)
(3 -1.82421754e-15 0)
(3 3.665939515e-15 0)
(3 6.340709651e-15 0)
(3 5.424192657e-15 0)
(3 5.652875238e-15 0)
(3 5.235885653e-15 0)
(3 5.015599984e-15 0)
(3 3.025110468e-15 0)
(3 2.297264209e-15 0)
(3 -9.698578319e-17 0)
(3 -1.312380632e-15 0)
(3 -1.494980099e-15 0)
(3 -1.97123913e-15 0)
(3 -3.954595151e-15 0)
(3 -3.074590777e-15 0)
(3 -2.253432449e-15 0)
(3 -1.388771956e-15 0)
(3 -1.197909898e-15 0)
(3 -9.216784392e-16 0)
(3 -9.51825009e-16 0)
(3 -2.302462051e-16 0)
(3 1.885440345e-16 0)
(3 1.661500608e-16 0)
(3 1.791679288e-16 0)
(3 -1.088238953e-15 0)
(3 -1.64922148e-15 0)
(3 -8.615408563e-16 0)
(3 -1.278227413e-15 0)
(3 -2.645544523e-15 0)
(3 -3.073233037e-15 0)
(3 -3.950128644e-15 0)
(3 -2.48717595e-15 0)
(3 -1.378789873e-15 0)
(3 -3.713583946e-16 0)
(3 3.141491555e-16 0)
(3 3.814177666e-18 0)
(3 -9.476862187e-16 0)
(3 -7.85178616e-16 0)
(3 -5.054766123e-16 0)
(3 -1.131737388e-15 0)
(3 -1.584388273e-15 0)
(3 -1.083134687e-15 0)
(3 2.950816918e-16 0)
(3 -5.68191143e-16 0)
(3 -1.552425207e-15 0)
(3 -2.197341903e-15 0)
(3 -2.586606929e-15 0)
(3 -7.693531907e-16 0)
(3 -6.753659408e-16 0)
(3 -1.792827457e-15 0)
(3 -2.395009386e-15 0)
(3 -3.546980807e-15 0)
(3 -3.856570907e-15 0)
(3 -4.02511724e-15 0)
(3 -3.964496827e-15 0)
(3 -7.805639879e-16 0)
(3 -7.52607745e-16 0)
(3 2.537931373e-16 0)
(3 1.445087247e-15 0)
(3 1.201280109e-15 0)
(3 1.380994249e-15 0)
(3 1.535624349e-15 0)
(3 1.471888104e-15 0)
(3 -2.767980237e-15 0)
(3 -3.023131346e-15 0)
(3 -4.061039641e-15 0)
(3 -2.747138501e-15 0)
(3 -2.304891758e-15 0)
(3 -4.729010868e-16 0)
(3 3.296255431e-15 0)
(3 5.36237688e-15 0)
(3 5.721018885e-15 0)
(3 4.357253273e-15 0)
(3 4.927326712e-15 0)
(3 2.811285471e-15 0)
(3 1.504728961e-15 0)
(3 -1.08372982e-16 0)
(3 -1.11376437e-15 0)
(3 -9.197645783e-16 0)
(3 -1.436978088e-15 0)
(3 -1.801788233e-15 0)
(3 -3.181408052e-15 0)
(3 -1.591334895e-15 0)
(3 9.629271932e-16 0)
(3 1.31107652e-15 0)
(3 -2.838530322e-16 0)
(3 -1.660874141e-15 0)
(3 -2.562057684e-15 0)
(3 -2.239889472e-15 0)
(3 -2.467121743e-15 0)
(3 -2.859299382e-15 0)
(3 -2.871061785e-15 0)
(3 -1.974394861e-15 0)
(3 -2.119189454e-15 0)
(3 -2.899094933e-15 0)
(3 -3.100592653e-15 0)
(3 -3.083136811e-15 0)
(3 -3.048431693e-15 0)
(3 -1.99590802e-15 0)
(3 -2.141959323e-16 0)
(3 2.334545579e-16 0)
(3 -5.034873281e-16 0)
(3 -1.406722856e-15 0)
(3 -1.492293006e-15 0)
(3 -8.774404673e-16 0)
(3 -1.532576344e-15 0)
(3 -4.842474235e-16 0)
(3 -3.788499658e-17 0)
(3 8.320160759e-16 0)
(3 1.064885586e-15 0)
(3 8.068493175e-16 0)
(3 -2.785464657e-15 0)
(3 -2.488323776e-15 0)
(3 -2.743984053e-15 0)
(3 -3.014515898e-15 0)
(3 -3.161367696e-15 0)
(3 -3.075085732e-15 0)
(3 -3.326001496e-15 0)
(3 -4.471594142e-15 0)
(3 -3.596638446e-15 0)
(3 -2.860755825e-15 0)
(3 -2.354515075e-15 0)
(3 -6.033436912e-17 0)
(3 7.319054635e-16 0)
(3 1.319776758e-15 0)
(3 7.915179109e-16 0)
(3 5.697382961e-17 0)
(3 1.192803749e-16 0)
(3 4.886600391e-16 0)
(3 -1.008774489e-15 0)
(3 -2.259575074e-15 0)
(3 -1.439395699e-15 0)
(3 -1.39533109e-15 0)
(3 4.529874605e-16 0)
(3 7.881984509e-17 0)
(3 1.015004723e-15 0)
(3 2.198298582e-15 0)
(3 4.477025692e-15 0)
(3 4.11144027e-15 0)
(3 5.776273746e-16 0)
(3 3.909985642e-16 0)
(3 -5.735203683e-16 0)
(3 -3.828581498e-16 0)
(3 4.368801847e-16 0)
(3 -1.047714834e-16 0)
(3 2.738236339e-16 0)
(3 8.227800077e-17 0)
(3 8.426706965e-17 0)
(3 -1.466646354e-15 0)
(3 -2.025445644e-15 0)
(3 -1.764719028e-15 0)
(3 -1.316731323e-15 0)
(3 -1.66475726e-15 0)
(3 -1.424284208e-15 0)
(3 -6.812438698e-16 0)
(3 6.026597683e-16 0)
(3 3.125967846e-16 0)
(3 -6.715446508e-16 0)
(3 -6.391314112e-16 0)
(3 2.103343805e-16 0)
(3 -4.550111399e-16 0)
(3 4.828112841e-16 0)
(3 3.77680171e-16 0)
(3 -1.548229157e-15 0)
(3 5.358221821e-16 0)
(3 1.548694413e-16 0)
(3 1.491199885e-17 0)
(3 -2.921679208e-16 0)
(3 -3.670749746e-16 0)
(3 -6.073900542e-16 0)
(3 -3.937242203e-16 0)
(3 -3.839634407e-16 0)
(3 -1.530979148e-15 0)
(3 -7.783181421e-16 0)
(3 7.110455186e-16 0)
(3 5.994013569e-16 0)
(3 9.126633047e-16 0)
(3 1.768205669e-15 0)
(3 8.563736133e-16 0)
(3 -1.962243293e-15 0)
(3 -4.66268659e-15 0)
(3 -4.589992439e-15 0)
(3 -3.936569068e-15 0)
(3 -3.047719196e-15 0)
(3 -1.672294241e-15 0)
(3 -1.715824136e-15 0)
(3 -2.469353973e-15 0)
(3 -1.956929633e-15 0)
(3 -1.357270924e-15 0)
(3 -8.251565625e-16 0)
(3 5.153179502e-16 0)
(3 1.735764086e-15 0)
(3 1.3520988e-15 0)
(3 1.615192693e-15 0)
(3 7.393814816e-16 0)
(3 -9.118824794e-16 0)
(3 -1.667654901e-15 0)
(3 -1.096421218e-15 0)
(3 -1.45092217e-17 0)
(3 3.171615438e-15 0)
(3 2.479627897e-15 0)
(3 2.731182888e-15 0)
(3 3.202303865e-15 0)
(3 3.421202931e-15 0)
(3 2.658022278e-15 0)
(3 3.50676316e-15 0)
(3 7.840670651e-16 0)
(3 -3.4440784e-15 0)
(3 -4.17969517e-15 0)
(3 -1.529294906e-15 0)
(3 1.289437358e-16 0)
(3 -1.873182668e-16 0)
(3 -5.898182858e-16 0)
(3 -1.618402571e-15 0)
(3 -3.063397816e-15 0)
(3 -2.898933262e-15 0)
(3 -3.836952431e-15 0)
(3 -3.062809703e-15 0)
(3 -3.048082198e-15 0)
(3 -2.101048746e-15 0)
(3 -1.653711429e-16 0)
(3 -1.917289423e-16 0)
(3 -3.353902488e-16 0)
(3 -8.29431046e-16 0)
(3 -1.426856772e-15 0)
(3 3.530450087e-16 0)
(3 1.070126202e-15 0)
(3 1.392534675e-15 0)
(3 1.474816487e-15 0)
(3 1.238753902e-15 0)
(3 2.369370873e-15 0)
(3 2.046544129e-15 0)
(3 6.999184428e-16 0)
(3 -2.757165443e-15 0)
(3 -1.857390316e-15 0)
(3 -6.111109129e-16 0)
(3 -3.369649743e-16 0)
(3 4.751082604e-16 0)
(3 -3.746079329e-17 0)
(3 -2.676482603e-16 0)
(3 -2.284368418e-15 0)
(3 -1.240503511e-15 0)
(3 8.312378224e-17 0)
(3 1.267814476e-16 0)
(3 1.443174075e-15 0)
(3 -4.645297143e-16 0)
(3 -2.974782682e-15 0)
(3 -2.405533515e-15 0)
(3 -2.903710378e-15 0)
(3 -2.104936701e-15 0)
(3 -2.12457762e-15 0)
(3 -2.222790065e-15 0)
(3 -4.09006818e-16 0)
(3 -9.134567291e-16 0)
(3 7.902139284e-16 0)
(3 1.312662384e-15 0)
(3 1.218054294e-15 0)
(3 2.050482215e-15 0)
(3 2.629712721e-15 0)
(3 3.285466943e-15 0)
(3 3.746212001e-15 0)
(3 2.861208525e-15 0)
(3 7.232899447e-17 0)
(3 -1.816840085e-15 0)
(3 -7.241006593e-16 0)
(3 5.63369277e-16 0)
(3 2.856954767e-15 0)
(3 3.426546632e-15 0)
(3 4.587783887e-15 0)
(3 5.38614124e-15 0)
(3 4.532333343e-15 0)
(3 1.90305984e-15 0)
(3 1.168158365e-15 0)
(3 -6.30197732e-16 0)
(3 -4.193864753e-15 0)
(3 -4.106751929e-15 0)
(3 -1.671300267e-15 0)
(3 -2.628709068e-16 0)
(3 -4.644324104e-16 0)
(3 -1.730097021e-15 0)
(3 -2.374858218e-15 0)
(3 -2.656046404e-15 0)
(3 -2.088279051e-15 0)
(3 -2.669213582e-15 0)
(3 -1.906098115e-15 0)
(3 -1.497802328e-15 0)
(3 -8.422917736e-16 0)
(3 1.31912696e-15 0)
(3 3.93584987e-16 0)
(3 -1.861543938e-15 0)
(3 -4.524304524e-15 0)
(3 -4.414361523e-15 0)
(3 -1.154219578e-15 0)
(3 -3.470558852e-16 0)
(3 5.929597526e-16 0)
(3 2.236225204e-15 0)
(3 2.436568736e-15 0)
(3 2.442746445e-15 0)
(3 1.924961945e-15 0)
(3 1.401715123e-15 0)
(3 8.618969711e-16 0)
(3 1.595192312e-16 0)
(3 1.308602481e-16 0)
(3 -2.901277893e-16 0)
(3 -1.875143847e-15 0)
(3 -3.353817718e-15 0)
(3 -2.686983216e-15 0)
(3 -3.258750692e-15 0)
(3 -2.033209215e-15 0)
(3 -4.263355106e-16 0)
(3 -1.740834617e-16 0)
(3 -1.207781013e-15 0)
(3 -2.865072988e-15 0)
(3 -1.988532011e-15 0)
(3 -8.39497128e-16 0)
(3 -1.677009056e-15 0)
(3 -2.499046071e-15 0)
(3 -1.480766965e-15 0)
(3 -3.196333534e-15 0)
(3 -1.027634412e-15 0)
(3 4.335233788e-15 0)
(3 4.85714943e-15 0)
(3 4.593992702e-15 0)
(3 5.155598428e-15 0)
(3 5.062346141e-15 0)
(3 3.879629241e-15 0)
(3 2.477164818e-15 0)
(3 2.711413934e-15 0)
(3 2.968776986e-15 0)
(3 8.551974173e-16 0)
(3 -3.715139074e-16 0)
(3 -7.351268174e-16 0)
(3 2.411521351e-16 0)
(3 1.883416426e-15 0)
(3 3.464831334e-15 0)
(3 3.668558939e-15 0)
(3 3.510715321e-15 0)
(3 2.555861989e-15 0)
(3 1.121564769e-15 0)
(3 -1.8311012e-15 0)
(3 -1.192291213e-15 0)
(3 5.516630711e-16 0)
(3 1.956205009e-15 0)
(3 1.39019798e-15 0)
(3 7.695196925e-17 0)
(3 5.649808289e-16 0)
(3 -7.556889504e-16 0)
(3 -4.065958076e-16 0)
(3 1.926844857e-17 0)
(3 7.525793673e-16 0)
(3 2.232892343e-16 0)
(3 -1.120310852e-15 0)
(3 -7.069481302e-17 0)
(3 -1.885249354e-17 0)
(3 -1.206865189e-15 0)
(3 -7.308457661e-16 0)
(3 -1.865223209e-15 0)
(3 -1.568274689e-15 0)
(3 -1.196798331e-15 0)
(3 -1.42166512e-15 0)
(3 7.943568212e-16 0)
(3 7.337207521e-16 0)
(3 2.364877104e-15 0)
(3 3.050988423e-15 0)
(3 1.792255272e-15 0)
(3 7.468906056e-16 0)
(3 1.735449465e-15 0)
(3 1.654433519e-15 0)
(3 1.54232088e-16 0)
(3 -2.961060619e-17 0)
(3 -1.561837994e-15 0)
(3 -3.190951702e-15 0)
(3 -4.076087792e-15 0)
(3 -5.001423666e-15 0)
(3 -3.636194514e-15 0)
(3 -3.082835396e-15 0)
(3 -4.626111014e-15 0)
(3 -4.104987027e-15 0)
(3 -3.49192401e-15 0)
(3 -1.114990937e-15 0)
(3 3.277974684e-16 0)
(3 -1.674447475e-15 0)
(3 -2.307377221e-15 0)
(3 -3.697299441e-15 0)
(3 -4.258940607e-15 0)
(3 -3.124756299e-15 0)
(3 -7.933859239e-16 0)
(3 3.782366018e-15 0)
(3 3.339453762e-15 0)
(3 4.543408011e-15 0)
(3 6.059550293e-15 0)
(3 3.888039475e-15 0)
(3 1.23241546e-16 0)
(3 -3.246086347e-16 0)
(3 2.541038464e-16 0)
(3 2.726166094e-16 0)
(3 2.006658739e-15 0)
(3 1.99118574e-15 0)
(3 1.272323368e-15 0)
(3 1.125666046e-15 0)
(3 1.374009576e-15 0)
(3 8.30660329e-16 0)
(3 -6.672354684e-16 0)
(3 -5.382971804e-16 0)
(3 -1.10773698e-16 0)
(3 4.42486362e-16 0)
(3 9.834729412e-16 0)
(3 1.396071327e-15 0)
(3 3.326962967e-15 0)
(3 4.451200651e-15 0)
(3 4.046036729e-15 0)
(3 3.911834287e-16 0)
(3 2.24762938e-15 0)
(3 1.452922059e-15 0)
(3 4.141809628e-16 0)
(3 2.144221909e-16 0)
(3 1.465339741e-15 0)
(3 5.28358517e-15 0)
(3 4.152950154e-15 0)
(3 3.621228691e-15 0)
(3 2.633578389e-15 0)
(3 8.219327406e-17 0)
(3 -4.770050077e-16 0)
(3 1.8118228e-16 0)
(3 4.954854079e-16 0)
(3 5.917804498e-16 0)
(3 7.462563028e-17 0)
(3 1.091240354e-15 0)
(3 1.308212841e-15 0)
(3 1.948843223e-15 0)
(3 1.995213032e-15 0)
(3 3.225883756e-15 0)
(3 1.493907723e-15 0)
(3 5.299619945e-16 0)
(3 -1.306675823e-15 0)
(3 -2.296603006e-15 0)
(3 -3.353000674e-15 0)
(3 -1.492239913e-15 0)
(3 -1.257890346e-15 0)
(3 -3.169458774e-15 0)
(3 -4.387191572e-15 0)
(3 -4.177799629e-15 0)
(3 -4.150490375e-15 0)
(3 -5.412171887e-15 0)
(3 -4.686758494e-15 0)
(3 -4.728013574e-15 0)
(3 -3.071126617e-15 0)
(3 -2.897404089e-15 0)
(3 -2.55175964e-15 0)
(3 -4.309037013e-15 0)
(3 -4.807528765e-15 0)
(3 -4.846132804e-15 0)
(3 -3.349132538e-17 0)
(3 2.691732302e-16 0)
(3 1.62169385e-15 0)
(3 2.494129405e-15 0)
(3 4.196468717e-15 0)
(3 3.321810222e-15 0)
(3 1.725527172e-15 0)
(3 -4.930745e-16 0)
(3 1.447890323e-16 0)
(3 -1.326328172e-15 0)
(3 -2.097238037e-15 0)
(3 -8.883217323e-16 0)
(3 1.540658294e-15 0)
(3 2.82389922e-15 0)
(3 4.605120936e-15 0)
(3 4.735634743e-15 0)
(3 3.510110367e-15 0)
(3 2.879856538e-15 0)
(3 5.617212598e-16 0)
(3 3.268005342e-16 0)
(3 -2.013195823e-16 0)
(3 -2.349313411e-16 0)
(3 -8.256005132e-16 0)
(3 2.883529287e-16 0)
(3 3.097704683e-16 0)
(3 1.396005434e-15 0)
(3 6.939796685e-17 0)
(3 -6.948432845e-16 0)
(3 4.555279942e-16 0)
(3 8.606366662e-16 0)
(3 2.669906051e-15 0)
(3 2.394951639e-15 0)
(3 2.628324439e-15 0)
(3 3.647159399e-15 0)
(3 2.397734021e-15 0)
(3 1.399555754e-15 0)
(3 4.509287492e-16 0)
(3 -6.38610564e-16 0)
(3 7.539242784e-16 0)
(3 1.991973014e-15 0)
(3 1.726426829e-15 0)
(3 1.030468141e-15 0)
(3 2.84047522e-16 0)
(3 1.89917882e-15 0)
(3 2.327731106e-15 0)
(3 2.49084287e-15 0)
(3 4.025795587e-15 0)
(3 4.194435265e-15 0)
(3 2.379344808e-15 0)
(3 -2.308397957e-16 0)
(3 -1.851436601e-15 0)
(3 -4.230973765e-15 0)
(3 -3.693891595e-15 0)
(3 -2.423502469e-15 0)
(3 -2.750271929e-15 0)
(3 -2.397029171e-15 0)
(3 -3.349775672e-15 0)
(3 -5.038677412e-15 0)
(3 -4.78749495e-15 0)
(3 -2.187410272e-15 0)
(3 -2.647095256e-15 0)
(3 -8.918481163e-16 0)
(3 -1.170181248e-15 0)
(3 -4.913712514e-16 0)
(3 -1.659565043e-15 0)
(3 -3.03740252e-15 0)
(3 9.061454138e-16 0)
(3 3.00219776e-15 0)
(3 3.547300818e-15 0)
(3 3.513842935e-15 0)
(3 3.659986915e-15 0)
(3 3.256267729e-15 0)
(3 1.474917519e-15 0)
(3 -2.036953738e-16 0)
(3 7.612834269e-16 0)
(3 1.13157248e-15 0)
(3 -7.266332746e-16 0)
(3 -1.346245134e-15 0)
(3 -7.481338369e-16 0)
(3 1.272289818e-15 0)
(3 4.251738278e-15 0)
(3 5.785701119e-15 0)
(3 5.470347362e-15 0)
(3 5.347981921e-15 0)
(3 5.274595113e-15 0)
(3 4.018593954e-15 0)
(3 2.665842149e-15 0)
(3 -9.696654511e-16 0)
(3 -1.89719295e-15 0)
(3 -2.220860993e-15 0)
(3 -1.24696114e-15 0)
(3 -1.059906728e-15 0)
(3 -3.489808642e-16 0)
(3 -3.114179407e-16 0)
(3 -1.115248347e-15 0)
(3 -3.273460707e-17 0)
(3 2.591603566e-15 0)
(3 3.934425598e-15 0)
(3 3.222233233e-15 0)
(3 -1.058845855e-15 0)
(3 -6.846627444e-16 0)
(3 -2.316382353e-15 0)
(3 -1.991762399e-15 0)
(3 -2.052253009e-15 0)
(3 -2.209792293e-15 0)
(3 -5.95998415e-16 0)
(3 2.341629415e-16 0)
(3 2.454085639e-16 0)
(3 1.436098809e-15 0)
(3 1.397593436e-15 0)
(3 1.543262439e-15 0)
(3 4.676199819e-16 0)
(3 8.463439614e-16 0)
(3 3.720671341e-16 0)
(3 -9.828992071e-16 0)
(3 -1.800946897e-15 0)
(3 -1.619654192e-15 0)
(3 -3.888536214e-15 0)
(3 -4.27851967e-15 0)
(3 -4.765291768e-15 0)
(3 -5.022786307e-15 0)
(3 -2.614587866e-15 0)
(3 -3.099068404e-15 0)
(3 -2.904662048e-15 0)
(3 -3.880797565e-15 0)
(3 -5.308122698e-15 0)
(3 -2.633813806e-15 0)
(3 -2.376960843e-15 0)
(3 -3.183923387e-16 0)
(3 -7.335404343e-16 0)
(3 9.576775605e-16 0)
(3 1.822716326e-15 0)
(3 3.213530748e-15 0)
(3 7.663046391e-15 0)
(3 7.78512506e-15 0)
(3 6.726361747e-15 0)
(3 3.802761457e-15 0)
(3 2.004229039e-15 0)
(3 9.738150676e-16 0)
(3 -1.284071834e-15 0)
(3 -1.520121639e-15 0)
(3 -7.065634859e-16 0)
(3 -2.453515871e-15 0)
(3 -2.868157315e-15 0)
(3 -3.19144083e-15 0)
(3 -1.310590554e-15 0)
(3 -1.603452572e-15 0)
(3 -1.401712016e-15 0)
(3 -1.807576596e-16 0)
(3 -5.960996124e-16 0)
(3 1.993518168e-16 0)
(3 2.525476329e-16 0)
(3 1.2232758e-16 0)
(3 -8.647136593e-16 0)
(3 -2.143464535e-15 0)
(3 -2.574126727e-15 0)
(3 -2.188368627e-15 0)
(3 1.048818009e-17 0)
(3 2.497849831e-15 0)
(3 -2.466386439e-16 0)
(3 -4.966430363e-17 0)
(3 8.704265852e-17 0)
(3 4.035392315e-16 0)
(3 7.524287913e-16 0)
(3 1.267861252e-15 0)
(3 7.379008715e-16 0)
(3 -2.030514211e-16 0)
(3 -1.056246187e-15 0)
(3 -2.151627888e-15 0)
(3 -2.344850818e-16 0)
(3 5.739488323e-16 0)
(3 2.494247234e-15 0)
(3 2.31981015e-15 0)
(3 1.942847136e-15 0)
(3 3.236429054e-15 0)
(3 5.098339903e-15 0)
(3 4.059976957e-15 0)
(3 1.241673429e-15 0)
(3 -1.299375573e-15 0)
(3 -2.887655626e-15 0)
(3 -4.07034509e-15 0)
(3 -3.218154343e-15 0)
(3 -1.842949495e-15 0)
(3 -1.312810283e-15 0)
(3 -2.461848316e-15 0)
(3 -2.567415987e-15 0)
(3 -5.218760923e-15 0)
(3 -7.511437002e-15 0)
(3 -5.913494236e-15 0)
(3 -5.718260143e-15 0)
(3 -5.836563808e-15 0)
(3 -3.337301116e-15 0)
(3 -3.523209324e-15 0)
(3 -3.347810902e-15 0)
(3 -3.287699229e-15 0)
(3 -2.266672433e-15 0)
(3 -1.139124844e-15 0)
(3 1.255963717e-15 0)
(3 3.71412996e-15 0)
(3 6.810151839e-15 0)
(3 7.107473643e-15 0)
(3 7.579340824e-15 0)
(3 6.697367469e-15 0)
(3 1.678302801e-15 0)
(3 1.21142638e-16 0)
(3 -2.792536202e-15 0)
(3 -2.670686339e-15 0)
(3 -1.647599077e-15 0)
(3 -4.87412783e-15 0)
(3 -5.410434764e-15 0)
(3 -3.795635871e-15 0)
(3 -2.98146159e-15 0)
(3 -4.329249795e-15 0)
(3 -4.865105438e-15 0)
(3 -4.44118485e-15 0)
(3 -4.399997329e-15 0)
(3 -2.289668809e-15 0)
(3 -1.210945238e-16 0)
(3 -9.61412428e-16 0)
(3 -2.414730011e-15 0)
(3 -3.370490533e-15 0)
(3 -3.617971711e-15 0)
(3 -3.5638995e-15 0)
(3 -1.483731764e-15 0)
(3 -1.266075976e-15 0)
(3 -6.329851174e-16 0)
(3 -9.859137567e-16 0)
(3 -4.820140309e-16 0)
(3 -3.041654915e-17 0)
(3 -2.023225601e-16 0)
(3 -8.253927726e-16 0)
(3 -1.187743655e-15 0)
(3 -2.109637895e-15 0)
(3 -1.63762939e-15 0)
(3 -3.100102397e-17 0)
(3 1.032914056e-15 0)
(3 4.397440489e-17 0)
(3 4.334494271e-16 0)
(3 1.660842218e-15 0)
(3 2.356504727e-15 0)
(3 2.728657553e-15 0)
(3 5.622975096e-15 0)
(3 6.654834437e-15 0)
(3 6.036177277e-15 0)
(3 4.12105396e-15 0)
(3 1.302332214e-15 0)
(3 -1.388234384e-15 0)
(3 -2.142887779e-15 0)
(3 -1.103446417e-15 0)
(3 8.331723487e-16 0)
(3 5.973497664e-16 0)
(3 1.146568145e-16 0)
(3 -2.720130379e-15 0)
(3 -6.447413066e-15 0)
(3 -7.10331219e-15 0)
(3 -8.641419147e-15 0)
(3 -6.768787447e-15 0)
(3 -6.344194782e-15 0)
(3 -5.24093617e-15 0)
(3 -6.877403765e-16 0)
(3 -9.01506104e-16 0)
(3 -1.490927348e-15 0)
(3 -1.005663542e-15 0)
(3 -6.158197914e-17 0)
(3 2.226546882e-15 0)
(3 3.972083144e-15 0)
(3 4.481778553e-15 0)
(3 3.489883732e-15 0)
(3 1.886086556e-15 0)
(3 2.332802904e-15 0)
(3 2.101831455e-15 0)
(3 1.741293185e-15 0)
(3 7.603483413e-16 0)
(3 -8.928689558e-16 0)
(3 -2.606115119e-15 0)
(3 -4.520886728e-15 0)
(3 -3.337205604e-15 0)
(3 -1.187267627e-15 0)
(3 -1.753758508e-15 0)
(3 -3.151648852e-15 0)
(3 -3.750389207e-15 0)
(3 -5.079143293e-15 0)
(3 -5.206689265e-15 0)
(3 -3.177899384e-15 0)
(3 9.21950088e-16 0)
(3 5.779976548e-16 0)
(3 3.092373028e-16 0)
(3 -2.411793841e-15 0)
(3 -4.342775569e-15 0)
(3 -3.090976695e-15 0)
(3 -3.958724425e-15 0)
(3 -4.864112502e-15 0)
(3 -4.670439656e-15 0)
(3 -2.669801013e-15 0)
(3 7.916668206e-17 0)
(3 1.131645518e-16 0)
(3 2.71100614e-16 0)
(3 -1.630508255e-16 0)
(3 -1.034934037e-15 0)
(3 -1.405396588e-16 0)
(3 1.267237982e-15 0)
(3 6.331780935e-16 0)
(3 1.336641374e-15 0)
(3 8.967735317e-16 0)
(3 -7.00629239e-16 0)
(3 -5.151217869e-16 0)
(3 -3.689656342e-17 0)
(3 1.503249663e-15 0)
(3 3.035365823e-15 0)
(3 3.86081953e-15 0)
(3 6.34853723e-15 0)
(3 2.903735054e-15 0)
(3 9.963751806e-16 0)
(3 -4.696995587e-17 0)
(3 -1.124722322e-15 0)
(3 -1.269914524e-15 0)
(3 -1.779125068e-15 0)
(3 -1.345857862e-15 0)
(3 -5.657660569e-16 0)
(3 -3.933292555e-15 0)
(3 -4.921987153e-15 0)
(3 -5.111646207e-15 0)
(3 -3.261232991e-15 0)
(3 -4.653300904e-15 0)
(3 -2.235970731e-15 0)
(3 -2.752408352e-15 0)
(3 -2.032211208e-15 0)
(3 -3.337771889e-15 0)
(3 -3.347538839e-15 0)
(3 -3.443020225e-15 0)
(3 -2.98908561e-15 0)
(3 -3.642756237e-16 0)
(3 1.346616765e-15 0)
(3 2.782446589e-15 0)
(3 2.262446052e-15 0)
(3 4.050178851e-16 0)
(3 -1.790333666e-15 0)
(3 4.824670328e-17 0)
(3 1.766338718e-16 0)
(3 -1.492680524e-15 0)
(3 -1.580024141e-15 0)
(3 -7.995671855e-16 0)
(3 6.033961921e-16 0)
(3 1.383737299e-15 0)
(3 2.857016751e-15 0)
(3 2.319162493e-15 0)
(3 9.947209408e-16 0)
(3 -1.694893533e-15 0)
(3 -4.557201133e-15 0)
(3 -3.665237026e-15 0)
(3 -2.847476021e-15 0)
(3 -3.377468539e-15 0)
(3 -1.280739246e-15 0)
(3 -1.02510794e-16 0)
(3 2.597129656e-16 0)
(3 -1.053948528e-15 0)
(3 -7.589087376e-16 0)
(3 -1.917166562e-15 0)
(3 -2.822981076e-15 0)
(3 -3.942985621e-15 0)
(3 -2.41258356e-15 0)
(3 3.781557227e-16 0)
(3 -2.966251503e-16 0)
(3 8.114634915e-17 0)
(3 -2.029697878e-16 0)
(3 -1.653221876e-15 0)
(3 1.55205841e-15 0)
(3 1.036717459e-15 0)
(3 9.456106111e-19 0)
(3 -1.000303541e-15 0)
(3 -3.424163373e-16 0)
(3 -8.39159644e-16 0)
(3 -3.255149942e-16 0)
(3 -2.445933321e-16 0)
(3 1.381796213e-16 0)
(3 -2.209160525e-17 0)
(3 9.419326044e-16 0)
(3 6.59150984e-16 0)
(3 -2.374953849e-15 0)
(3 -1.247487199e-15 0)
(3 3.383182602e-16 0)
(3 1.968883604e-15 0)
(3 1.578337575e-15 0)
(3 -1.953573079e-15 0)
(3 -1.830725633e-15 0)
(3 -3.277133024e-15 0)
(3 -2.060209395e-15 0)
(3 -2.505637694e-15 0)
(3 -3.415547651e-15 0)
(3 -2.908862784e-15 0)
(3 -2.253979052e-15 0)
(3 -2.872731508e-15 0)
(3 -2.619189096e-15 0)
(3 -4.231912861e-15 0)
(3 -4.049728532e-15 0)
(3 -3.741235636e-15 0)
(3 -3.472046936e-15 0)
(3 -2.65476243e-15 0)
(3 9.600443439e-16 0)
(3 1.851633229e-15 0)
(3 7.442270284e-16 0)
(3 -4.274425254e-16 0)
(3 1.307947553e-15 0)
(3 5.287171094e-16 0)
(3 1.616823921e-15 0)
(3 7.4937409e-16 0)
(3 -2.630554712e-15 0)
(3 -2.464261061e-15 0)
(3 -5.7868211e-16 0)
(3 1.232905801e-15 0)
(3 1.909173746e-15 0)
(3 3.626238915e-15 0)
(3 4.205958716e-15 0)
(3 3.581419634e-15 0)
(3 2.641658206e-15 0)
(3 -9.558045792e-17 0)
(3 -5.811414729e-16 0)
(3 -1.273055525e-15 0)
(3 -3.65002618e-15 0)
(3 -4.289962667e-15 0)
(3 -4.207852051e-15 0)
(3 6.348381439e-17 0)
(3 2.775336888e-15 0)
(3 3.074683575e-15 0)
(3 3.087624074e-15 0)
(3 1.83050561e-15 0)
(3 -1.104854148e-15 0)
(3 -1.939433507e-15 0)
(3 2.386165765e-16 0)
(3 1.258195297e-15 0)
(3 1.160855517e-15 0)
(3 -2.223046674e-16 0)
(3 -1.084186432e-16 0)
(3 -6.655853021e-16 0)
(3 -6.436001723e-16 0)
(3 -7.492925577e-17 0)
(3 2.652565722e-16 0)
(3 2.054932988e-15 0)
(3 1.762902314e-15 0)
(3 1.572682836e-15 0)
(3 1.534702171e-15 0)
(3 5.484966958e-16 0)
(3 -1.426032177e-15 0)
(3 -3.506078863e-15 0)
(3 -5.273858335e-15 0)
(3 -2.053250747e-15 0)
(3 -2.792521916e-16 0)
(3 2.505617146e-15 0)
(3 3.444795205e-15 0)
(3 3.391207467e-15 0)
(3 1.682300559e-15 0)
(3 2.89623102e-16 0)
(3 7.077367838e-17 0)
(3 1.461547788e-15 0)
(3 2.168905391e-15 0)
(3 1.948030116e-15 0)
(3 -2.850968524e-16 0)
(3 -1.03098825e-15 0)
(3 -3.12489556e-15 0)
(3 -5.060810471e-15 0)
(3 -4.849029392e-15 0)
(3 -3.124454669e-15 0)
(3 -1.152834954e-15 0)
(3 -5.748453705e-16 0)
(3 -6.36132468e-16 0)
(3 9.871932769e-16 0)
(3 3.081403668e-15 0)
(3 2.434386501e-15 0)
(3 1.124967978e-15 0)
(3 1.514544106e-15 0)
(3 2.779472042e-15 0)
(3 2.642381685e-15 0)
(3 1.412210846e-15 0)
(3 -2.964554625e-16 0)
(3 -7.393865738e-16 0)
(3 7.679316185e-16 0)
(3 3.735246393e-15 0)
(3 3.101924462e-15 0)
(3 2.290013934e-15 0)
(3 1.97734975e-15 0)
(3 1.968093987e-15 0)
(3 2.450619327e-15 0)
(3 2.469795116e-15 0)
(3 1.214714956e-15 0)
(3 -1.820600171e-15 0)
(3 -3.387430462e-15 0)
(3 -3.947594319e-15 0)
(3 -4.171264523e-15 0)
(3 -3.240777498e-15 0)
(3 2.025238321e-15 0)
(3 3.685749651e-15 0)
(3 9.944543565e-17 0)
(3 -1.438028126e-15 0)
(3 -2.327315434e-15 0)
(3 -3.347837191e-15 0)
(3 2.44298785e-16 0)
(3 1.740491718e-15 0)
(3 2.470031345e-15 0)
(3 2.440580041e-15 0)
(3 2.774296213e-15 0)
(3 2.528011162e-16 0)
(3 5.224856369e-17 0)
(3 1.78497193e-15 0)
(3 2.514367911e-15 0)
(3 3.310519964e-15 0)
(3 4.395983339e-15 0)
(3 4.199828451e-15 0)
(3 3.767875256e-15 0)
(3 2.634537917e-15 0)
(3 1.35267798e-15 0)
(3 -1.966417343e-15 0)
(3 -2.986755145e-15 0)
(3 -7.228787869e-16 0)
(3 1.144241571e-16 0)
(3 2.116768479e-15 0)
(3 4.407607955e-15 0)
(3 6.655940768e-15 0)
(3 6.282367419e-15 0)
(3 2.966016797e-15 0)
(3 3.28825832e-15 0)
(3 3.363529988e-15 0)
(3 3.772730286e-15 0)
(3 2.935442557e-15 0)
(3 -2.607680131e-16 0)
(3 -4.234988688e-15 0)
(3 -8.59915724e-15 0)
(3 -9.104478886e-15 0)
(3 -3.735944961e-15 0)
(3 -2.222216396e-15 0)
(3 1.564381601e-16 0)
(3 2.095448656e-16 0)
(3 3.333030312e-16 0)
(3 -6.567503135e-16 0)
(3 5.773435839e-16 0)
(3 3.520281195e-15 0)
(3 4.518827034e-15 0)
(3 3.915653961e-15 0)
(3 5.207655922e-15 0)
(3 4.058009416e-15 0)
(3 3.488229395e-15 0)
(3 3.870418418e-15 0)
(3 2.088074951e-15 0)
(3 2.158432695e-15 0)
(3 3.156078955e-15 0)
(3 2.657675709e-15 0)
(3 1.867021387e-15 0)
(3 7.157710848e-16 0)
(3 -6.072271809e-18 0)
(3 -4.265329219e-17 0)
(3 5.148552447e-16 0)
(3 1.683642858e-15 0)
(3 -4.792199935e-17 0)
(3 -2.383020992e-16 0)
(3 -8.280059711e-17 0)
(3 -1.467387565e-16 0)
(3 7.499212392e-16 0)
(3 3.069302846e-15 0)
(3 2.365462181e-15 0)
(3 3.035643903e-16 0)
(3 -1.031515609e-15 0)
(3 -1.31716887e-15 0)
(3 -1.048999564e-15 0)
(3 -1.570073216e-16 0)
(3 -7.924107873e-16 0)
(3 -8.386881756e-16 0)
(3 2.341945158e-15 0)
(3 2.97595218e-15 0)
(3 3.204109332e-15 0)
(3 1.005333815e-15 0)
(3 7.695023269e-16 0)
(3 5.872688102e-16 0)
(3 7.660467475e-16 0)
(3 9.469995341e-16 0)
(3 2.316377614e-15 0)
(3 1.031982887e-15 0)
(3 1.165690452e-15 0)
(3 7.895530508e-16 0)
(3 -1.276363341e-15 0)
(3 -1.228933401e-15 0)
(3 -1.31716619e-15 0)
(3 2.442550899e-15 0)
(3 2.795043938e-15 0)
(3 3.933386095e-15 0)
(3 3.422783886e-15 0)
(3 3.960100818e-15 0)
(3 3.094935802e-15 0)
(3 2.853624187e-15 0)
(3 2.991310481e-15 0)
(3 2.031607727e-15 0)
(3 -7.859596343e-17 0)
(3 -1.816284356e-15 0)
(3 -3.797178088e-15 0)
(3 -5.055096456e-15 0)
(3 -3.916467775e-15 0)
(3 -3.625607864e-15 0)
(3 -3.440432677e-15 0)
(3 -3.190462912e-15 0)
(3 -2.146129764e-15 0)
(3 9.068814904e-16 0)
(3 4.688079841e-16 0)
(3 2.372122845e-15 0)
(3 3.604675059e-15 0)
(3 5.141397724e-15 0)
(3 5.632299475e-15 0)
(3 6.389942942e-15 0)
(3 6.334182996e-15 0)
(3 4.464731059e-15 0)
(3 3.485279594e-15 0)
(3 3.774097051e-15 0)
(3 3.420571615e-15 0)
(3 2.631361771e-15 0)
(3 1.750997101e-15 0)
(3 1.305953527e-15 0)
(3 -4.45698363e-16 0)
(3 -5.365925826e-16 0)
(3 -1.056937048e-15 0)
(3 -1.097984911e-15 0)
(3 2.952729614e-16 0)
(3 1.992270982e-15 0)
(3 2.713629921e-15 0)
(3 2.400045154e-15 0)
(3 2.953210379e-15 0)
(3 2.8201747e-15 0)
(3 2.863302774e-15 0)
(3 1.991632561e-15 0)
(3 1.811337469e-15 0)
(3 5.952281013e-16 0)
(3 3.283998382e-16 0)
(3 1.910773902e-15 0)
(3 -1.309219209e-16 0)
(3 -1.388965192e-15 0)
(3 -2.683361343e-15 0)
(3 -2.257367908e-15 0)
(3 -1.011909521e-15 0)
(3 -4.726957755e-16 0)
(3 -1.381813584e-16 0)
(3 -1.003913343e-15 0)
(3 -1.019965664e-15 0)
(3 -5.574694058e-16 0)
(3 -2.277631471e-15 0)
(3 -1.385907625e-15 0)
(3 -2.650367316e-15 0)
(3 -2.440845369e-15 0)
(3 -2.335255235e-15 0)
(3 -3.005161752e-15 0)
(3 -1.574656906e-15 0)
(3 1.16805773e-16 0)
(3 1.541663039e-15 0)
(3 3.302586738e-15 0)
(3 3.121202657e-15 0)
(3 1.859484599e-15 0)
(3 3.538170378e-16 0)
(3 1.760180508e-15 0)
(3 1.388520125e-15 0)
(3 8.933534168e-16 0)
(3 -9.286535693e-16 0)
(3 -3.378012538e-15 0)
(3 -3.090430385e-15 0)
(3 -1.705436031e-15 0)
(3 -1.192441557e-15 0)
(3 -2.886707898e-15 0)
(3 -4.684345134e-15 0)
(3 -5.320001587e-15 0)
(3 -4.472279855e-15 0)
(3 -2.26993686e-15 0)
(3 -1.725340085e-15 0)
(3 2.431361891e-16 0)
(3 3.593112229e-16 0)
(3 7.496108976e-16 0)
(3 2.038803316e-15 0)
(3 4.869168971e-15 0)
(3 5.115526035e-15 0)
(3 5.700973303e-15 0)
(3 3.581069099e-15 0)
(3 2.126696844e-15 0)
(3 2.248688738e-15 0)
(3 1.653066243e-15 0)
(3 2.145686483e-15 0)
(3 2.65812629e-15 0)
(3 1.330742202e-15 0)
(3 -3.392161362e-16 0)
(3 3.219879135e-16 0)
(3 4.71703264e-16 0)
(3 9.399881738e-16 0)
(3 2.129207403e-15 0)
(3 3.286707674e-15 0)
(3 4.267713812e-15 0)
(3 4.422057522e-15 0)
(3 3.699532732e-15 0)
(3 3.086557537e-15 0)
(3 1.123359658e-15 0)
(3 1.449540057e-15 0)
(3 1.945465172e-15 0)
(3 2.158183376e-15 0)
(3 1.662338795e-15 0)
(3 6.253425894e-16 0)
(3 2.323480901e-17 0)
(3 -4.558019613e-16 0)
(3 -2.501675793e-18 0)
(3 -3.178501861e-15 0)
(3 -3.578299371e-15 0)
(3 -2.544053743e-15 0)
(3 -1.802476121e-15 0)
(3 -1.581445708e-15 0)
(3 -1.0687778e-15 0)
(3 -9.795041425e-16 0)
(3 -1.550083962e-15 0)
(3 -3.387670493e-15 0)
(3 -2.306404224e-15 0)
(3 -3.112257067e-15 0)
(3 -3.087832666e-15 0)
(3 -2.759210238e-15 0)
(3 -7.179750542e-16 0)
(3 -8.637887913e-16 0)
(3 8.251948104e-16 0)
(3 1.683545161e-15 0)
(3 1.754672237e-15 0)
(3 1.912989454e-15 0)
(3 1.587521533e-15 0)
(3 1.726082295e-15 0)
(3 5.655856737e-16 0)
(3 5.638389251e-16 0)
(3 4.815869295e-17 0)
(3 -7.331679465e-16 0)
(3 -4.073951804e-16 0)
(3 3.169884694e-17 0)
(3 9.652184811e-16 0)
(3 -1.666703058e-15 0)
(3 -4.275186354e-15 0)
(3 -5.383135533e-15 0)
(3 -5.503858518e-15 0)
(3 -2.402556611e-15 0)
(3 -1.240722392e-15 0)
(3 2.176560447e-15 0)
(3 1.601376969e-15 0)
(3 1.774179739e-15 0)
(3 2.084074054e-15 0)
(3 3.075738872e-15 0)
(3 4.698948333e-15 0)
(3 4.522018002e-15 0)
(3 1.869358758e-15 0)
(3 2.513811372e-15 0)
(3 1.075170799e-15 0)
(3 -6.085986308e-16 0)
(3 -6.45566391e-16 0)
(3 2.330518762e-15 0)
(3 1.634897008e-15 0)
(3 9.305945302e-16 0)
(3 1.20598286e-15 0)
(3 1.986010804e-15 0)
(3 5.448048409e-15 0)
(3 4.619101891e-15 0)
(3 5.867197365e-15 0)
(3 5.989057786e-15 0)
(3 5.671758707e-15 0)
(3 5.380940115e-15 0)
(3 3.905180652e-15 0)
(3 2.406928883e-15 0)
(3 5.148715238e-16 0)
(3 1.665300444e-15 0)
(3 3.739658642e-15 0)
(3 2.797523503e-15 0)
(3 -7.414543396e-16 0)
(3 -1.896958053e-16 0)
(3 -3.993796241e-16 0)
(3 -1.408900489e-15 0)
(3 -1.546971689e-15 0)
(3 -1.480923368e-15 0)
(3 -2.31906871e-15 0)
(3 -2.196901293e-15 0)
(3 -1.532060239e-15 0)
(3 -1.016805835e-15 0)
(3 -2.059549541e-15 0)
(3 -1.829779896e-15 0)
(3 -6.154771098e-16 0)
(3 -4.06653687e-18 0)
(3 -3.404936868e-16 0)
(3 -1.666367461e-15 0)
(3 -1.625386415e-15 0)
(3 -5.127793904e-16 0)
(3 -8.13928758e-16 0)
(3 -1.056849008e-15 0)
(3 -1.063629197e-15 0)
(3 -6.143122919e-16 0)
(3 8.24237806e-16 0)
(3 8.140571374e-16 0)
(3 -4.370735592e-16 0)
(3 -1.054426805e-15 0)
(3 -5.643175624e-16 0)
(3 -9.616581568e-16 0)
(3 -2.190747507e-16 0)
(3 -1.064949266e-16 0)
(3 -5.829964835e-16 0)
(3 -8.92021408e-16 0)
(3 -1.049614318e-15 0)
(3 -1.554263968e-15 0)
(3 -2.760968224e-15 0)
(3 -2.092874781e-15 0)
(3 -5.19919219e-16 0)
(3 4.359389067e-16 0)
(3 -7.654637978e-16 0)
(3 1.158222377e-15 0)
(3 3.320307721e-15 0)
(3 3.900830318e-15 0)
(3 3.210960474e-15 0)
(3 2.840600848e-15 0)
(3 4.41407794e-16 0)
(3 1.347172069e-15 0)
(3 3.132960429e-15 0)
(3 2.380962322e-15 0)
(3 1.305768475e-15 0)
(3 -9.455377334e-16 0)
(3 4.930508195e-16 0)
(3 1.204630238e-15 0)
(3 1.658262814e-15 0)
(3 7.484171188e-16 0)
(3 3.736680914e-15 0)
(3 6.455900304e-15 0)
(3 6.046086073e-15 0)
(3 4.178529968e-15 0)
(3 2.764250558e-15 0)
(3 3.983650471e-15 0)
(3 4.946461321e-15 0)
(3 4.400457005e-15 0)
(3 2.196278979e-15 0)
(3 1.563819277e-15 0)
(3 1.940817732e-15 0)
(3 2.995592721e-15 0)
(3 5.18509656e-16 0)
(3 -1.330260011e-15 0)
(3 -8.184083752e-17 0)
(3 -4.943228028e-16 0)
(3 -1.279807898e-15 0)
(3 -4.607581642e-16 0)
(3 -4.578049219e-16 0)
(3 -1.425218014e-15 0)
(3 -2.448192359e-15 0)
(3 -1.100398912e-15 0)
(3 -7.237273645e-16 0)
(3 -2.674818259e-15 0)
(3 -3.293298667e-15 0)
(3 -1.529865043e-15 0)
(3 -1.765689932e-15 0)
(3 -1.267317488e-15 0)
(3 -7.428945462e-16 0)
(3 -3.323737576e-16 0)
(3 2.227495478e-16 0)
(3 1.83393953e-15 0)
(3 7.834627695e-16 0)
(3 1.104271719e-15 0)
(3 1.516074439e-15 0)
(3 1.526644093e-15 0)
(3 -2.527825665e-15 0)
(3 -3.610475073e-15 0)
(3 -3.150568204e-15 0)
(3 -2.401593764e-15 0)
(3 -2.46095376e-15 0)
(3 -2.709183589e-15 0)
(3 -2.593242099e-15 0)
(3 -7.374579127e-16 0)
(3 -7.739441697e-16 0)
(3 -2.826648758e-15 0)
(3 -2.246417343e-15 0)
(3 -1.967168061e-15 0)
(3 8.126237823e-16 0)
(3 1.337253215e-15 0)
(3 7.721843912e-16 0)
(3 -2.389147454e-15 0)
(3 -2.186027171e-15 0)
(3 -1.459252724e-15 0)
(3 1.561396095e-15 0)
(3 4.202716002e-16 0)
(3 -4.644335682e-15 0)
(3 -3.265965885e-15 0)
(3 -1.09189764e-15 0)
(3 1.556488935e-16 0)
(3 7.236576255e-18 0)
(3 -5.303052842e-16 0)
(3 -1.135439276e-15 0)
(3 -9.628631887e-16 0)
(3 9.63222454e-18 0)
(3 1.832745622e-15 0)
(3 1.976861391e-15 0)
(3 5.522442645e-15 0)
(3 5.318790338e-15 0)
(3 4.945199477e-15 0)
(3 4.504511357e-15 0)
(3 3.915736629e-15 0)
(3 4.576964047e-15 0)
(3 5.572492395e-15 0)
(3 5.004321231e-15 0)
(3 4.96408024e-15 0)
(3 4.182254867e-15 0)
(3 2.489996582e-15 0)
(3 1.686496236e-15 0)
(3 -1.104234155e-17 0)
(3 -1.560364752e-17 0)
(3 1.206920922e-16 0)
(3 -3.90618781e-16 0)
(3 8.31371877e-16 0)
(3 9.598043529e-16 0)
(3 1.193670058e-15 0)
(3 1.223188102e-15 0)
(3 3.315160348e-16 0)
(3 3.605821728e-16 0)
(3 1.103220877e-16 0)
(3 -2.411487324e-15 0)
(3 -3.021238023e-15 0)
(3 -3.768872787e-15 0)
(3 -3.697997082e-15 0)
(3 -2.309708236e-15 0)
(3 -1.15008153e-15 0)
(3 1.023758793e-15 0)
(3 1.490699102e-15 0)
(3 1.642644019e-15 0)
(3 3.882994006e-15 0)
(3 3.838434656e-15 0)
(3 2.930636938e-15 0)
(3 -2.861293935e-15 0)
(3 -3.234077275e-15 0)
(3 -3.044393801e-15 0)
(3 -2.079878015e-15 0)
(3 -3.008019335e-15 0)
(3 -3.288397483e-15 0)
(3 -3.757828268e-15 0)
(3 -3.933090638e-15 0)
(3 -2.71188641e-15 0)
(3 -1.507120224e-15 0)
(3 -3.959103117e-15 0)
(3 -3.094371327e-15 0)
(3 -1.727130057e-15 0)
(3 1.305329413e-16 0)
(3 8.054017564e-16 0)
(3 -9.023203476e-17 0)
(3 -5.030573587e-16 0)
(3 -2.537656726e-16 0)
(3 1.193968981e-16 0)
(3 -5.215781924e-16 0)
(3 -2.574207991e-15 0)
(3 -5.699883385e-15 0)
(3 -4.912550458e-15 0)
(3 -2.626313288e-15 0)
(3 -2.019503458e-15 0)
(3 -3.98001549e-16 0)
(3 -1.869214813e-16 0)
(3 -6.846148788e-16 0)
(3 -2.859259328e-16 0)
(3 3.395760362e-16 0)
(3 2.372584805e-15 0)
(3 5.998476687e-15 0)
(3 7.47532439e-15 0)
(3 7.075147454e-15 0)
(3 7.082750037e-15 0)
(3 7.848175366e-15 0)
(3 7.611920377e-15 0)
(3 6.103283529e-15 0)
(3 4.880623366e-15 0)
(3 2.860231759e-15 0)
(3 2.484708091e-15 0)
(3 1.454440621e-15 0)
(3 -4.365415716e-16 0)
(3 -1.104343584e-15 0)
(3 -5.924763811e-16 0)
(3 8.144292475e-16 0)
(3 -1.083325244e-16 0)
(3 2.755850628e-16 0)
(3 -7.096485636e-16 0)
(3 -4.629643607e-16 0)
(3 -4.445278627e-16 0)
(3 1.885684545e-16 0)
(3 1.677405781e-15 0)
(3 1.294789468e-17 0)
(3 -1.097860966e-15 0)
(3 -3.057202574e-15 0)
(3 -1.704018435e-15 0)
(3 -3.293632137e-15 0)
(3 -2.3489384e-15 0)
(3 -3.919026583e-16 0)
(3 4.387202271e-16 0)
(3 1.283965524e-15 0)
(3 1.245598149e-15 0)
(3 1.809238883e-15 0)
(3 1.512237604e-15 0)
(3 -1.052778666e-15 0)
(3 -2.34414485e-15 0)
(3 -1.819961651e-15 0)
(3 2.447885723e-16 0)
(3 4.354751176e-16 0)
(3 -1.403460351e-16 0)
(3 -1.442394006e-15 0)
(3 -1.705691803e-15 0)
(3 -1.506827301e-15 0)
(3 -2.75994308e-15 0)
(3 -3.303585866e-15 0)
(3 -2.480686983e-15 0)
(3 -3.825302326e-15 0)
(3 -1.36219121e-15 0)
(3 9.281519401e-16 0)
(3 7.060331225e-16 0)
(3 -2.210924255e-15 0)
(3 -2.587402838e-15 0)
(3 -2.000665498e-15 0)
(3 -1.051720279e-15 0)
(3 -6.75025489e-16 0)
(3 -2.887216014e-15 0)
(3 -3.762683171e-15 0)
(3 -7.906030068e-16 0)
(3 -9.255282788e-16 0)
(3 -7.974133406e-16 0)
(3 -7.390213244e-16 0)
(3 -9.511820421e-17 0)
(3 2.563461939e-15 0)
(3 3.804559054e-15 0)
(3 1.140218067e-15 0)
(3 3.52178379e-17 0)
(3 1.456385145e-16 0)
(3 1.660238522e-15 0)
(3 2.975089276e-15 0)
(3 4.638222225e-15 0)
(3 6.66113214e-15 0)
(3 6.412607373e-15 0)
(3 5.892704229e-15 0)
(3 5.88283867e-15 0)
(3 3.337154677e-15 0)
(3 6.680674656e-16 0)
(3 3.496663634e-16 0)
(3 8.54135282e-16 0)
(3 1.097780225e-15 0)
(3 -4.251998301e-17 0)
(3 3.484262091e-16 0)
(3 -2.367827538e-17 0)
(3 -4.424952718e-17 0)
(3 -1.139221247e-15 0)
(3 -7.769489438e-16 0)
(3 -2.068985507e-16 0)
(3 -9.202711413e-16 0)
(3 -1.508735598e-15 0)
(3 -9.359217063e-16 0)
(3 -1.951444565e-15 0)
(3 -2.35323669e-15 0)
(3 -1.330001933e-15 0)
(3 8.909833202e-17 0)
(3 -2.368024172e-16 0)
(3 -4.800253772e-17 0)
(3 2.27122276e-16 0)
(3 1.99212716e-15 0)
(3 1.917922346e-15 0)
(3 1.804808132e-15 0)
(3 2.266722776e-16 0)
(3 -5.078068512e-16 0)
(3 -3.199628298e-15 0)
(3 -5.384615697e-15 0)
(3 -3.666002585e-15 0)
(3 -3.423144146e-15 0)
(3 -2.956302566e-15 0)
(3 -1.052110524e-15 0)
(3 8.380397988e-16 0)
(3 1.646539264e-15 0)
(3 4.233841809e-16 0)
(3 -7.057098998e-16 0)
(3 -1.43719185e-15 0)
(3 -7.164524011e-16 0)
(3 -2.530777148e-16 0)
(3 9.338760736e-16 0)
(3 1.049113216e-15 0)
(3 -1.721186533e-17 0)
(3 -4.761297558e-16 0)
(3 1.074438033e-17 0)
(3 -6.789313583e-17 0)
(3 -3.206726875e-15 0)
(3 -3.61185365e-15 0)
(3 -5.077202848e-15 0)
(3 -1.876582247e-15 0)
(3 1.762736453e-15 0)
(3 3.583499252e-15 0)
(3 3.883741982e-15 0)
(3 3.329900656e-15 0)
(3 4.101367399e-15 0)
(3 5.594297676e-15 0)
(3 5.313786158e-15 0)
(3 4.328180914e-15 0)
(3 1.617242673e-15 0)
(3 -1.840401484e-15 0)
(3 -2.099753863e-15 0)
(3 -9.56061692e-16 0)
(3 1.01784107e-15 0)
(3 4.323925458e-15 0)
(3 5.09181852e-15 0)
(3 6.089636458e-15 0)
(3 6.498329673e-15 0)
(3 5.691613946e-15 0)
(3 2.650986209e-15 0)
(3 1.864236619e-15 0)
(3 1.670401452e-15 0)
(3 1.960726684e-15 0)
(3 3.386643712e-15 0)
(3 5.934198733e-15 0)
(3 5.129654874e-15 0)
(3 2.755015306e-16 0)
(3 -6.74856401e-16 0)
(3 1.191751118e-16 0)
(3 -5.402175397e-16 0)
(3 -1.105334188e-15 0)
(3 -1.553565263e-15 0)
(3 -2.936717138e-16 0)
(3 -4.489743428e-16 0)
(3 -9.011506016e-16 0)
(3 9.443401636e-16 0)
(3 2.496634163e-16 0)
(3 5.341915911e-17 0)
(3 -2.096074941e-16 0)
(3 -3.702902694e-16 0)
(3 -7.764927389e-16 0)
(3 2.322491616e-15 0)
(3 3.852495765e-15 0)
(3 7.467976363e-16 0)
(3 -2.839558768e-15 0)
(3 -3.315572279e-15 0)
(3 -5.529055652e-15 0)
(3 -6.698231653e-15 0)
(3 -5.453480421e-15 0)
(3 -4.198570485e-15 0)
(3 -2.228326423e-15 0)
(3 -1.311281417e-15 0)
(3 -1.715192892e-16 0)
(3 1.248648353e-15 0)
(3 1.452798371e-15 0)
(3 5.327992943e-16 0)
(3 3.5054583e-16 0)
(3 2.765769069e-15 0)
(3 2.267155116e-15 0)
(3 3.4391063e-16 0)
(3 -3.558757262e-16 0)
(3 -1.222226494e-16 0)
(3 4.846339192e-16 0)
(3 6.416173425e-16 0)
(3 -2.487101057e-15 0)
(3 -5.469882639e-15 0)
(3 -4.817207151e-15 0)
(3 -3.061183844e-15 0)
(3 -1.928778012e-15 0)
(3 -1.433107501e-15 0)
(3 2.220269171e-15 0)
(3 5.440193795e-15 0)
(3 6.625014776e-15 0)
(3 6.758725972e-15 0)
(3 7.571165838e-15 0)
(3 4.705393378e-15 0)
(3 1.294904141e-15 0)
(3 2.212708256e-16 0)
(3 -1.23572164e-15 0)
(3 -1.71582944e-15 0)
(3 -1.712154843e-15 0)
(3 -2.265545742e-15 0)
(3 4.379096836e-16 0)
(3 3.584958576e-15 0)
(3 4.640378386e-15 0)
(3 4.907335549e-15 0)
(3 4.518481246e-15 0)
(3 2.648235821e-15 0)
(3 2.804733434e-15 0)
(3 4.006852793e-15 0)
(3 5.119513226e-15 0)
(3 5.15049042e-15 0)
(3 5.688690363e-15 0)
(3 -7.034435334e-16 0)
(3 -1.222219243e-16 0)
(3 -8.871972245e-16 0)
(3 -3.547437284e-15 0)
(3 -2.383695247e-15 0)
(3 -8.930788614e-16 0)
(3 2.455066962e-16 0)
(3 1.310697391e-15 0)
(3 2.301486199e-15 0)
(3 3.42349249e-15 0)
(3 9.577161422e-16 0)
(3 -3.330083624e-16 0)
(3 1.536030774e-15 0)
(3 1.544882672e-15 0)
(3 1.310638087e-15 0)
(3 1.648639206e-15 0)
(3 2.659601722e-15 0)
(3 2.153247409e-15 0)
(3 2.255142715e-16 0)
(3 -2.398567762e-15 0)
(3 -4.158777354e-15 0)
(3 -7.845839462e-15 0)
(3 -7.069685904e-15 0)
(3 -4.46149243e-15 0)
(3 -4.262104951e-15 0)
(3 -4.335206947e-15 0)
(3 -3.620326343e-15 0)
(3 -8.507167321e-16 0)
(3 1.287241987e-15 0)
(3 1.422137341e-15 0)
(3 1.183330688e-15 0)
(3 3.589766429e-15 0)
(3 1.239836141e-16 0)
(3 -3.997186952e-16 0)
(3 -1.146083849e-15 0)
(3 -1.962370584e-15 0)
(3 -1.20858347e-15 0)
(3 -1.940185599e-15 0)
(3 -2.409724841e-15 0)
(3 -3.523592032e-15 0)
(3 -3.28356441e-15 0)
(3 -3.58647472e-15 0)
(3 -3.846623005e-15 0)
(3 -2.626608795e-15 0)
(3 -1.760449412e-15 0)
(3 2.18700478e-15 0)
(3 4.237703678e-15 0)
(3 4.483090503e-15 0)
(3 5.270150325e-15 0)
(3 4.7395668e-15 0)
(3 2.73744391e-15 0)
(3 2.821055574e-15 0)
(3 6.876144545e-18 0)
(3 -7.558039754e-16 0)
(3 -1.026432875e-16 0)
(3 6.666072011e-16 0)
(3 1.101498561e-15 0)
(3 -1.937999193e-15 0)
(3 -3.934593449e-15 0)
(3 -5.509623123e-16 0)
(3 1.132148528e-15 0)
(3 2.651075716e-15 0)
(3 4.087378989e-15 0)
(3 4.744673639e-15 0)
(3 5.066218845e-15 0)
(3 5.340518431e-15 0)
(3 5.380144508e-15 0)
(3 9.442111313e-17 0)
(3 -2.463116019e-16 0)
(3 -1.988662031e-16 0)
(3 -1.105643686e-15 0)
(3 -9.57343521e-16 0)
(3 6.930505967e-16 0)
(3 4.139984227e-16 0)
(3 2.904114914e-16 0)
(3 1.852442313e-15 0)
(3 2.800107156e-15 0)
(3 2.267725885e-15 0)
(3 1.154453858e-15 0)
(3 1.398693778e-16 0)
(3 7.554974679e-16 0)
(3 1.131376063e-15 0)
(3 6.892027222e-16 0)
(3 3.298616398e-16 0)
(3 9.84765527e-16 0)
(3 -6.757733667e-16 0)
(3 -3.576820402e-15 0)
(3 -5.048794618e-15 0)
(3 -8.230410746e-15 0)
(3 -6.903763744e-15 0)
(3 -5.941946203e-15 0)
(3 -3.960153054e-15 0)
(3 -3.769842794e-15 0)
(3 -2.240686569e-15 0)
(3 -8.063612199e-16 0)
(3 8.001081881e-16 0)
(3 3.015187396e-15 0)
(3 3.540859613e-15 0)
(3 3.323455759e-15 0)
(3 1.646226812e-15 0)
(3 -1.083975278e-15 0)
(3 -3.430407746e-16 0)
(3 -1.126151426e-15 0)
(3 -1.099099412e-15 0)
(3 -1.669629384e-15 0)
(3 -7.425695895e-16 0)
(3 -1.265124828e-16 0)
(3 -6.243759506e-16 0)
(3 -2.310034613e-15 0)
(3 -4.823536638e-15 0)
(3 -5.374496615e-15 0)
(3 -4.944098291e-15 0)
(3 -4.113315082e-15 0)
(3 -1.11140019e-17 0)
(3 2.276362618e-15 0)
(3 2.837425403e-15 0)
(3 3.040192504e-15 0)
(3 3.916032696e-15 0)
(3 4.071342605e-15 0)
(3 2.871725122e-15 0)
(3 2.689287926e-15 0)
(3 3.482684875e-15 0)
(3 3.751245115e-15 0)
(3 3.395531125e-15 0)
(3 2.85602e-15 0)
(3 1.917897387e-15 0)
(3 2.762813334e-15 0)
(3 3.336215215e-15 0)
(3 5.261805236e-15 0)
(3 4.524071087e-15 0)
(3 3.601735259e-15 0)
(3 3.611207416e-15 0)
(3 5.547029333e-15 0)
(3 5.615878986e-15 0)
(3 4.914296704e-16 0)
(3 8.759307335e-16 0)
(3 9.402728118e-16 0)
(3 3.197766814e-15 0)
(3 2.818030674e-15 0)
(3 2.653622851e-15 0)
(3 1.486332046e-15 0)
(3 1.204566524e-15 0)
(3 2.199421522e-15 0)
(3 1.207952818e-15 0)
(3 -5.44955606e-16 0)
(3 -5.453437034e-16 0)
(3 -1.231163176e-15 0)
(3 -1.296549419e-15 0)
(3 -1.521892707e-15 0)
(3 -1.066211018e-15 0)
(3 -4.153184993e-16 0)
(3 -2.208311936e-17 0)
(3 -2.371613795e-15 0)
(3 -3.446665681e-15 0)
(3 -3.988110793e-15 0)
(3 -4.655561855e-15 0)
(3 -4.886919434e-15 0)
(3 -6.062377821e-15 0)
(3 -4.811940556e-15 0)
(3 -3.394281711e-15 0)
(3 -8.0511804e-16 0)
(3 9.102387197e-17 0)
(3 6.823875702e-16 0)
(3 8.463456612e-16 0)
(3 8.565602233e-16 0)
(3 7.520482171e-16 0)
(3 1.195592315e-15 0)
(3 -2.26073805e-15 0)
(3 -2.139276173e-15 0)
(3 -2.526325804e-15 0)
(3 -2.195430997e-15 0)
(3 -2.421034257e-15 0)
(3 -2.180930283e-15 0)
(3 -1.073118542e-15 0)
(3 -2.551496974e-15 0)
(3 -3.751679434e-15 0)
(3 -4.332670219e-15 0)
(3 -5.386465662e-15 0)
(3 -6.359092619e-15 0)
(3 -5.483294426e-15 0)
(3 -4.195467417e-15 0)
(3 3.619813719e-15 0)
(3 4.393598453e-15 0)
(3 2.70345951e-15 0)
(3 3.472883441e-15 0)
(3 4.140730523e-15 0)
(3 4.084328529e-15 0)
(3 3.464113568e-15 0)
(3 4.078709632e-15 0)
(3 1.541656809e-15 0)
(3 9.033602242e-16 0)
(3 3.70607526e-15 0)
(3 6.77578783e-15 0)
(3 5.731361136e-15 0)
(3 5.055260059e-15 0)
(3 4.360027201e-15 0)
(3 2.746969304e-15 0)
(3 1.786065695e-15 0)
(3 5.723298222e-16 0)
(3 1.279142192e-15 0)
(3 2.544134185e-15 0)
(3 -2.403671333e-16 0)
(3 3.240733407e-16 0)
(3 7.82152247e-16 0)
(3 3.269212308e-15 0)
(3 4.610092565e-15 0)
(3 4.23301698e-15 0)
(3 3.436083864e-15 0)
(3 3.437247263e-15 0)
(3 2.16976443e-15 0)
(3 1.798736674e-15 0)
(3 1.799697159e-15 0)
(3 2.190810884e-15 0)
(3 1.210825448e-15 0)
(3 -1.162197348e-15 0)
(3 -1.819989838e-15 0)
(3 -1.499894961e-15 0)
(3 -3.855220496e-16 0)
(3 -1.065123266e-15 0)
(3 -1.587851164e-15 0)
(3 -6.823216978e-16 0)
(3 -2.448692082e-16 0)
(3 -1.746285497e-15 0)
(3 -3.424555609e-15 0)
(3 -5.263563815e-15 0)
(3 -5.058155165e-15 0)
(3 -2.683632401e-15 0)
(3 -1.199783951e-16 0)
(3 -2.037181291e-16 0)
(3 -4.846996876e-16 0)
(3 4.575502468e-16 0)
(3 6.938832035e-18 0)
(3 4.896102999e-16 0)
(3 -1.181901045e-16 0)
(3 -2.344570006e-16 0)
(3 -3.959874745e-15 0)
(3 -5.108565103e-15 0)
(3 -4.677504421e-15 0)
(3 -3.034668502e-15 0)
(3 -1.612337244e-15 0)
(3 -2.197538555e-15 0)
(3 -2.609678936e-15 0)
(3 -4.230751032e-15 0)
(3 -3.672733651e-15 0)
(3 -3.815475527e-15 0)
(3 -4.380943497e-15 0)
(3 -5.053022756e-15 0)
(3 -4.723525487e-15 0)
(3 -9.658130896e-16 0)
(3 9.541285868e-16 0)
(3 2.020326745e-15 0)
(3 3.08595885e-15 0)
(3 4.678295509e-15 0)
(3 5.156798651e-15 0)
(3 4.011870404e-15 0)
(3 1.002644053e-15 0)
(3 1.28879655e-15 0)
(3 1.141678767e-15 0)
(3 1.989894564e-15 0)
(3 1.042297053e-15 0)
(3 -3.785356056e-17 0)
(3 -4.098848291e-16 0)
(3 -1.050252607e-15 0)
(3 8.228586343e-16 0)
(3 1.622089176e-15 0)
(3 1.345454638e-15 0)
(3 4.854875865e-16 0)
(3 1.633069304e-16 0)
(3 -2.815499674e-16 0)
(3 2.171788828e-15 0)
(3 2.411142382e-15 0)
(3 1.826897802e-15 0)
(3 1.368744828e-15 0)
(3 2.128259391e-15 0)
(3 1.421155968e-15 0)
(3 -2.888702492e-16 0)
(3 -4.827797372e-16 0)
(3 5.476700161e-16 0)
(3 3.005310144e-15 0)
(3 4.602424773e-15 0)
(3 3.420793703e-15 0)
(3 8.152434514e-16 0)
(3 2.332553896e-16 0)
(3 -1.19124087e-15 0)
(3 -1.808407477e-15 0)
(3 -2.090016074e-15 0)
(3 -1.821033639e-15 0)
(3 -7.537767204e-16 0)
(3 5.939843468e-16 0)
(3 -1.465949365e-15 0)
(3 -3.498227495e-15 0)
(3 -2.709744155e-15 0)
(3 -1.731974565e-15 0)
(3 1.518020768e-16 0)
(3 2.081239206e-15 0)
(3 1.310366425e-15 0)
(3 -1.318289783e-16 0)
(3 2.805849817e-16 0)
(3 1.686599227e-15 0)
(3 1.816987962e-15 0)
(3 1.501346863e-15 0)
(3 -4.004720885e-16 0)
(3 -2.442575424e-15 0)
(3 -1.886519303e-15 0)
(3 -2.419913716e-15 0)
(3 -2.209748498e-15 0)
(3 -2.683166504e-15 0)
(3 -4.836540685e-15 0)
(3 -5.343377993e-15 0)
(3 -4.453137397e-15 0)
(3 -3.392051424e-15 0)
(3 -2.241060466e-15 0)
(3 -2.33662572e-15 0)
(3 -2.281194881e-15 0)
(3 -2.500975232e-15 0)
(3 -3.443844932e-15 0)
(3 -2.761363249e-15 0)
(3 2.642202841e-15 0)
(3 4.5974788e-15 0)
(3 6.580798473e-15 0)
(3 7.861600303e-15 0)
(3 6.410230902e-15 0)
(3 3.647925536e-15 0)
(3 1.332809031e-15 0)
(3 -5.403152777e-16 0)
(3 -1.260832192e-15 0)
(3 -1.364713133e-15 0)
(3 -1.098892872e-15 0)
(3 -1.89470296e-15 0)
(3 -1.234610168e-16 0)
(3 1.165666472e-15 0)
(3 2.220818331e-15 0)
(3 1.755533983e-15 0)
(3 -4.373982176e-16 0)
(3 -1.043351856e-15 0)
(3 6.835847285e-17 0)
(3 1.670210552e-15 0)
(3 1.701078616e-15 0)
(3 7.993629454e-16 0)
(3 -2.436355585e-16 0)
(3 -1.424440013e-15 0)
(3 -1.545985394e-15 0)
(3 -2.347511786e-15 0)
(3 -1.563142446e-15 0)
(3 -4.8089187e-16 0)
(3 9.063974505e-16 0)
(3 9.587230981e-16 0)
(3 1.417741358e-16 0)
(3 2.021641046e-16 0)
(3 -5.193282667e-16 0)
(3 -6.46356376e-16 0)
(3 -2.626147682e-15 0)
(3 -2.330371842e-15 0)
(3 -1.697533505e-15 0)
(3 -1.383009993e-15 0)
(3 7.816473503e-16 0)
(3 1.314015462e-15 0)
(3 1.386325241e-15 0)
(3 2.548064447e-15 0)
(3 3.111133561e-15 0)
(3 2.690967611e-15 0)
(3 2.553239622e-15 0)
(3 2.07870771e-15 0)
(3 2.15613129e-15 0)
(3 1.264644441e-15 0)
(3 1.738184025e-15 0)
(3 2.099445514e-15 0)
(3 3.336037313e-15 0)
(3 3.779208503e-15 0)
(3 3.749329282e-15 0)
(3 2.697165048e-15 0)
(3 2.263774272e-15 0)
(3 1.236916515e-15 0)
(3 -1.556981079e-15 0)
(3 -1.569321181e-15 0)
(3 -1.270029171e-15 0)
(3 -9.922738795e-16 0)
(3 -1.235209692e-15 0)
(3 -1.503585617e-15 0)
(3 -2.04142229e-15 0)
(3 -2.669943827e-15 0)
(3 -3.529920031e-15 0)
(3 -5.46866008e-15 0)
(3 -4.156129247e-15 0)
(3 -7.996630146e-16 0)
(3 2.36062534e-15 0)
(3 5.626939389e-15 0)
(3 1.007786083e-14 0)
(3 9.414160098e-15 0)
(3 8.247256357e-15 0)
(3 4.683738923e-15 0)
(3 1.653831819e-15 0)
(3 -7.019497135e-16 0)
(3 -1.544238941e-15 0)
(3 -1.901114865e-15 0)
(3 -2.608711332e-16 0)
(3 1.617398807e-15 0)
(3 8.048522233e-16 0)
(3 -1.902733531e-16 0)
(3 1.426596529e-16 0)
(3 -5.632897985e-16 0)
(3 1.825455027e-15 0)
(3 -3.478175841e-16 0)
(3 3.8260229e-16 0)
(3 -2.247840487e-17 0)
(3 3.269225692e-16 0)
(3 -2.08773962e-17 0)
(3 -2.630853886e-15 0)
(3 -3.669619919e-15 0)
(3 -1.880344777e-15 0)
(3 -6.969604547e-16 0)
(3 7.55538714e-17 0)
(3 1.064197463e-16 0)
(3 -1.159372354e-15 0)
(3 -2.245087253e-15 0)
(3 -1.684016367e-15 0)
(3 -1.980154669e-15 0)
(3 -1.58444709e-15 0)
(3 -2.104431783e-15 0)
(3 -2.945945378e-15 0)
(3 -2.15873889e-15 0)
(3 -1.493064153e-15 0)
(3 -5.057075082e-16 0)
(3 1.621173741e-15 0)
(3 3.549571862e-15 0)
(3 4.075561729e-15 0)
(3 4.384125477e-15 0)
(3 3.344822452e-15 0)
(3 2.345470679e-15 0)
(3 2.505523018e-15 0)
(3 3.239951259e-15 0)
(3 2.812539677e-15 0)
(3 2.572050975e-15 0)
(3 3.344661388e-15 0)
(3 4.344131624e-15 0)
(3 6.73198659e-15 0)
(3 6.787109172e-15 0)
(3 3.718602221e-15 0)
(3 1.584738425e-15 0)
(3 -8.07381425e-17 0)
(3 -1.600077898e-15 0)
(3 -3.469193202e-16 0)
(3 1.339146113e-15 0)
(3 1.239039958e-15 0)
(3 -1.501059707e-15 0)
(3 -2.936627551e-15 0)
(3 -4.483625174e-15 0)
(3 -7.286895677e-15 0)
(3 -5.294191516e-15 0)
(3 -5.167014878e-15 0)
(3 -4.851219697e-15 0)
(3 -3.069277025e-15 0)
(3 -7.436228027e-16 0)
(3 4.724545253e-15 0)
(3 5.694664875e-15 0)
(3 7.128883919e-15 0)
(3 7.939880459e-15 0)
(3 8.136954389e-15 0)
(3 5.025954009e-15 0)
(3 2.836311542e-15 0)
(3 -1.804342161e-16 0)
(3 -1.662161321e-15 0)
(3 -1.054796724e-15 0)
(3 -9.715091773e-16 0)
(3 -5.763289207e-16 0)
(3 -7.769463025e-16 0)
(3 -1.002058602e-15 0)
(3 -7.564507436e-17 0)
(3 3.004210195e-17 0)
(3 1.831571054e-16 0)
(3 6.807713469e-16 0)
(3 8.310031363e-16 0)
(3 -6.708400786e-16 0)
(3 -2.718070518e-16 0)
(3 -1.082316624e-16 0)
(3 -2.628877959e-15 0)
(3 -2.016443078e-15 0)
(3 -1.628664673e-15 0)
(3 -8.805335381e-16 0)
(3 -2.657330102e-15 0)
(3 -3.805657739e-15 0)
(3 -4.726084111e-15 0)
(3 -3.520520726e-15 0)
(3 -2.033995905e-15 0)
(3 -2.834748423e-15 0)
(3 -3.565091492e-15 0)
(3 -4.946387887e-15 0)
(3 -2.773463449e-15 0)
(3 -1.09592352e-15 0)
(3 -1.46516268e-15 0)
(3 2.346255709e-15 0)
(3 5.400295429e-15 0)
(3 5.274664201e-15 0)
(3 3.692136061e-15 0)
(3 3.28700078e-15 0)
(3 7.494838185e-16 0)
(3 1.10613038e-15 0)
(3 1.165132361e-15 0)
(3 1.010575106e-15 0)
(3 1.964556457e-15 0)
(3 3.958844952e-15 0)
(3 3.086562101e-15 0)
(3 4.384610518e-15 0)
(3 6.097242624e-15 0)
(3 4.743060587e-15 0)
(3 2.873282809e-15 0)
(3 1.040856255e-15 0)
(3 1.405779381e-15 0)
(3 1.188924853e-15 0)
(3 1.924647201e-15 0)
(3 1.41560807e-15 0)
(3 -5.46557539e-18 0)
(3 -1.309604548e-15 0)
(3 -3.597845027e-15 0)
(3 -6.784633294e-15 0)
(3 -5.535715657e-15 0)
(3 -3.651328515e-15 0)
(3 -1.735447203e-15 0)
(3 7.313803823e-17 0)
(3 -2.059656005e-16 0)
(3 4.195214056e-15 0)
(3 3.659166611e-15 0)
(3 4.005594515e-15 0)
(3 4.313769163e-15 0)
(3 4.528491402e-15 0)
(3 3.448971527e-15 0)
(3 2.161815106e-16 0)
(3 -7.992815562e-16 0)
(3 -1.456347939e-15 0)
(3 -2.193899036e-15 0)
(3 -1.307402729e-15 0)
(3 -1.965250603e-15 0)
(3 -2.861192737e-17 0)
(3 -1.223393797e-15 0)
(3 -1.111577961e-15 0)
(3 -1.478111288e-15 0)
(3 3.264509989e-16 0)
(3 6.54575021e-16 0)
(3 1.496731129e-15 0)
(3 2.570234536e-16 0)
(3 -3.923026288e-16 0)
(3 1.322621285e-15 0)
(3 2.145198156e-15 0)
(3 8.638770804e-16 0)
(3 -8.878809058e-16 0)
(3 -3.365500278e-15 0)
(3 -4.664367103e-15 0)
(3 -3.791380348e-15 0)
(3 -3.012362586e-15 0)
(3 -2.617811792e-15 0)
(3 -3.09396698e-15 0)
(3 -2.790407812e-15 0)
(3 -4.791550215e-15 0)
(3 -4.170707121e-15 0)
(3 -7.574079377e-16 0)
(3 1.39149158e-15 0)
(3 1.761769314e-15 0)
(3 2.513351311e-15 0)
(3 3.681386109e-15 0)
(3 4.954030592e-15 0)
(3 4.287235679e-15 0)
(3 3.844561471e-15 0)
(3 3.10068108e-15 0)
(3 2.769525176e-15 0)
(3 1.166900827e-15 0)
(3 1.308992241e-15 0)
(3 2.456100108e-15 0)
(3 2.279884574e-15 0)
(3 2.39312266e-15 0)
(3 1.610190879e-15 0)
(3 1.122227643e-15 0)
(3 2.340901738e-15 0)
(3 3.54293273e-15 0)
(3 2.881135955e-15 0)
(3 1.331366423e-15 0)
(3 9.702299035e-16 0)
(3 -1.072614173e-15 0)
(3 -1.619018473e-15 0)
(3 -2.290736192e-15 0)
(3 -1.562047039e-15 0)
)
;

boundaryField
{
    inlet
    {
        type            fixedValue;
        value           uniform (3 0 0);
    }
    outlet
    {
        type            inletOutlet;
        inletValue      nonuniform 0();
        value           nonuniform 0();
    }
    bottom
    {
        type            slip;
    }
    top
    {
        type            slip;
    }
    obstacle
    {
        type            slip;
    }
    defaultFaces
    {
        type            empty;
    }
    procBoundary18to12
    {
        type            processor;
        value           nonuniform List<vector> 
68
(
(3 2.560782545e-15 0)
(3 2.656027861e-15 0)
(3 2.297838585e-15 0)
(3 2.007365294e-15 0)
(3 1.278655621e-15 0)
(3 -4.038213189e-16 0)
(3 -1.052005891e-16 0)
(3 3.155895856e-16 0)
(3 -1.147412531e-15 0)
(3 -1.551600622e-15 0)
(3 -2.510523449e-15 0)
(3 -2.423309881e-15 0)
(3 -1.639411982e-15 0)
(3 -2.091620263e-16 0)
(3 1.011082899e-15 0)
(3 3.544848485e-16 0)
(3 9.5469349e-16 0)
(3 3.094189867e-15 0)
(3 3.90434624e-15 0)
(3 5.74196578e-15 0)
(3 7.12320979e-15 0)
(3 4.695805645e-15 0)
(3 2.645156728e-15 0)
(3 -1.955391894e-15 0)
(3 -2.814590725e-15 0)
(3 -2.909602626e-15 0)
(3 -1.0954326e-15 0)
(3 4.710845649e-16 0)
(3 7.252678484e-16 0)
(3 4.518014962e-15 0)
(3 5.286480646e-15 0)
(3 4.017376115e-15 0)
(3 3.436873879e-15 0)
(3 8.926210332e-16 0)
(3 -4.4093273e-16 0)
(3 3.968994394e-16 0)
(3 3.361839738e-16 0)
(3 -2.20315248e-16 0)
(3 -1.368041729e-15 0)
(3 6.138429717e-16 0)
(3 3.952246322e-16 0)
(3 -1.000776974e-15 0)
(3 -8.025340663e-16 0)
(3 -8.486341869e-16 0)
(3 3.536538459e-16 0)
(3 1.126874448e-15 0)
(3 5.870285226e-16 0)
(3 1.035744859e-15 0)
(3 1.666798838e-15 0)
(3 5.091269871e-16 0)
(3 -7.35545037e-16 0)
(3 -4.94938072e-16 0)
(3 1.145787812e-16 0)
(3 -1.069820911e-15 0)
(3 -2.329343497e-15 0)
(3 -3.451414734e-15 0)
(3 -4.062230415e-15 0)
(3 -3.564094874e-15 0)
(3 -3.256554983e-15 0)
(3 -1.617582351e-15 0)
(3 -3.280348157e-16 0)
(3 -1.920873534e-15 0)
(3 -2.165303013e-15 0)
(3 -1.10849732e-15 0)
(3 7.02017192e-16 0)
(3 1.524595181e-15 0)
(3 2.126823272e-16 0)
(3 2.126823272e-16 0)
)
;
    }
    procBoundary18to19
    {
        type            processor;
        value           nonuniform List<vector> 
33
(
(3 8.198363701e-17 0)
(3 2.214410763e-15 0)
(3 1.343831171e-15 0)
(3 -1.372984019e-15 0)
(3 -4.493880781e-16 0)
(3 1.59843141e-15 0)
(3 2.767845854e-15 0)
(3 1.204493878e-15 0)
(3 2.473405197e-17 0)
(3 -5.087443716e-16 0)
(3 -6.758143587e-16 0)
(3 -1.139421642e-15 0)
(3 -2.284447653e-15 0)
(3 1.756609582e-16 0)
(3 -3.516506043e-15 0)
(3 -3.576488121e-15 0)
(3 1.231268487e-15 0)
(3 9.072288682e-16 0)
(3 -2.702064137e-15 0)
(3 -1.897878434e-15 0)
(3 5.239507782e-16 0)
(3 -2.379726046e-16 0)
(3 -7.270093107e-16 0)
(3 4.446329288e-15 0)
(3 4.47759121e-15 0)
(3 5.111139108e-15 0)
(3 5.732514656e-15 0)
(3 3.504193658e-15 0)
(3 1.266048912e-15 0)
(3 4.25811691e-17 0)
(3 1.973412194e-15 0)
(3 -3.453901094e-16 0)
(3 -3.587686225e-15 0)
)
;
    }
    procBoundary18to24
    {
        type            processor;
        value           nonuniform List<vector> 
68
(
(3 -1.017455549e-15 0)
(3 -1.536993994e-16 0)
(3 -3.549856253e-15 0)
(3 -2.936145473e-15 0)
(3 -1.493577474e-15 0)
(3 -4.673061153e-16 0)
(3 4.147458774e-16 0)
(3 1.220398653e-15 0)
(3 3.370471097e-15 0)
(3 3.005027445e-15 0)
(3 2.776870685e-15 0)
(3 3.479382259e-15 0)
(3 3.622677771e-15 0)
(3 2.313368219e-15 0)
(3 1.885628286e-15 0)
(3 1.341523131e-15 0)
(3 5.809311247e-16 0)
(3 -8.432961399e-16 0)
(3 -3.999251938e-15 0)
(3 -3.835931791e-15 0)
(3 -1.238982169e-15 0)
(3 4.268033306e-16 0)
(3 1.134355336e-15 0)
(3 -5.618190373e-16 0)
(3 -2.038228777e-17 0)
(3 -1.963737102e-15 0)
(3 -1.625332887e-15 0)
(3 -1.523112976e-15 0)
(3 -5.296011168e-16 0)
(3 1.029788468e-15 0)
(3 1.528022462e-15 0)
(3 8.37277304e-16 0)
(3 -7.479002017e-16 0)
(3 -1.759214681e-15 0)
(3 1.491682813e-15 0)
(3 1.739993124e-15 0)
(3 1.531981116e-15 0)
(3 1.014921634e-15 0)
(3 -2.07079872e-15 0)
(3 -3.422837209e-15 0)
(3 -1.884962252e-15 0)
(3 -1.730012932e-15 0)
(3 -8.617438071e-16 0)
(3 -3.537432414e-16 0)
(3 3.839841303e-16 0)
(3 7.929633413e-16 0)
(3 2.103336283e-15 0)
(3 3.516599222e-15 0)
(3 2.832639504e-15 0)
(3 4.177069131e-15 0)
(3 4.760494676e-15 0)
(3 2.721954073e-15 0)
(3 1.940313661e-15 0)
(3 1.566164035e-15 0)
(3 2.003243245e-15 0)
(3 2.861410535e-15 0)
(3 2.314823213e-15 0)
(3 1.719713259e-15 0)
(3 3.285636156e-15 0)
(3 3.329047965e-15 0)
(3 1.725165912e-15 0)
(3 7.167782495e-16 0)
(3 1.446059018e-15 0)
(3 1.912659647e-16 0)
(3 4.843597266e-16 0)
(3 -1.681799847e-16 0)
(3 -1.017455549e-15 0)
(3 1.832346852e-16 0)
)
;
    }
}


// ************************************************************************* //
