/*--------------------------------*- C++ -*----------------------------------*\
  =========                 |
  \\      /  F ield         | OpenFOAM: The Open Source CFD Toolbox
   \\    /   O peration     | Website:  https://openfoam.org
    \\  /    A nd           | Version:  7
     \\/     M anipulation  |
\*---------------------------------------------------------------------------*/
FoamFile
{
    version     2.0;
    format      ascii;
    class       volVectorField;
    location    "4.3";
    object      U;
}
// * * * * * * * * * * * * * * * * * * * * * * * * * * * * * * * * * * * * * //

dimensions      [0 1 -1 0 0 0 0];

internalField   nonuniform List<vector> 
2222
(
(3 1.366030165e-15 0)
(3 2.690995139e-15 0)
(3 3.53564626e-15 0)
(3 4.49540346e-15 0)
(3 4.02243279e-15 0)
(3 2.996572625e-15 0)
(3 2.203058864e-15 0)
(3 7.032426223e-16 0)
(3 7.485977236e-16 0)
(3 1.473615391e-15 0)
(3 2.000769983e-15 0)
(3 1.675292508e-15 0)
(3 1.921839284e-15 0)
(3 3.985420896e-16 0)
(3 7.689452387e-18 0)
(3 1.490834505e-15 0)
(3 3.329853761e-15 0)
(3 3.826377889e-15 0)
(3 4.535852403e-15 0)
(3 5.401653562e-15 0)
(3 4.869581866e-15 0)
(3 4.034604859e-15 0)
(3 2.891021404e-15 0)
(3 9.67610243e-17 0)
(3 7.729548564e-16 0)
(3 2.001069447e-15 0)
(3 1.708708283e-15 0)
(3 2.12251406e-15 0)
(3 9.168505106e-16 0)
(3 4.850456025e-16 0)
(3 6.752937887e-16 0)
(3 2.442949181e-15 0)
(3 2.081554968e-15 0)
(3 1.657526808e-15 0)
(3 6.513271623e-17 0)
(3 -4.246748672e-16 0)
(3 -3.176621713e-17 0)
(3 7.708710704e-16 0)
(3 6.660009544e-16 0)
(3 3.32769491e-16 0)
(3 -1.316886312e-15 0)
(3 -1.928814064e-15 0)
(3 -1.359575724e-15 0)
(3 -2.435524329e-15 0)
(3 -2.164985748e-15 0)
(3 -1.386642489e-15 0)
(3 -1.715406298e-15 0)
(3 -6.55125315e-16 0)
(3 -1.793106624e-15 0)
(3 -3.544046692e-15 0)
(3 -3.288577922e-15 0)
(3 -2.670056291e-15 0)
(3 -1.319150434e-15 0)
(3 -5.40599607e-16 0)
(3 -1.056960797e-15 0)
(3 -1.540207591e-15 0)
(3 -1.376801876e-15 0)
(3 1.879653737e-16 0)
(3 6.436084828e-16 0)
(3 -3.2715834e-16 0)
(3 1.363851125e-15 0)
(3 1.729674117e-15 0)
(3 1.396392649e-15 0)
(3 5.208202951e-16 0)
(3 1.149025746e-15 0)
(3 2.77183093e-16 0)
(3 -1.02312752e-15 0)
(3 -1.782116314e-16 0)
(3 4.388414324e-17 0)
(3 1.329181069e-15 0)
(3 3.612906467e-15 0)
(3 3.476088919e-15 0)
(3 2.120614732e-15 0)
(3 1.487363333e-15 0)
(3 2.492018718e-15 0)
(3 2.538356541e-15 0)
(3 3.004613891e-15 0)
(3 3.760890021e-15 0)
(3 4.607500094e-15 0)
(3 4.961474419e-15 0)
(3 2.627703032e-15 0)
(3 9.573765724e-16 0)
(3 2.071818609e-15 0)
(3 8.931963214e-16 0)
(3 2.998566563e-15 0)
(3 3.522121397e-15 0)
(3 3.680745202e-15 0)
(3 4.755801167e-15 0)
(3 4.848538316e-15 0)
(3 4.036653456e-15 0)
(3 1.97785659e-15 0)
(3 4.206522316e-15 0)
(3 3.328821108e-15 0)
(3 2.247317359e-15 0)
(3 1.242766694e-15 0)
(3 6.258073356e-17 0)
(3 1.204577968e-16 0)
(3 -3.996121337e-16 0)
(3 -5.057971491e-16 0)
(3 -4.688640361e-16 0)
(3 1.308359986e-16 0)
(3 1.521307987e-16 0)
(3 7.636845987e-16 0)
(3 1.177120231e-15 0)
(3 1.283329933e-15 0)
(3 8.537605345e-16 0)
(3 -1.808008923e-15 0)
(3 -2.41301129e-15 0)
(3 -2.282888919e-15 0)
(3 -3.196268648e-15 0)
(3 -4.443986602e-15 0)
(3 -5.134744688e-15 0)
(3 -2.622108188e-15 0)
(3 1.185342458e-16 0)
(3 2.213990286e-15 0)
(3 7.682870567e-16 0)
(3 -1.383211783e-15 0)
(3 -3.404159152e-15 0)
(3 -2.665595168e-15 0)
(3 -1.498482536e-15 0)
(3 -2.185711444e-15 0)
(3 -1.412983592e-15 0)
(3 -3.245125597e-15 0)
(3 -2.817341549e-15 0)
(3 -9.811380826e-16 0)
(3 -6.650098423e-16 0)
(3 -1.284018718e-15 0)
(3 -1.618584381e-15 0)
(3 -7.963927152e-16 0)
(3 2.330770409e-16 0)
(3 -1.239354922e-15 0)
(3 -2.226271111e-15 0)
(3 -2.566879093e-15 0)
(3 -2.811347604e-15 0)
(3 -2.486103673e-15 0)
(3 1.485564126e-16 0)
(3 1.567171078e-15 0)
(3 2.328092049e-15 0)
(3 1.21214991e-15 0)
(3 3.691913914e-16 0)
(3 1.175315291e-16 0)
(3 6.582133093e-16 0)
(3 2.444065511e-15 0)
(3 2.251451432e-15 0)
(3 3.288975754e-15 0)
(3 5.362868785e-15 0)
(3 4.394102943e-15 0)
(3 4.792945705e-15 0)
(3 4.157758036e-15 0)
(3 3.734345886e-15 0)
(3 3.822227325e-15 0)
(3 3.073735675e-15 0)
(3 3.402465173e-15 0)
(3 2.573396933e-15 0)
(3 3.816611363e-15 0)
(3 4.02850175e-15 0)
(3 4.212872737e-15 0)
(3 -3.655490511e-16 0)
(3 -5.283874987e-16 0)
(3 9.081954332e-17 0)
(3 -1.09006512e-16 0)
(3 -3.249576915e-16 0)
(3 -1.150223937e-16 0)
(3 -5.223170833e-16 0)
(3 -6.874011031e-16 0)
(3 -7.90131884e-16 0)
(3 -5.282268524e-16 0)
(3 -7.509438781e-16 0)
(3 1.205351232e-16 0)
(3 8.976677622e-16 0)
(3 1.963555057e-15 0)
(3 7.157375334e-16 0)
(3 -1.63110903e-15 0)
(3 -5.167188949e-16 0)
(3 2.595617036e-16 0)
(3 2.259409525e-16 0)
(3 -2.027452661e-15 0)
(3 -1.878096872e-15 0)
(3 -1.702854458e-15 0)
(3 -5.232367625e-16 0)
(3 2.041966017e-15 0)
(3 2.0293005e-15 0)
(3 1.834622682e-15 0)
(3 1.460749902e-15 0)
(3 -1.096110514e-15 0)
(3 -1.662004075e-15 0)
(3 -2.380682729e-15 0)
(3 -2.96268494e-15 0)
(3 -2.869910083e-15 0)
(3 -3.391466066e-15 0)
(3 -3.168795476e-15 0)
(3 -2.852327165e-15 0)
(3 -2.786038024e-15 0)
(3 -3.762447795e-15 0)
(3 -4.402661337e-15 0)
(3 -2.988320679e-15 0)
(3 -2.038089141e-15 0)
(3 -1.970260091e-15 0)
(3 -3.71321505e-15 0)
(3 -4.164098433e-15 0)
(3 -2.391784923e-15 0)
(3 -2.147263565e-15 0)
(3 -7.677839821e-16 0)
(3 -2.905153964e-17 0)
(3 1.934700076e-15 0)
(3 1.680697665e-15 0)
(3 8.394687513e-16 0)
(3 -3.829307302e-16 0)
(3 1.359376881e-17 0)
(3 5.821318902e-17 0)
(3 7.110222875e-16 0)
(3 2.135839835e-15 0)
(3 2.845562286e-15 0)
(3 2.842038651e-15 0)
(3 3.106254023e-15 0)
(3 4.490785614e-15 0)
(3 3.789088046e-15 0)
(3 3.835953317e-15 0)
(3 4.002523679e-15 0)
(3 3.439945629e-15 0)
(3 1.776845446e-15 0)
(3 1.801920474e-16 0)
(3 -1.816673827e-16 0)
(3 5.218474621e-16 0)
(3 -4.56654473e-16 0)
(3 -9.125622221e-16 0)
(3 -2.829894918e-16 0)
(3 -2.050368923e-16 0)
(3 1.281674415e-15 0)
(3 1.505384214e-15 0)
(3 2.223413357e-15 0)
(3 3.459479605e-15 0)
(3 2.688316715e-15 0)
(3 1.284491024e-15 0)
(3 2.418252282e-15 0)
(3 3.35062165e-15 0)
(3 3.342323339e-15 0)
(3 3.601961906e-15 0)
(3 3.744643064e-16 0)
(3 -1.650163107e-15 0)
(3 -6.07891656e-16 0)
(3 -6.100666753e-16 0)
(3 -1.913909043e-15 0)
(3 -5.5290659e-16 0)
(3 7.250805997e-16 0)
(3 1.803494646e-15 0)
(3 1.292058447e-16 0)
(3 -3.081100923e-16 0)
(3 -2.029447153e-15 0)
(3 -2.403669356e-15 0)
(3 -3.456762997e-16 0)
(3 1.091933858e-15 0)
(3 -3.466346648e-16 0)
(3 -2.172336644e-15 0)
(3 -2.397048105e-15 0)
(3 -3.421226784e-15 0)
(3 -2.446693935e-15 0)
(3 -8.935180716e-16 0)
(3 -2.121770997e-15 0)
(3 -2.357280006e-15 0)
(3 -3.356821682e-15 0)
(3 -3.67576101e-15 0)
(3 -2.858210396e-15 0)
(3 -2.074177921e-15 0)
(3 -2.088759003e-15 0)
(3 -1.310179878e-15 0)
(3 -3.277791317e-15 0)
(3 -3.469368354e-15 0)
(3 -4.055151688e-15 0)
(3 -4.109037278e-15 0)
(3 -2.947435696e-15 0)
(3 -5.064473636e-16 0)
(3 1.896081799e-15 0)
(3 2.148169538e-15 0)
(3 1.448583733e-16 0)
(3 -2.7619639e-16 0)
(3 9.443526351e-16 0)
(3 1.29591815e-15 0)
(3 1.212584795e-15 0)
(3 1.476133604e-16 0)
(3 3.876862435e-16 0)
(3 1.377172196e-15 0)
(3 1.892650564e-15 0)
(3 2.732151861e-15 0)
(3 2.442348001e-15 0)
(3 2.665455212e-15 0)
(3 2.838490139e-15 0)
(3 4.5351643e-15 0)
(3 5.584488994e-15 0)
(3 5.614874258e-15 0)
(3 4.349734962e-15 0)
(3 2.963241359e-16 0)
(3 3.497199455e-16 0)
(3 -4.143380603e-18 0)
(3 8.594275841e-16 0)
(3 2.638753471e-15 0)
(3 2.291699999e-15 0)
(3 2.627957928e-15 0)
(3 1.139328255e-15 0)
(3 1.325531742e-15 0)
(3 4.468498639e-16 0)
(3 1.382788607e-15 0)
(3 1.652090513e-15 0)
(3 1.900769706e-15 0)
(3 1.008755266e-15 0)
(3 1.002328408e-16 0)
(3 7.217256272e-16 0)
(3 2.101897537e-16 0)
(3 -1.59060379e-17 0)
(3 9.606648584e-16 0)
(3 1.813466696e-15 0)
(3 4.058185986e-15 0)
(3 4.696482158e-15 0)
(3 3.014580832e-15 0)
(3 -1.955894412e-15 0)
(3 -2.77107251e-15 0)
(3 -3.044050907e-15 0)
(3 -2.081788687e-15 0)
(3 -1.234422649e-15 0)
(3 -2.511950792e-15 0)
(3 -4.575199981e-15 0)
(3 -4.470539129e-15 0)
(3 -3.857879353e-15 0)
(3 -3.03887423e-15 0)
(3 -2.36875775e-15 0)
(3 -1.374830425e-15 0)
(3 -1.570131112e-15 0)
(3 -1.657377744e-15 0)
(3 -1.472193336e-15 0)
(3 -2.20505448e-15 0)
(3 -2.080686789e-15 0)
(3 -2.399852741e-15 0)
(3 -3.003077083e-15 0)
(3 -4.189574201e-15 0)
(3 -4.619154761e-15 0)
(3 -2.750054379e-15 0)
(3 -5.885170029e-16 0)
(3 5.059149165e-16 0)
(3 -2.746903494e-16 0)
(3 4.712198185e-16 0)
(3 1.514501638e-15 0)
(3 1.026428043e-15 0)
(3 5.83083658e-16 0)
(3 9.210151058e-16 0)
(3 2.391805326e-16 0)
(3 -1.089893567e-15 0)
(3 -2.228655206e-15 0)
(3 -1.751419199e-15 0)
(3 -7.223505104e-16 0)
(3 4.239164111e-16 0)
(3 3.0718082e-15 0)
(3 5.017625671e-15 0)
(3 4.968415645e-15 0)
(3 4.412391599e-15 0)
(3 5.355209e-15 0)
(3 6.375189531e-15 0)
(3 7.870769754e-15 0)
(3 6.11067066e-15 0)
(3 1.159055694e-16 0)
(3 5.608006438e-16 0)
(3 6.662958619e-16 0)
(3 1.602837167e-15 0)
(3 1.977384423e-15 0)
(3 2.151518342e-15 0)
(3 1.597055584e-15 0)
(3 1.984625453e-15 0)
(3 2.417698036e-15 0)
(3 2.473000069e-15 0)
(3 1.541584357e-15 0)
(3 -8.215421089e-16 0)
(3 -1.277598185e-15 0)
(3 -1.316111376e-15 0)
(3 -1.183373384e-15 0)
(3 -4.34315092e-16 0)
(3 1.691407362e-15 0)
(3 3.717773725e-15 0)
(3 4.088988093e-15 0)
(3 5.885774203e-15 0)
(3 5.81744524e-15 0)
(3 3.625819328e-15 0)
(3 3.0924792e-15 0)
(3 1.313868468e-15 0)
(3 4.881723381e-16 0)
(3 9.434275061e-16 0)
(3 -2.593687547e-16 0)
(3 -1.204083565e-15 0)
(3 -1.843070575e-15 0)
(3 -1.773748982e-15 0)
(3 -3.271176791e-15 0)
(3 -2.678981618e-15 0)
(3 -1.673360349e-15 0)
(3 -2.088818071e-15 0)
(3 -3.375879251e-16 0)
(3 8.429098951e-17 0)
(3 4.327537399e-16 0)
(3 -2.227537653e-15 0)
(3 -2.950921086e-15 0)
(3 -2.875238864e-15 0)
(3 -3.443666315e-15 0)
(3 -3.813755576e-15 0)
(3 -3.801354076e-15 0)
(3 -2.277119503e-15 0)
(3 9.096180529e-16 0)
(3 1.093985013e-15 0)
(3 2.459576283e-15 0)
(3 6.965224999e-16 0)
(3 -1.141734989e-15 0)
(3 -6.521986006e-16 0)
(3 4.786109803e-16 0)
(3 9.095892756e-16 0)
(3 9.636891418e-16 0)
(3 -5.945852705e-17 0)
(3 -1.124915871e-15 0)
(3 -2.403005593e-15 0)
(3 -4.432176348e-15 0)
(3 -5.134420776e-15 0)
(3 -4.15231927e-15 0)
(3 -1.928745863e-15 0)
(3 2.495744444e-15 0)
(3 3.45890455e-15 0)
(3 3.509317446e-15 0)
(3 3.629455881e-15 0)
(3 2.062517392e-15 0)
(3 9.897994086e-16 0)
(3 3.500719652e-15 0)
(3 -8.533232426e-16 0)
(3 -1.327611198e-15 0)
(3 -6.330162818e-16 0)
(3 -2.871331662e-16 0)
(3 -1.172025218e-15 0)
(3 -1.676124733e-15 0)
(3 -9.084337264e-16 0)
(3 1.266471553e-15 0)
(3 2.430629586e-15 0)
(3 2.851806574e-15 0)
(3 2.880669029e-15 0)
(3 2.483679183e-15 0)
(3 4.23194336e-16 0)
(3 -7.458371991e-16 0)
(3 -9.953270833e-16 0)
(3 -7.820349842e-16 0)
(3 -1.491551978e-15 0)
(3 -1.09871954e-15 0)
(3 -3.966086722e-16 0)
(3 1.269012076e-15 0)
(3 7.901632168e-16 0)
(3 2.390273652e-17 0)
(3 7.619823764e-16 0)
(3 3.220805201e-15 0)
(3 1.925690079e-15 0)
(3 1.800686627e-15 0)
(3 7.558346584e-16 0)
(3 1.680466012e-15 0)
(3 2.6184239e-15 0)
(3 2.925983439e-15 0)
(3 1.220255581e-15 0)
(3 1.804187562e-15 0)
(3 2.159797335e-15 0)
(3 9.697163932e-16 0)
(3 -8.256043435e-16 0)
(3 -2.919332762e-16 0)
(3 -1.097371587e-16 0)
(3 -5.609873571e-16 0)
(3 -1.261273124e-15 0)
(3 -2.280719815e-15 0)
(3 -1.586648625e-15 0)
(3 1.450023662e-15 0)
(3 2.381326269e-15 0)
(3 2.135541978e-15 0)
(3 -2.775735159e-16 0)
(3 -2.461626259e-15 0)
(3 -2.400221794e-15 0)
(3 -1.986750335e-15 0)
(3 -1.481774409e-15 0)
(3 -1.245331767e-15 0)
(3 -1.685964867e-15 0)
(3 -1.451519183e-15 0)
(3 -1.521185368e-15 0)
(3 -2.125216347e-15 0)
(3 -1.595564477e-15 0)
(3 -3.386009559e-15 0)
(3 -2.857596655e-15 0)
(3 -1.602525909e-15 0)
(3 -3.62970699e-16 0)
(3 3.84406141e-16 0)
(3 1.336403298e-15 0)
(3 1.85026564e-15 0)
(3 2.133959245e-15 0)
(3 1.415865121e-15 0)
(3 -1.084210077e-15 0)
(3 -3.421929451e-15 0)
(3 -1.447108099e-15 0)
(3 -4.689515445e-16 0)
(3 -1.683045571e-15 0)
(3 -2.161815193e-15 0)
(3 -4.212423601e-15 0)
(3 -4.461873853e-15 0)
(3 -4.697381281e-15 0)
(3 -2.416791668e-15 0)
(3 -2.128337132e-15 0)
(3 -9.748832697e-16 0)
(3 1.265733265e-15 0)
(3 2.013873456e-16 0)
(3 -6.276261836e-16 0)
(3 -1.825720819e-15 0)
(3 -1.502649539e-15 0)
(3 -1.937020052e-15 0)
(3 -3.126659503e-15 0)
(3 -4.724266821e-15 0)
(3 -5.102418808e-15 0)
(3 -3.71831759e-15 0)
(3 -3.73582215e-15 0)
(3 -3.286906488e-15 0)
(3 -2.230119243e-15 0)
(3 -2.916560339e-15 0)
(3 -1.267498742e-16 0)
(3 2.308756008e-16 0)
(3 8.949609236e-16 0)
(3 1.497568746e-15 0)
(3 1.927619953e-15 0)
(3 3.337805991e-15 0)
(3 4.360560509e-15 0)
(3 4.900654254e-15 0)
(3 4.067428814e-15 0)
(3 3.504699295e-15 0)
(3 1.513916934e-15 0)
(3 1.388119156e-15 0)
(3 1.395342425e-15 0)
(3 5.954637023e-16 0)
(3 1.599290351e-15 0)
(3 -1.040841051e-15 0)
(3 -2.134677175e-15 0)
(3 -1.064437461e-15 0)
(3 2.0479509e-15 0)
(3 3.540176392e-15 0)
(3 2.525706344e-15 0)
(3 3.906036214e-16 0)
(3 -6.589508974e-16 0)
(3 -2.606739573e-15 0)
(3 -2.594750966e-15 0)
(3 -7.582548482e-16 0)
(3 -1.518358186e-15 0)
(3 -1.711571341e-15 0)
(3 -1.700022673e-15 0)
(3 -2.846529522e-15 0)
(3 -2.968142815e-15 0)
(3 -3.550262144e-15 0)
(3 -2.507917588e-15 0)
(3 3.149400686e-16 0)
(3 2.621238492e-15 0)
(3 3.51560289e-15 0)
(3 4.045631396e-15 0)
(3 4.382665525e-15 0)
(3 4.467067094e-15 0)
(3 1.559143077e-15 0)
(3 4.242460227e-16 0)
(3 -4.265549579e-16 0)
(3 -1.173813056e-16 0)
(3 1.256422994e-15 0)
(3 1.041409004e-15 0)
(3 1.183678839e-15 0)
(3 9.06099323e-16 0)
(3 -9.21255653e-16 0)
(3 -1.502451239e-15 0)
(3 -9.398705001e-16 0)
(3 -1.411646096e-15 0)
(3 -3.20385823e-15 0)
(3 -2.283024204e-15 0)
(3 -8.174419164e-16 0)
(3 -2.743889121e-15 0)
(3 -2.948902832e-15 0)
(3 -3.46967057e-15 0)
(3 -4.002342608e-15 0)
(3 -3.253701478e-15 0)
(3 -2.833042987e-15 0)
(3 -3.416622212e-15 0)
(3 -3.743390102e-15 0)
(3 -3.452766239e-15 0)
(3 -3.09193198e-16 0)
(3 5.020319067e-16 0)
(3 2.443658516e-16 0)
(3 -1.493206622e-15 0)
(3 -2.445115119e-15 0)
(3 -1.792112458e-15 0)
(3 5.849603009e-16 0)
(3 2.32524385e-15 0)
(3 2.775304477e-15 0)
(3 4.131637701e-15 0)
(3 6.020462467e-15 0)
(3 6.135830439e-15 0)
(3 4.238963364e-15 0)
(3 1.399305903e-15 0)
(3 1.25734573e-15 0)
(3 7.138813634e-16 0)
(3 1.383674455e-15 0)
(3 1.126423558e-15 0)
(3 2.597912372e-15 0)
(3 -3.59488548e-16 0)
(3 -2.738447674e-15 0)
(3 4.693741075e-16 0)
(3 1.238380606e-15 0)
(3 2.737356239e-15 0)
(3 3.747965015e-15 0)
(3 4.702520607e-15 0)
(3 4.424342846e-15 0)
(3 3.27769538e-15 0)
(3 2.236724541e-15 0)
(3 -1.345764256e-15 0)
(3 -4.025390159e-15 0)
(3 -3.920613883e-15 0)
(3 -4.26605046e-15 0)
(3 -2.994029168e-15 0)
(3 -7.039777021e-16 0)
(3 -6.246606507e-16 0)
(3 3.29328533e-15 0)
(3 3.445588764e-15 0)
(3 3.614686456e-15 0)
(3 4.841046162e-15 0)
(3 5.370106327e-15 0)
(3 6.748597018e-15 0)
(3 5.426778403e-15 0)
(3 1.918254943e-15 0)
(3 1.35305236e-16 0)
(3 8.662924689e-16 0)
(3 1.782323624e-15 0)
(3 1.523038491e-15 0)
(3 1.19488296e-16 0)
(3 1.043182193e-15 0)
(3 1.849581651e-15 0)
(3 2.503010523e-15 0)
(3 2.020666912e-16 0)
(3 -2.609375529e-16 0)
(3 -2.206017995e-15 0)
(3 -3.920972053e-15 0)
(3 -3.273400657e-15 0)
(3 -4.059886556e-15 0)
(3 -3.477872783e-15 0)
(3 -2.3784535e-15 0)
(3 -1.759852315e-15 0)
(3 -1.817827812e-15 0)
(3 -1.426255789e-15 0)
(3 -1.992538852e-15 0)
(3 -1.832160905e-15 0)
(3 7.527364944e-16 0)
(3 -1.70035325e-16 0)
(3 -4.991626791e-16 0)
(3 1.92914769e-16 0)
(3 8.116985855e-16 0)
(3 -2.62485159e-16 0)
(3 -7.032840106e-16 0)
(3 -7.16653121e-16 0)
(3 -4.656859163e-16 0)
(3 2.575947756e-15 0)
(3 5.43847622e-15 0)
(3 5.622364368e-15 0)
(3 6.685919903e-15 0)
(3 5.593313052e-15 0)
(3 5.252378044e-15 0)
(3 5.001591981e-15 0)
(3 5.562423466e-15 0)
(3 2.720044857e-15 0)
(3 1.693347265e-15 0)
(3 2.157026384e-15 0)
(3 1.812051159e-15 0)
(3 2.5538171e-15 0)
(3 1.09529568e-15 0)
(3 4.053280901e-15 0)
(3 4.971800926e-15 0)
(3 5.451540902e-15 0)
(3 5.566807509e-15 0)
(3 6.479658213e-15 0)
(3 6.564090043e-15 0)
(3 6.216568163e-15 0)
(3 3.981472931e-15 0)
(3 2.067617323e-15 0)
(3 2.125024732e-15 0)
(3 5.409667549e-16 0)
(3 1.126445033e-17 0)
(3 1.435999611e-15 0)
(3 2.361105858e-15 0)
(3 3.103286896e-15 0)
(3 4.36451626e-15 0)
(3 6.482826924e-15 0)
(3 6.94025591e-15 0)
(3 6.590397659e-15 0)
(3 6.853663605e-15 0)
(3 3.168715047e-15 0)
(3 1.625799119e-15 0)
(3 9.630082023e-16 0)
(3 -4.00219714e-16 0)
(3 -9.315229554e-16 0)
(3 -3.164834932e-16 0)
(3 -1.480370651e-16 0)
(3 1.172953806e-17 0)
(3 -2.165615452e-16 0)
(3 -7.879877299e-16 0)
(3 -1.133189262e-15 0)
(3 -1.684079937e-15 0)
(3 -1.628735788e-15 0)
(3 -2.245223822e-15 0)
(3 -3.343032544e-15 0)
(3 -3.94101828e-15 0)
(3 -4.168126604e-15 0)
(3 -1.668938866e-15 0)
(3 -1.711838909e-15 0)
(3 -1.707041113e-15 0)
(3 -1.093286954e-16 0)
(3 9.248397676e-16 0)
(3 9.078483354e-16 0)
(3 1.451199408e-15 0)
(3 1.679390746e-15 0)
(3 9.884155485e-16 0)
(3 -1.789178268e-15 0)
(3 -2.394221059e-15 0)
(3 -1.395583284e-15 0)
(3 -9.828980826e-16 0)
(3 -9.275804188e-16 0)
(3 1.962952533e-15 0)
(3 1.441423745e-15 0)
(3 1.079932232e-15 0)
(3 1.972177054e-15 0)
(3 3.131482416e-15 0)
(3 2.864485477e-15 0)
(3 4.370258195e-15 0)
(3 5.555167489e-15 0)
(3 5.607640493e-15 0)
(3 4.517307077e-15 0)
(3 3.267097596e-15 0)
(3 3.030577393e-15 0)
(3 4.368846859e-15 0)
(3 4.926615666e-15 0)
(3 5.412005081e-15 0)
(3 6.34539796e-15 0)
(3 6.629208648e-15 0)
(3 4.13665339e-15 0)
(3 3.13891795e-15 0)
(3 2.981845358e-15 0)
(3 4.287933489e-15 0)
(3 3.425352857e-15 0)
(3 2.466931891e-15 0)
(3 1.642175314e-15 0)
(3 3.074969482e-15 0)
(3 4.631862963e-15 0)
(3 3.287046114e-15 0)
(3 2.721751213e-15 0)
(3 2.782751382e-15 0)
(3 1.41290726e-15 0)
(3 2.567788658e-15 0)
(3 3.318713935e-15 0)
(3 3.249123632e-15 0)
(3 3.265809373e-15 0)
(3 1.573262416e-15 0)
(3 2.866459607e-16 0)
(3 -4.369366266e-16 0)
(3 -1.150140481e-15 0)
(3 -4.837318863e-16 0)
(3 4.482303351e-16 0)
(3 9.49418913e-16 0)
(3 1.262608966e-15 0)
(3 1.650826734e-15 0)
(3 3.692478866e-16 0)
(3 -1.51018763e-15 0)
(3 -2.421815491e-15 0)
(3 -1.914338837e-15 0)
(3 -9.079385045e-16 0)
(3 1.837672736e-16 0)
(3 -2.907147925e-16 0)
(3 3.304711001e-17 0)
(3 -1.21565137e-15 0)
(3 -1.938851231e-15 0)
(3 -1.656450496e-15 0)
(3 -1.987494344e-15 0)
(3 -2.308192957e-15 0)
(3 -3.184604723e-15 0)
(3 -3.290783983e-15 0)
(3 -9.007520268e-16 0)
(3 -1.071826589e-15 0)
(3 -1.07366924e-15 0)
(3 -4.511057175e-16 0)
(3 -1.277542689e-15 0)
(3 -3.035221177e-15 0)
(3 -2.601952437e-15 0)
(3 -5.635395476e-17 0)
(3 1.553187061e-15 0)
(3 2.898098026e-15 0)
(3 3.895297282e-15 0)
(3 2.682018441e-15 0)
(3 1.315433632e-15 0)
(3 2.330034903e-15 0)
(3 1.438822499e-15 0)
(3 2.026819607e-15 0)
(3 2.09098554e-15 0)
(3 2.777496761e-15 0)
(3 3.511870789e-15 0)
(3 3.22029253e-15 0)
(3 2.938911147e-15 0)
(3 2.564856328e-15 0)
(3 3.165881685e-15 0)
(3 5.097160863e-15 0)
(3 5.419619469e-15 0)
(3 4.225690233e-15 0)
(3 3.468870931e-15 0)
(3 3.527257835e-15 0)
(3 3.798455017e-15 0)
(3 2.594047068e-15 0)
(3 1.85010198e-15 0)
(3 1.319844778e-15 0)
(3 2.347240714e-15 0)
(3 2.55394899e-15 0)
(3 2.05184947e-15 0)
(3 2.218323522e-15 0)
(3 2.627703148e-15 0)
(3 1.817370923e-15 0)
(3 1.473432623e-15 0)
(3 1.14583426e-15 0)
(3 1.138521035e-15 0)
(3 2.296073066e-15 0)
(3 1.866478051e-15 0)
(3 3.387666471e-15 0)
(3 3.674447079e-15 0)
(3 4.968031186e-15 0)
(3 4.3271542e-15 0)
(3 4.547469276e-15 0)
(3 4.845442046e-15 0)
(3 5.370064948e-15 0)
(3 4.64048515e-15 0)
(3 3.881191301e-15 0)
(3 -1.007519993e-15 0)
(3 -1.009364899e-15 0)
(3 -8.433877556e-16 0)
(3 1.613501145e-16 0)
(3 2.910822986e-16 0)
(3 -4.455882857e-16 0)
(3 -1.227812479e-15 0)
(3 -1.53751065e-16 0)
(3 -4.639881474e-16 0)
(3 -2.678823653e-16 0)
(3 1.910187622e-16 0)
(3 5.378527954e-17 0)
(3 -2.49555509e-17 0)
(3 -1.467433772e-15 0)
(3 -2.888223929e-15 0)
(3 -2.505229376e-15 0)
(3 -2.544281164e-15 0)
(3 -1.889385051e-15 0)
(3 -1.180079902e-16 0)
(3 -7.470301677e-17 0)
(3 -5.590878247e-16 0)
(3 -1.473490015e-15 0)
(3 -1.455692467e-16 0)
(3 2.491844049e-15 0)
(3 2.769767935e-15 0)
(3 2.981404408e-15 0)
(3 3.580249157e-15 0)
(3 4.134799864e-15 0)
(3 4.134049806e-15 0)
(3 4.126039603e-15 0)
(3 3.086894821e-15 0)
(3 3.242869569e-15 0)
(3 3.377751594e-15 0)
(3 4.053086329e-15 0)
(3 3.452590918e-15 0)
(3 3.196573108e-15 0)
(3 6.656083018e-16 0)
(3 5.459315493e-16 0)
(3 1.582263322e-15 0)
(3 1.428505547e-15 0)
(3 6.254405302e-16 0)
(3 1.229191021e-15 0)
(3 3.455300119e-15 0)
(3 3.984439886e-15 0)
(3 2.705658874e-15 0)
(3 1.815272457e-15 0)
(3 2.229910848e-15 0)
(3 1.746788652e-15 0)
(3 2.462986232e-15 0)
(3 2.637000685e-15 0)
(3 4.199105794e-15 0)
(3 3.787673158e-15 0)
(3 3.58321456e-15 0)
(3 2.478885856e-15 0)
(3 5.189766834e-16 0)
(3 -4.584094743e-16 0)
(3 3.549427448e-15 0)
(3 3.142588695e-15 0)
(3 4.552530769e-15 0)
(3 4.460323283e-15 0)
(3 3.644690287e-15 0)
(3 4.436549011e-15 0)
(3 3.678125671e-15 0)
(3 3.564896359e-15 0)
(3 3.496922886e-15 0)
(3 3.638275954e-15 0)
(3 2.95320264e-15 0)
(3 4.782610409e-17 0)
(3 1.493315863e-15 0)
(3 1.100048368e-15 0)
(3 2.014294782e-16 0)
(3 -1.580991886e-15 0)
(3 -4.803243393e-15 0)
(3 -4.194190578e-15 0)
(3 -3.367110277e-15 0)
(3 -1.626671114e-15 0)
(3 -1.155409478e-16 0)
(3 -3.530369491e-17 0)
(3 1.19723247e-16 0)
(3 2.428647029e-16 0)
(3 2.715121972e-16 0)
(3 -1.237794231e-15 0)
(3 3.485320295e-16 0)
(3 6.74742807e-16 0)
(3 -7.781943395e-16 0)
(3 -2.489770095e-15 0)
(3 -6.442637688e-16 0)
(3 1.570284273e-15 0)
(3 5.655333556e-16 0)
(3 1.803531726e-16 0)
(3 7.845492902e-16 0)
(3 3.925887009e-15 0)
(3 3.191123168e-15 0)
(3 2.581788231e-15 0)
(3 3.774818558e-15 0)
(3 3.027524707e-15 0)
(3 3.987048558e-15 0)
(3 3.804441381e-15 0)
(3 4.104206704e-15 0)
(3 3.648685971e-15 0)
(3 3.501125917e-15 0)
(3 3.229776755e-15 0)
(3 2.36349386e-15 0)
(3 8.832345473e-16 0)
(3 6.979546221e-16 0)
(3 -1.143709694e-15 0)
(3 -1.382012338e-15 0)
(3 -6.831565039e-16 0)
(3 6.705599091e-16 0)
(3 2.140136494e-16 0)
(3 9.78975233e-16 0)
(3 1.565651207e-15 0)
(3 1.616073682e-15 0)
(3 3.698730258e-15 0)
(3 4.139691927e-15 0)
(3 4.663948718e-15 0)
(3 3.610302583e-15 0)
(3 3.776248579e-15 0)
(3 3.679891497e-15 0)
(3 5.688280423e-15 0)
(3 3.33869391e-15 0)
(3 9.413618234e-16 0)
(3 -4.934080539e-16 0)
(3 -1.175729009e-15 0)
(3 1.065671603e-15 0)
(3 8.053962445e-16 0)
(3 7.640177332e-16 0)
(3 1.005735913e-15 0)
(3 3.864887121e-15 0)
(3 4.740340169e-15 0)
(3 4.398759558e-15 0)
(3 3.855255617e-15 0)
(3 3.073335627e-15 0)
(3 2.847098941e-15 0)
(3 1.527884545e-15 0)
(3 1.776516246e-15 0)
(3 1.547479421e-15 0)
(3 2.211693276e-16 0)
(3 -5.932108056e-16 0)
(3 -1.755549713e-15 0)
(3 -1.862095178e-15 0)
(3 -1.358267028e-15 0)
(3 -2.167436698e-16 0)
(3 -1.250980618e-15 0)
(3 -2.698565874e-15 0)
(3 -1.280477264e-15 0)
(3 -1.853187836e-16 0)
(3 2.487937719e-15 0)
(3 2.509720249e-15 0)
(3 2.37009726e-15 0)
(3 2.063500104e-15 0)
(3 2.238460335e-15 0)
(3 -9.943637794e-16 0)
(3 5.788793669e-16 0)
(3 2.069440365e-15 0)
(3 3.632128531e-15 0)
(3 3.246725226e-15 0)
(3 2.485004392e-15 0)
(3 3.055090638e-15 0)
(3 2.778276305e-15 0)
(3 9.493875414e-16 0)
(3 6.022163829e-16 0)
(3 9.429663649e-16 0)
(3 2.305363924e-15 0)
(3 2.540826315e-15 0)
(3 1.976732686e-15 0)
(3 2.254465256e-15 0)
(3 2.148399315e-15 0)
(3 3.525542363e-15 0)
(3 1.659581555e-15 0)
(3 8.101390694e-17 0)
(3 -2.380625469e-15 0)
(3 -2.369252326e-15 0)
(3 -5.920264964e-16 0)
(3 7.642895337e-16 0)
(3 2.316568603e-15 0)
(3 1.044722005e-15 0)
(3 1.436281044e-15 0)
(3 2.478076563e-15 0)
(3 2.553097693e-15 0)
(3 2.385236119e-15 0)
(3 2.62341368e-15 0)
(3 3.658380432e-15 0)
(3 2.541208876e-15 0)
(3 2.808478144e-15 0)
(3 3.6984203e-15 0)
(3 5.698689668e-15 0)
(3 8.323962355e-15 0)
(3 7.21210673e-15 0)
(3 3.509390839e-15 0)
(3 -1.325936723e-15 0)
(3 -1.214193422e-15 0)
(3 -1.544370863e-15 0)
(3 1.575545953e-16 0)
(3 1.900852763e-15 0)
(3 5.349247718e-15 0)
(3 8.435501297e-15 0)
(3 8.054650024e-15 0)
(3 6.635586093e-15 0)
(3 6.169380068e-15 0)
(3 3.651154037e-15 0)
(3 -1.283001051e-15 0)
(3 -1.718333663e-15 0)
(3 -6.142849961e-16 0)
(3 -1.178055187e-15 0)
(3 -1.413988643e-15 0)
(3 1.179120121e-15 0)
(3 1.754644996e-15 0)
(3 1.012533273e-15 0)
(3 3.247804031e-16 0)
(3 -1.303441659e-16 0)
(3 -7.534505643e-16 0)
(3 2.3576266e-16 0)
(3 4.36050191e-16 0)
(3 2.601384642e-16 0)
(3 2.06388531e-15 0)
(3 1.758938055e-15 0)
(3 1.22522426e-15 0)
(3 4.018950108e-15 0)
(3 3.926665304e-15 0)
(3 5.137308773e-15 0)
(3 5.649018446e-15 0)
(3 6.598501207e-15 0)
(3 5.803672768e-15 0)
(3 3.190104286e-15 0)
(3 -6.567995649e-17 0)
(3 3.106169254e-17 0)
(3 6.197079331e-16 0)
(3 -7.344834683e-16 0)
(3 1.572066836e-16 0)
(3 1.417825968e-15 0)
(3 2.666707783e-15 0)
(3 1.795232965e-15 0)
(3 1.81767003e-15 0)
(3 2.063023177e-16 0)
(3 3.834029874e-16 0)
(3 8.16785779e-16 0)
(3 4.764726544e-16 0)
(3 -9.038660231e-17 0)
(3 1.156678138e-15 0)
(3 2.234261631e-15 0)
(3 1.51732276e-15 0)
(3 4.149322086e-17 0)
(3 1.213398418e-16 0)
(3 -3.618291504e-16 0)
(3 1.226671058e-15 0)
(3 2.759597436e-15 0)
(3 5.938951625e-16 0)
(3 9.255831304e-16 0)
(3 2.210518721e-15 0)
(3 3.342025604e-15 0)
(3 5.623121525e-15 0)
(3 6.25713618e-15 0)
(3 5.917856915e-15 0)
(3 5.438467297e-15 0)
(3 4.901925361e-15 0)
(3 4.156701009e-15 0)
(3 1.423747446e-15 0)
(3 -2.077956178e-15 0)
(3 -2.332239338e-15 0)
(3 -2.210781428e-15 0)
(3 -1.953222762e-15 0)
(3 1.228189349e-15 0)
(3 5.299424638e-15 0)
(3 6.898074751e-15 0)
(3 5.862110459e-15 0)
(3 4.014608457e-15 0)
(3 2.424844751e-15 0)
(3 -6.123623186e-16 0)
(3 -1.717847662e-17 0)
(3 -9.019273196e-16 0)
(3 -2.401899318e-16 0)
(3 9.525396896e-16 0)
(3 1.332985982e-15 0)
(3 5.700118208e-16 0)
(3 -1.756227021e-16 0)
(3 -1.385300756e-15 0)
(3 -7.767458439e-16 0)
(3 4.398191487e-16 0)
(3 1.264188026e-15 0)
(3 5.921081953e-16 0)
(3 7.605330892e-17 0)
(3 3.169947677e-16 0)
(3 2.774437293e-15 0)
(3 4.448162525e-15 0)
(3 6.129729029e-15 0)
(3 8.846891336e-15 0)
(3 8.00335119e-15 0)
(3 6.01491385e-15 0)
(3 3.152548329e-15 0)
(3 2.118497788e-15 0)
(3 1.688378716e-15 0)
(3 -3.669356227e-16 0)
(3 -1.064678986e-15 0)
(3 -5.341716433e-16 0)
(3 9.744485506e-16 0)
(3 2.072910401e-15 0)
(3 1.333762789e-15 0)
(3 1.126794187e-15 0)
(3 1.98864164e-15 0)
(3 7.328447851e-16 0)
(3 1.124053043e-16 0)
(3 -1.656569706e-15 0)
(3 -1.088201533e-15 0)
(3 -1.163296327e-15 0)
(3 -1.183944282e-15 0)
(3 3.924857209e-16 0)
(3 3.482351421e-16 0)
(3 -9.172648954e-17 0)
(3 -2.41495309e-15 0)
(3 -1.152500093e-15 0)
(3 -1.973242377e-15 0)
(3 -1.487669806e-15 0)
(3 -8.735573313e-17 0)
(3 1.535499076e-15 0)
(3 3.388339551e-15 0)
(3 4.070901666e-15 0)
(3 5.440938845e-15 0)
(3 6.060485729e-15 0)
(3 5.490400422e-15 0)
(3 3.500633904e-15 0)
(3 1.674597847e-15 0)
(3 1.822248385e-15 0)
(3 3.651430258e-15 0)
(3 1.434084357e-15 0)
(3 -1.24076671e-15 0)
(3 -8.684387614e-16 0)
(3 -1.219217601e-15 0)
(3 -1.692637721e-15 0)
(3 -1.193168752e-15 0)
(3 1.976740929e-15 0)
(3 2.633401322e-15 0)
(3 3.781007567e-15 0)
(3 2.767304331e-15 0)
(3 3.577628621e-15 0)
(3 1.152593635e-15 0)
(3 -3.010648283e-16 0)
(3 -3.607696323e-16 0)
(3 -1.063658573e-17 0)
(3 1.334426606e-15 0)
(3 5.459544686e-16 0)
(3 8.480650513e-16 0)
(3 -2.109571273e-15 0)
(3 -4.061721084e-15 0)
(3 -3.054310817e-15 0)
(3 5.305021535e-16 0)
(3 2.669555727e-15 0)
(3 2.208071886e-15 0)
(3 1.65707593e-15 0)
(3 8.272138438e-16 0)
(3 2.256257299e-15 0)
(3 3.769403821e-15 0)
(3 7.294222435e-15 0)
(3 8.767071254e-15 0)
(3 7.03761246e-15 0)
(3 5.418604434e-15 0)
(3 2.881536416e-15 0)
(3 2.058970762e-15 0)
(3 -1.61686588e-16 0)
(3 -2.555151165e-15 0)
(3 -3.831487193e-15 0)
(3 -2.292163371e-15 0)
(3 1.114597162e-15 0)
(3 2.338620307e-15 0)
(3 7.577650096e-17 0)
(3 -1.898542547e-15 0)
(3 -3.627094977e-16 0)
(3 -2.342421069e-16 0)
(3 -1.671717505e-15 0)
(3 -2.100231446e-15 0)
(3 -2.443641782e-15 0)
(3 -3.326393331e-15 0)
(3 -3.743662882e-15 0)
(3 -2.689083408e-15 0)
(3 -3.294046404e-15 0)
(3 -2.675147737e-15 0)
(3 -1.539482532e-15 0)
(3 -1.518919459e-15 0)
(3 -1.46982189e-15 0)
(3 -9.446002912e-16 0)
(3 -7.84442662e-16 0)
(3 1.571943875e-15 0)
(3 2.389835991e-15 0)
(3 2.637995988e-15 0)
(3 4.817265307e-15 0)
(3 4.712553232e-15 0)
(3 3.562333503e-15 0)
(3 1.919751825e-15 0)
(3 1.820836071e-15 0)
(3 2.569611019e-15 0)
(3 3.411487697e-15 0)
(3 3.830341262e-15 0)
(3 3.939911152e-15 0)
(3 1.728598469e-15 0)
(3 -6.249769459e-16 0)
(3 4.488544229e-16 0)
(3 -4.281055406e-16 0)
(3 -1.148523812e-16 0)
(3 3.825124463e-15 0)
(3 4.768843202e-15 0)
(3 3.358224318e-15 0)
(3 3.491786682e-15 0)
(3 -5.935899032e-16 0)
(3 -1.279447202e-15 0)
(3 -8.381005795e-16 0)
(3 -1.083701986e-15 0)
(3 -1.63203006e-15 0)
(3 -1.959939875e-16 0)
(3 2.162811973e-15 0)
(3 -4.947416599e-17 0)
(3 1.232389528e-16 0)
(3 3.059115593e-15 0)
(3 4.075828879e-15 0)
(3 3.953575083e-15 0)
(3 3.405738773e-15 0)
(3 2.108255362e-15 0)
(3 1.633177033e-15 0)
(3 2.358160334e-15 0)
(3 2.05488454e-15 0)
(3 3.866762376e-15 0)
(3 5.194539755e-15 0)
(3 -1.133977708e-16 0)
(3 1.123922677e-15 0)
(3 1.030813141e-15 0)
(3 1.486186216e-15 0)
(3 2.611404749e-16 0)
(3 -8.70742849e-17 0)
(3 9.309370248e-17 0)
(3 3.29537875e-16 0)
(3 -1.83394107e-15 0)
(3 -2.806017849e-15 0)
(3 -3.704597296e-15 0)
(3 -3.862392219e-15 0)
(3 -3.130231326e-15 0)
(3 -3.26199225e-15 0)
(3 -4.677154988e-15 0)
(3 -4.446619827e-15 0)
(3 -4.469030648e-15 0)
(3 -4.306265158e-15 0)
(3 -3.43471535e-15 0)
(3 -3.54966269e-15 0)
(3 -1.833314893e-15 0)
(3 -1.98235991e-15 0)
(3 -2.143151063e-15 0)
(3 -2.940445881e-15 0)
(3 -3.781932403e-15 0)
(3 -3.594631025e-15 0)
(3 -3.069654489e-15 0)
(3 -1.264274268e-15 0)
(3 1.22389082e-15 0)
(3 2.368521926e-15 0)
(3 2.498958335e-15 0)
(3 2.95029053e-15 0)
(3 2.769879491e-15 0)
(3 2.035304083e-15 0)
(3 3.158297255e-15 0)
(3 3.049305503e-15 0)
(3 3.311222163e-15 0)
(3 4.397184549e-15 0)
(3 5.013949083e-15 0)
(3 6.524172472e-15 0)
(3 8.040316933e-15 0)
(3 6.971196573e-15 0)
(3 5.198676624e-15 0)
(3 1.354946749e-15 0)
(3 1.974363336e-15 0)
(3 1.608570081e-15 0)
(3 1.807357624e-16 0)
(3 -3.791797455e-16 0)
(3 -6.40118294e-16 0)
(3 -9.038040348e-16 0)
(3 -2.951641214e-15 0)
(3 -3.688526483e-15 0)
(3 -3.381599026e-15 0)
(3 -1.902484569e-15 0)
(3 1.783092255e-16 0)
(3 1.219985331e-15 0)
(3 2.021328558e-15 0)
(3 1.911701278e-15 0)
(3 3.126475368e-15 0)
(3 2.358641161e-15 0)
(3 3.605075356e-15 0)
(3 4.987756962e-15 0)
(3 4.871489457e-15 0)
(3 3.823836994e-15 0)
(3 1.776566877e-15 0)
(3 9.010884715e-17 0)
(3 -7.900847688e-16 0)
(3 -2.576254451e-15 0)
(3 -3.621612111e-15 0)
(3 -1.808908987e-15 0)
(3 -8.339537301e-16 0)
(3 1.155635535e-15 0)
(3 3.210710544e-15 0)
(3 1.396195511e-15 0)
(3 9.913576345e-16 0)
(3 -2.769719527e-15 0)
(3 -4.161508e-15 0)
(3 -5.026682574e-15 0)
(3 -4.840118519e-15 0)
(3 -5.288843967e-15 0)
(3 -6.072052434e-15 0)
(3 -6.469253725e-15 0)
(3 -5.34635618e-15 0)
(3 -5.341843246e-15 0)
(3 -4.681902449e-15 0)
(3 -4.621513604e-15 0)
(3 -3.453547158e-15 0)
(3 -2.224639294e-15 0)
(3 -2.623109033e-15 0)
(3 -3.590613884e-15 0)
(3 -4.214528741e-15 0)
(3 -3.497213032e-15 0)
(3 -2.985907427e-15 0)
(3 -3.173139707e-15 0)
(3 -1.946463911e-15 0)
(3 -1.29552215e-15 0)
(3 6.339659007e-16 0)
(3 2.715247485e-16 0)
(3 9.721342422e-16 0)
(3 2.950283287e-15 0)
(3 5.008852671e-15 0)
(3 3.698536133e-15 0)
(3 3.654385869e-15 0)
(3 6.7128494e-15 0)
(3 6.823864197e-15 0)
(3 7.379148884e-15 0)
(3 6.815328709e-15 0)
(3 7.275015436e-15 0)
(3 5.655404252e-15 0)
(3 5.158704733e-15 0)
(3 4.381607696e-15 0)
(3 8.910201914e-16 0)
(3 -1.59305643e-15 0)
(3 -4.009601825e-15 0)
(3 -3.781302103e-15 0)
(3 5.020975082e-16 0)
(3 -4.141528423e-16 0)
(3 -1.89577211e-16 0)
(3 3.557149597e-16 0)
(3 9.317867705e-16 0)
(3 8.917783885e-16 0)
(3 1.764211969e-15 0)
(3 1.999763827e-15 0)
(3 1.810506826e-15 0)
(3 9.752922188e-16 0)
(3 2.356211053e-15 0)
(3 2.987281932e-15 0)
(3 3.188798972e-15 0)
(3 5.600612927e-15 0)
(3 5.839507894e-15 0)
(3 3.823825412e-15 0)
(3 5.094990645e-17 0)
(3 -1.790275886e-15 0)
(3 -4.655458905e-15 0)
(3 -4.606537676e-15 0)
(3 -3.951088058e-15 0)
(3 -1.696777569e-15 0)
(3 1.216739245e-17 0)
(3 1.213647865e-15 0)
(3 8.187369269e-16 0)
(3 3.933938859e-16 0)
(3 -1.399773413e-15 0)
(3 -1.798051418e-15 0)
(3 -2.33634626e-15 0)
(3 -3.775296202e-15 0)
(3 -6.019513382e-15 0)
(3 -6.152676097e-15 0)
(3 -5.777666876e-15 0)
(3 -6.371698758e-15 0)
(3 -6.317928244e-15 0)
(3 -4.830481043e-15 0)
(3 -3.674559374e-15 0)
(3 -4.220361755e-15 0)
(3 -4.387887165e-15 0)
(3 -4.511384655e-15 0)
(3 -4.830869607e-15 0)
(3 -3.851529042e-15 0)
(3 -2.248026897e-15 0)
(3 -4.518864725e-16 0)
(3 6.164594384e-16 0)
(3 5.382066773e-16 0)
(3 -1.148094968e-15 0)
(3 -3.411362703e-15 0)
(3 -3.239139364e-15 0)
(3 -1.85952431e-15 0)
(3 -1.008418084e-15 0)
(3 1.390169091e-15 0)
(3 2.470924416e-15 0)
(3 3.582298213e-15 0)
(3 4.211640061e-15 0)
(3 5.126645204e-15 0)
(3 4.891890234e-15 0)
(3 4.391014447e-15 0)
(3 2.877859251e-15 0)
(3 7.709239443e-16 0)
(3 -5.79352297e-16 0)
(3 -2.892269347e-16 0)
(3 -7.073468979e-16 0)
(3 -1.09151965e-15 0)
(3 -2.631071592e-15 0)
(3 -2.879527499e-15 0)
(3 -3.016517456e-15 0)
(3 1.093422411e-15 0)
(3 2.028547956e-15 0)
(3 3.115455409e-15 0)
(3 5.182577065e-15 0)
(3 4.529457103e-15 0)
(3 3.792582322e-15 0)
(3 2.343182044e-15 0)
(3 1.646244308e-15 0)
(3 1.217967105e-15 0)
(3 1.004935599e-15 0)
(3 5.417213902e-16 0)
(3 1.133627462e-15 0)
(3 -4.171774769e-17 0)
(3 1.220826763e-15 0)
(3 1.668620102e-15 0)
(3 1.305892647e-15 0)
(3 -9.256585724e-16 0)
(3 -3.989615099e-15 0)
(3 -4.245084526e-15 0)
(3 -4.29832185e-15 0)
(3 -4.247314011e-15 0)
(3 -2.888838097e-15 0)
(3 -1.600753051e-15 0)
(3 2.350781328e-16 0)
(3 2.572292791e-16 0)
(3 2.96837338e-16 0)
(3 -1.481058096e-15 0)
(3 -2.077820255e-15 0)
(3 -2.212363446e-15 0)
(3 -2.088477871e-15 0)
(3 -2.576580232e-15 0)
(3 -3.682340601e-15 0)
(3 -3.588823497e-15 0)
(3 -5.513752491e-15 0)
(3 -7.013553971e-15 0)
(3 -6.861699384e-15 0)
(3 -5.763433898e-15 0)
(3 -5.207511567e-15 0)
(3 -5.966032346e-15 0)
(3 -4.849416966e-15 0)
(3 -4.197875277e-15 0)
(3 -2.242710761e-15 0)
(3 -5.774156681e-16 0)
(3 4.559647244e-16 0)
(3 -2.585628418e-16 0)
(3 2.409703688e-15 0)
(3 2.662312994e-15 0)
(3 2.046291182e-15 0)
(3 8.286735761e-16 0)
(3 5.338860129e-16 0)
(3 7.772903699e-16 0)
(3 1.598797284e-15 0)
(3 3.051228771e-15 0)
(3 3.96542559e-15 0)
(3 2.449738205e-15 0)
(3 1.106264163e-15 0)
(3 2.564193117e-16 0)
(3 1.145278534e-16 0)
(3 -1.371158302e-15 0)
(3 -1.529933018e-15 0)
(3 -1.546964446e-15 0)
(3 -3.558268766e-15 0)
(3 -4.459846582e-15 0)
(3 -3.549229961e-15 0)
(3 -2.90239859e-15 0)
(3 -2.0846218e-15 0)
(3 -8.299862861e-16 0)
(3 9.524888111e-16 0)
(3 1.801576377e-15 0)
(3 8.097644644e-16 0)
(3 2.676734324e-16 0)
(3 -4.518059179e-16 0)
(3 -1.534630912e-15 0)
(3 -2.730518101e-15 0)
(3 -1.473230082e-15 0)
(3 -2.339276434e-16 0)
(3 -3.633672094e-16 0)
(3 -7.425657321e-16 0)
(3 -2.947889299e-16 0)
(3 -2.330054045e-15 0)
(3 -3.384872738e-15 0)
(3 -3.355336469e-15 0)
(3 -7.778837973e-16 0)
(3 -3.331435746e-16 0)
(3 5.984570148e-16 0)
(3 -1.024004726e-15 0)
(3 -2.05274271e-15 0)
(3 -3.84499333e-15 0)
(3 -4.502383233e-15 0)
(3 -4.708929838e-15 0)
(3 -3.936477501e-15 0)
(3 -1.478558154e-15 0)
(3 -7.914235446e-16 0)
(3 -4.397314691e-16 0)
(3 -6.283951666e-16 0)
(3 -1.068253625e-15 0)
(3 -4.368821133e-16 0)
(3 -3.031649529e-16 0)
(3 -1.1197685e-15 0)
(3 -1.767577703e-15 0)
(3 -2.678053695e-15 0)
(3 -2.8778173e-15 0)
(3 -5.641091262e-15 0)
(3 -8.441297699e-15 0)
(3 -7.882837498e-15 0)
(3 -6.211186564e-15 0)
(3 -4.918850492e-15 0)
(3 -4.103549188e-15 0)
(3 -3.321030787e-15 0)
(3 -2.537086391e-15 0)
(3 -1.819020435e-15 0)
(3 -2.570926843e-16 0)
(3 3.408035026e-16 0)
(3 1.817213232e-15 0)
(3 2.837386588e-15 0)
(3 3.297507584e-15 0)
(3 1.727937087e-15 0)
(3 5.995659989e-16 0)
(3 8.250167811e-16 0)
(3 2.440021109e-15 0)
(3 1.777889158e-15 0)
(3 1.098935208e-15 0)
(3 1.456375118e-16 0)
(3 5.543489662e-16 0)
(3 -1.517185997e-15 0)
(3 -1.780066128e-15 0)
(3 -4.047049409e-16 0)
(3 8.90064049e-17 0)
(3 -2.068008955e-16 0)
(3 -3.542787873e-17 0)
(3 -1.344663913e-15 0)
(3 -2.278004162e-15 0)
(3 -1.95277621e-15 0)
(3 6.07078455e-16 0)
(3 -6.110978999e-16 0)
(3 -2.177419444e-15 0)
(3 -1.563877496e-15 0)
(3 -1.693792992e-15 0)
(3 -1.434040032e-15 0)
(3 -2.190242411e-15 0)
(3 -2.011381839e-15 0)
(3 1.338481235e-16 0)
(3 6.955783751e-16 0)
(3 1.179324659e-15 0)
(3 8.045266178e-16 0)
(3 1.979783622e-15 0)
(3 -8.711208266e-16 0)
(3 -4.220879159e-15 0)
(3 -5.468966656e-15 0)
(3 -5.159129151e-15 0)
(3 -1.028946474e-15 0)
(3 7.102631645e-16 0)
(3 1.080082634e-15 0)
(3 1.126791395e-16 0)
(3 -8.973152895e-16 0)
(3 -2.892709145e-15 0)
(3 -2.806987357e-15 0)
(3 -4.02484632e-15 0)
(3 -3.962362302e-15 0)
(3 -3.277813873e-15 0)
(3 -1.056318882e-15 0)
(3 -3.792348672e-16 0)
(3 -4.256791218e-16 0)
(3 -8.874129886e-16 0)
(3 -1.82820951e-15 0)
(3 -2.154046106e-15 0)
(3 -2.387250956e-15 0)
(3 -1.689032168e-15 0)
(3 -9.534717891e-16 0)
(3 -1.005012539e-15 0)
(3 -3.578170539e-15 0)
(3 -2.976001621e-15 0)
(3 -1.91001996e-15 0)
(3 -2.387014146e-15 0)
(3 -3.103422305e-15 0)
(3 -4.089001445e-15 0)
(3 -4.663311192e-15 0)
(3 -3.924895544e-15 0)
(3 9.815288518e-16 0)
(3 -5.297998977e-16 0)
(3 1.652042262e-15 0)
(3 3.102668907e-15 0)
(3 4.082883124e-15 0)
(3 2.356296272e-15 0)
(3 9.254523692e-16 0)
(3 9.837797396e-16 0)
(3 1.954200155e-15 0)
(3 3.067769684e-15 0)
(3 5.241688579e-15 0)
(3 3.153841136e-15 0)
(3 1.46738089e-15 0)
(3 9.530928005e-16 0)
(3 6.687560624e-16 0)
(3 1.062323524e-15 0)
(3 1.860499676e-15 0)
(3 2.581956273e-15 0)
(3 1.853952799e-15 0)
(3 1.136852286e-15 0)
(3 1.330201984e-16 0)
(3 2.32509764e-15 0)
(3 3.292972918e-15 0)
(3 2.254108021e-16 0)
(3 -3.518088327e-16 0)
(3 1.084956984e-15 0)
(3 7.464156909e-18 0)
(3 1.477702006e-16 0)
(3 -1.727530486e-16 0)
(3 5.098088047e-16 0)
(3 -1.950490949e-16 0)
(3 9.404353991e-17 0)
(3 9.627736768e-17 0)
(3 -2.500689591e-15 0)
(3 -1.707403916e-15 0)
(3 -1.015691044e-15 0)
(3 -2.385723068e-16 0)
(3 4.887904694e-18 0)
(3 3.281059342e-16 0)
(3 8.230259663e-16 0)
(3 3.16449647e-17 0)
(3 -1.298912115e-15 0)
(3 -1.018322468e-15 0)
(3 -1.612763791e-15 0)
(3 -3.076333423e-15 0)
(3 -2.812889573e-15 0)
(3 -3.136556858e-15 0)
(3 -1.938455775e-15 0)
(3 -1.465024356e-15 0)
(3 -1.464993952e-15 0)
(3 -2.782537678e-15 0)
(3 -2.558659951e-15 0)
(3 -8.464074463e-16 0)
(3 -8.004466115e-16 0)
(3 -2.810205837e-15 0)
(3 -4.790113114e-15 0)
(3 -5.470764894e-15 0)
(3 -5.15857709e-15 0)
(3 -3.129830031e-15 0)
(3 -1.124166482e-15 0)
(3 1.140904767e-15 0)
(3 1.363898312e-15 0)
(3 -2.33254457e-16 0)
(3 -1.088633132e-15 0)
(3 -1.584140841e-15 0)
(3 -1.533795746e-15 0)
(3 -1.314691216e-15 0)
(3 -1.54825407e-15 0)
(3 1.00415344e-15 0)
(3 -4.456615628e-16 0)
(3 1.778844239e-15 0)
(3 2.674119282e-15 0)
(3 3.234837008e-15 0)
(3 1.354209802e-15 0)
(3 1.289256719e-15 0)
(3 1.984308218e-15 0)
(3 4.244726877e-15 0)
(3 4.554799479e-15 0)
(3 2.981163686e-15 0)
(3 5.186005574e-16 0)
(3 6.577296033e-16 0)
(3 5.374955689e-16 0)
(3 1.288371111e-15 0)
(3 2.80157375e-15 0)
(3 2.96610897e-15 0)
(3 3.63541272e-15 0)
(3 3.946209616e-15 0)
(3 4.888994634e-15 0)
(3 6.443148162e-15 0)
(3 5.435373291e-15 0)
(3 9.856830745e-17 0)
(3 -7.090987918e-18 0)
(3 -1.267896082e-16 0)
(3 -5.336759327e-17 0)
(3 -8.006141609e-17 0)
(3 -5.642960855e-17 0)
(3 5.016368211e-16 0)
(3 -8.889278217e-16 0)
(3 -1.244060338e-15 0)
(3 -1.916334763e-15 0)
(3 -5.062665434e-15 0)
(3 -7.381556641e-15 0)
(3 -5.991783898e-15 0)
(3 -1.254532438e-15 0)
(3 2.636579053e-15 0)
(3 3.060188618e-15 0)
(3 2.583292753e-15 0)
(3 2.619361865e-16 0)
(3 -2.082329277e-15 0)
(3 -2.549252519e-15 0)
(3 -2.477800926e-15 0)
(3 -2.692153782e-15 0)
(3 -3.10867879e-15 0)
(3 -1.018510653e-15 0)
(3 8.399053308e-16 0)
(3 4.466317215e-16 0)
(3 -2.535407158e-15 0)
(3 -3.171731011e-15 0)
(3 -3.120574773e-15 0)
(3 -2.214856026e-15 0)
(3 -1.571650423e-15 0)
(3 -6.470792889e-16 0)
(3 1.118032043e-15 0)
(3 1.222608901e-17 0)
(3 -1.436856025e-15 0)
(3 -2.149524447e-15 0)
(3 -7.884641058e-16 0)
(3 1.50584621e-15 0)
(3 2.219461504e-15 0)
(3 8.304075216e-16 0)
(3 4.239912304e-17 0)
(3 -3.596641391e-16 0)
(3 -1.393452432e-15 0)
(3 -1.920550655e-15 0)
(3 -2.840910289e-15 0)
(3 -3.138769338e-15 0)
(3 -3.153536935e-15 0)
(3 -1.623256181e-15 0)
(3 -1.426479705e-15 0)
(3 3.628351532e-16 0)
(3 1.176919892e-16 0)
(3 -1.354628797e-15 0)
(3 -2.013444511e-15 0)
(3 -1.328308819e-15 0)
(3 -1.283589746e-15 0)
(3 -5.754009911e-16 0)
(3 2.714646992e-16 0)
(3 -7.281028776e-18 0)
(3 1.298530161e-15 0)
(3 1.192130325e-15 0)
(3 2.253853199e-15 0)
(3 2.175634744e-15 0)
(3 2.215339705e-15 0)
(3 2.859911831e-15 0)
(3 3.832936303e-15 0)
(3 3.559985684e-15 0)
(3 2.478702359e-15 0)
(3 -1.243563694e-15 0)
(3 -1.862997365e-15 0)
(3 -1.124243522e-15 0)
(3 7.584180336e-16 0)
(3 1.291084685e-15 0)
(3 2.117338016e-15 0)
(3 2.216645504e-15 0)
(3 1.90647119e-15 0)
(3 1.188259697e-16 0)
(3 -3.675885941e-16 0)
(3 -2.648738466e-15 0)
(3 -2.476996806e-15 0)
(3 -2.667100309e-15 0)
(3 -1.259952939e-15 0)
(3 1.704668179e-15 0)
(3 1.351370205e-15 0)
(3 -1.59837803e-15 0)
(3 -3.616833653e-15 0)
(3 -4.06658053e-15 0)
(3 -3.683893095e-15 0)
(3 -3.731258408e-15 0)
(3 -3.483344606e-15 0)
(3 -3.264577184e-15 0)
(3 -2.056813097e-15 0)
(3 -2.013754083e-15 0)
(3 -2.408467136e-15 0)
(3 -2.457690376e-15 0)
(3 -1.973596454e-15 0)
(3 -2.830001173e-15 0)
(3 -3.518829354e-15 0)
(3 -3.081944632e-15 0)
(3 -1.029723114e-15 0)
(3 2.245273988e-15 0)
(3 4.221732523e-15 0)
(3 3.543224771e-15 0)
(3 3.585624709e-15 0)
(3 3.669308856e-15 0)
(3 2.728390414e-15 0)
(3 2.364550208e-15 0)
(3 5.272008514e-16 0)
(3 -7.819607027e-16 0)
(3 9.877437862e-17 0)
(3 -1.140783364e-15 0)
(3 -1.824334407e-15 0)
(3 -2.348662809e-15 0)
(3 -3.195452037e-15 0)
(3 -2.194219543e-15 0)
(3 -1.491650958e-15 0)
(3 -3.454254901e-15 0)
(3 -4.188571144e-15 0)
(3 -1.344637601e-15 0)
(3 -1.406354465e-15 0)
(3 -3.821938514e-15 0)
(3 -4.245719582e-15 0)
(3 -5.326895636e-15 0)
(3 -3.024583588e-15 0)
(3 -7.901123751e-16 0)
(3 1.72118972e-15 0)
(3 4.261860892e-15 0)
(3 2.782627488e-15 0)
(3 3.542962872e-16 0)
(3 7.943245249e-16 0)
(3 4.248847062e-16 0)
(3 1.96122571e-15 0)
(3 1.692547455e-15 0)
(3 1.356624669e-15 0)
(3 7.100965551e-16 0)
(3 1.156911803e-16 0)
(3 9.081606856e-16 0)
(3 1.045911553e-15 0)
(3 2.457740891e-15 0)
(3 2.156133196e-15 0)
(3 3.053692513e-15 0)
(3 4.516791359e-15 0)
(3 4.719708114e-15 0)
(3 3.999285952e-15 0)
(3 2.685392739e-15 0)
(3 -1.122042962e-16 0)
(3 -6.945864111e-16 0)
(3 -1.260928002e-15 0)
(3 -1.293266973e-15 0)
(3 -1.047332826e-15 0)
(3 -1.917285102e-15 0)
(3 -2.467210252e-15 0)
(3 -3.453031361e-15 0)
(3 -5.441663699e-15 0)
(3 -5.01614636e-15 0)
(3 -5.357665543e-15 0)
(3 -5.500734054e-15 0)
(3 -4.523451396e-15 0)
(3 -3.554545146e-15 0)
(3 -2.990468801e-15 0)
(3 -3.568310564e-15 0)
(3 -3.079522911e-15 0)
(3 -2.155942841e-15 0)
(3 -1.980534445e-15 0)
(3 -1.406429244e-15 0)
(3 -1.171034216e-15 0)
(3 -1.885244685e-15 0)
(3 -1.522213048e-15 0)
(3 -5.173397887e-16 0)
(3 1.703058249e-15 0)
(3 1.740975221e-15 0)
(3 2.67790569e-15 0)
(3 2.650489629e-15 0)
(3 8.780574264e-16 0)
(3 -3.170178672e-15 0)
(3 -4.111915274e-15 0)
(3 -2.808953506e-15 0)
(3 -8.117302779e-16 0)
(3 5.111805808e-16 0)
(3 -1.051790605e-15 0)
(3 -3.439791877e-15 0)
(3 -2.994559895e-15 0)
(3 -2.629230868e-15 0)
(3 -2.911864922e-15 0)
(3 -3.76335709e-15 0)
(3 -2.6677732e-15 0)
(3 -3.467655372e-15 0)
(3 -4.635530507e-15 0)
(3 -5.692851471e-15 0)
(3 -5.161368714e-15 0)
(3 -3.877373363e-15 0)
(3 -5.175639606e-16 0)
(3 2.049717126e-15 0)
(3 3.171310227e-15 0)
(3 3.040471685e-15 0)
(3 1.652673619e-15 0)
(3 8.889221697e-16 0)
(3 1.56278482e-15 0)
(3 2.665764742e-15 0)
(3 2.59923259e-15 0)
(3 1.58542129e-15 0)
(3 4.427607233e-16 0)
(3 -1.27594696e-16 0)
(3 7.64385064e-16 0)
(3 -2.977756562e-16 0)
(3 6.028932781e-16 0)
(3 1.038259043e-15 0)
(3 2.299698374e-15 0)
(3 2.432599929e-15 0)
(3 2.234443403e-15 0)
(3 2.175713246e-15 0)
(3 2.281817505e-15 0)
(3 1.712236882e-15 0)
(3 7.469825133e-16 0)
(3 3.312766639e-16 0)
(3 -2.98644463e-16 0)
(3 -1.719600622e-15 0)
(3 -2.75287929e-15 0)
(3 -1.793997334e-15 0)
(3 -1.264276204e-15 0)
(3 -1.392480987e-15 0)
(3 -1.882243353e-15 0)
(3 -7.507208679e-16 0)
(3 -2.424449781e-15 0)
(3 -2.322665181e-15 0)
(3 -3.930797962e-15 0)
(3 -3.911103274e-15 0)
(3 -2.452283345e-15 0)
(3 -2.37490931e-15 0)
(3 -2.5980856e-15 0)
(3 -1.200742941e-15 0)
(3 -8.263225137e-16 0)
(3 -6.03840303e-16 0)
(3 -9.292914837e-16 0)
(3 -2.165600221e-15 0)
(3 -5.774481589e-16 0)
(3 6.341585812e-16 0)
(3 1.375699536e-15 0)
(3 1.171946965e-15 0)
(3 4.461587699e-16 0)
(3 -2.761018497e-15 0)
(3 -3.471097817e-15 0)
(3 -2.347769045e-15 0)
(3 -2.750461237e-15 0)
(3 -9.023358156e-16 0)
(3 -9.057112441e-18 0)
(3 1.470375547e-15 0)
(3 1.776065342e-15 0)
(3 3.926214647e-16 0)
(3 -1.928848872e-16 0)
(3 4.272648905e-16 0)
(3 6.288696287e-16 0)
(3 -3.089185861e-15 0)
(3 -7.053573588e-15 0)
(3 -7.451831062e-15 0)
(3 -7.48135453e-15 0)
(3 -6.503104656e-15 0)
(3 -6.816384908e-15 0)
(3 -5.702701797e-15 0)
(3 -3.878316129e-15 0)
(3 -2.400147862e-15 0)
(3 -2.446391666e-16 0)
(3 7.842480752e-16 0)
(3 -1.654866303e-16 0)
(3 -1.184843196e-15 0)
(3 -8.249048341e-16 0)
(3 -8.45138032e-16 0)
(3 3.193117596e-16 0)
(3 1.159193589e-15 0)
(3 6.037616779e-16 0)
(3 3.654723414e-16 0)
(3 8.097566254e-16 0)
(3 6.698464177e-16 0)
(3 1.082365812e-15 0)
(3 2.14081404e-15 0)
(3 6.8875827e-16 0)
(3 -2.053173289e-16 0)
(3 1.056343111e-15 0)
(3 1.873359529e-15 0)
(3 3.353620014e-15 0)
(3 3.406254645e-15 0)
(3 2.875822731e-15 0)
(3 8.018814121e-16 0)
(3 -3.391696812e-15 0)
(3 -2.897019632e-15 0)
(3 -1.776395701e-15 0)
(3 -1.137376534e-15 0)
(3 5.185664871e-16 0)
(3 3.408693837e-16 0)
(3 -4.546481158e-16 0)
(3 -1.410528895e-15 0)
(3 -1.010164353e-15 0)
(3 -2.430359981e-15 0)
(3 -3.406195593e-15 0)
(3 -2.13903823e-15 0)
(3 -1.125226112e-15 0)
(3 -1.234467605e-15 0)
(3 -3.074051982e-15 0)
(3 -3.098626307e-15 0)
(3 -2.575604092e-15 0)
(3 -2.238403004e-15 0)
(3 -2.103247872e-15 0)
(3 -1.455822386e-15 0)
(3 -4.265991131e-16 0)
(3 3.22147121e-16 0)
(3 -2.49622292e-16 0)
(3 -5.870049132e-16 0)
(3 -8.193019896e-16 0)
(3 9.738773511e-16 0)
(3 1.854435772e-15 0)
(3 -4.14906369e-16 0)
(3 -2.112000899e-15 0)
(3 -2.349330277e-15 0)
(3 9.912336601e-17 0)
(3 1.597384317e-15 0)
(3 1.514646767e-15 0)
(3 -5.289725988e-17 0)
(3 -1.383842127e-16 0)
(3 -1.185694681e-15 0)
(3 -4.873560356e-15 0)
(3 -6.325120934e-15 0)
(3 -4.977613576e-15 0)
(3 -3.841848083e-15 0)
(3 -4.165758861e-15 0)
(3 -4.437401562e-15 0)
(3 -6.498666215e-15 0)
(3 -7.368097612e-15 0)
(3 -6.633562644e-15 0)
(3 -3.891224e-15 0)
(3 -1.576825154e-16 0)
(3 7.46870295e-16 0)
(3 -1.225041767e-15 0)
(3 -3.405132398e-15 0)
(3 -3.002018452e-15 0)
(3 -1.057636979e-15 0)
(3 -8.903493708e-16 0)
(3 1.268868794e-15 0)
(3 2.167829232e-15 0)
(3 2.728357775e-15 0)
(3 2.512033171e-15 0)
(3 2.042326951e-15 0)
(3 2.046474399e-15 0)
(3 1.569795789e-15 0)
(3 1.985955238e-15 0)
(3 3.489367332e-15 0)
(3 1.825994492e-15 0)
(3 1.945437735e-15 0)
(3 1.026449706e-15 0)
(3 -2.024353003e-16 0)
(3 -3.304594961e-15 0)
(3 -4.598624421e-15 0)
(3 -5.513506366e-15 0)
(3 -6.02269597e-15 0)
(3 -4.565401423e-15 0)
(3 -2.069052194e-15 0)
(3 -7.189494107e-16 0)
(3 -3.002528358e-15 0)
(3 -1.785726956e-15 0)
(3 -1.516694346e-15 0)
(3 -1.299860714e-15 0)
(3 -1.340251587e-15 0)
(3 -1.824926367e-15 0)
(3 -1.264991229e-15 0)
(3 -1.249913564e-15 0)
(3 -2.339650946e-15 0)
(3 -2.870432344e-15 0)
(3 -3.976585066e-15 0)
(3 -5.42994605e-15 0)
(3 -5.238952008e-15 0)
(3 -4.876935291e-15 0)
(3 -4.325768186e-15 0)
(3 -4.934758877e-15 0)
(3 -4.738180714e-15 0)
(3 -3.174335027e-15 0)
(3 -1.439183374e-15 0)
(3 6.062257448e-16 0)
(3 -3.755744644e-16 0)
(3 8.672130942e-16 0)
(3 -6.945521823e-16 0)
(3 -6.946099331e-16 0)
(3 2.751468194e-16 0)
(3 1.080374448e-15 0)
(3 -2.340296517e-16 0)
(3 -9.412268075e-16 0)
(3 -4.11008523e-15 0)
(3 -4.283984413e-15 0)
(3 -1.302514869e-15 0)
(3 -9.111834463e-16 0)
(3 -1.252561728e-15 0)
(3 -9.267062361e-16 0)
(3 3.352174639e-16 0)
(3 1.288547e-15 0)
(3 1.120402684e-15 0)
(3 1.43691531e-16 0)
(3 -7.901772698e-16 0)
(3 -8.539811669e-16 0)
(3 6.070276935e-16 0)
(3 1.29403006e-15 0)
(3 1.984042021e-15 0)
(3 2.755906879e-16 0)
(3 -2.385192789e-15 0)
(3 -2.308879884e-15 0)
(3 -1.323467832e-15 0)
(3 4.12077393e-17 0)
(3 5.490075448e-16 0)
(3 1.055106501e-15 0)
(3 7.532000352e-16 0)
(3 -3.479859659e-16 0)
(3 -6.448490545e-16 0)
(3 1.578221126e-16 0)
(3 4.964097411e-16 0)
(3 -5.261532053e-16 0)
(3 -5.831791292e-16 0)
(3 -3.047946809e-16 0)
(3 1.119848758e-17 0)
(3 -6.413731864e-16 0)
(3 -2.244017236e-15 0)
(3 -2.965474724e-15 0)
(3 -3.052842253e-15 0)
(3 -3.08976383e-15 0)
(3 -4.086045398e-15 0)
(3 -4.171864473e-15 0)
(3 -3.794630987e-15 0)
(3 -3.076779612e-15 0)
(3 -2.60127537e-15 0)
(3 -3.59393062e-15 0)
(3 -3.714527383e-15 0)
(3 -3.726720312e-15 0)
(3 -3.676758399e-15 0)
(3 -4.619620397e-15 0)
(3 -2.921425334e-15 0)
(3 -1.043978002e-15 0)
(3 -1.226596765e-15 0)
(3 -2.323534567e-15 0)
(3 -2.99705896e-15 0)
(3 -2.537706057e-15 0)
(3 -2.071971614e-15 0)
(3 -2.189263331e-15 0)
(3 -2.821156014e-15 0)
(3 -3.057744515e-15 0)
(3 -3.016700544e-15 0)
(3 -2.854277594e-15 0)
(3 -1.511030921e-15 0)
(3 -9.256253328e-16 0)
(3 1.576643682e-15 0)
(3 2.432271397e-15 0)
(3 2.23041818e-15 0)
(3 1.524227249e-15 0)
(3 8.373525756e-16 0)
(3 2.835668279e-16 0)
(3 -1.696565146e-16 0)
(3 -1.662296172e-15 0)
(3 -1.958811509e-15 0)
(3 -1.473768871e-15 0)
(3 1.118517386e-15 0)
(3 2.512758464e-15 0)
(3 2.406754872e-15 0)
(3 1.981199813e-15 0)
(3 2.29659906e-15 0)
(3 2.946505719e-15 0)
(3 3.336069692e-15 0)
(3 2.881157149e-15 0)
(3 4.272382989e-16 0)
(3 -1.345237968e-15 0)
(3 -2.140053419e-15 0)
(3 -1.612804666e-15 0)
(3 -8.196129161e-16 0)
(3 -2.719102188e-15 0)
(3 -3.67749118e-15 0)
(3 -2.865249738e-15 0)
(3 -7.879934456e-17 0)
(3 -7.026791447e-16 0)
(3 -3.627784201e-16 0)
(3 -1.254634639e-15 0)
(3 -1.533778163e-15 0)
(3 -1.462641929e-15 0)
(3 -2.141282871e-15 0)
(3 -3.24741503e-15 0)
(3 -5.50766577e-15 0)
(3 -4.363086085e-15 0)
(3 -2.552045756e-15 0)
(3 -9.745377504e-16 0)
(3 -7.125259295e-16 0)
(3 -1.59960831e-15 0)
(3 -3.011636884e-15 0)
(3 -3.401755535e-15 0)
(3 -3.024587808e-15 0)
(3 -2.670137841e-15 0)
(3 -4.6755441e-15 0)
(3 -6.808448405e-15 0)
(3 -5.117596688e-15 0)
(3 -3.669371108e-15 0)
(3 -5.196349128e-15 0)
(3 -5.574926011e-15 0)
(3 -6.05480497e-15 0)
(3 -5.854939188e-15 0)
(3 -5.238177795e-15 0)
(3 -2.799935071e-15 0)
(3 -2.260501447e-15 0)
(3 4.018567431e-16 0)
(3 2.231787104e-16 0)
(3 4.899254052e-16 0)
(3 5.473775819e-16 0)
(3 1.318530608e-16 0)
(3 1.116088173e-15 0)
(3 1.37015689e-15 0)
(3 7.871951081e-16 0)
(3 6.202558811e-16 0)
(3 1.05190042e-15 0)
(3 9.602552254e-16 0)
(3 2.877975867e-15 0)
(3 3.01240898e-15 0)
(3 2.263157817e-15 0)
(3 1.89511312e-16 0)
(3 -2.742159728e-15 0)
(3 -2.803942843e-15 0)
(3 -1.698583653e-15 0)
(3 -1.201511352e-15 0)
(3 3.807872498e-16 0)
(3 -1.327921701e-15 0)
(3 -2.313250154e-15 0)
(3 -3.119414158e-16 0)
(3 3.299113161e-15 0)
(3 3.099501153e-15 0)
(3 1.787629929e-15 0)
)
;

boundaryField
{
    inlet
    {
        type            fixedValue;
        value           uniform (3 0 0);
    }
    outlet
    {
        type            inletOutlet;
        inletValue      nonuniform 0();
        value           nonuniform 0();
    }
    bottom
    {
        type            slip;
    }
    top
    {
        type            slip;
    }
    obstacle
    {
        type            slip;
    }
    defaultFaces
    {
        type            empty;
    }
    procBoundary24to18
    {
        type            processor;
        value           nonuniform List<vector> 
68
(
(3 1.457351952e-16 0)
(3 1.936892971e-15 0)
(3 2.673906366e-15 0)
(3 1.943007616e-15 0)
(3 7.687353408e-16 0)
(3 7.245733522e-16 0)
(3 2.013899672e-15 0)
(3 1.717809432e-15 0)
(3 1.088628777e-15 0)
(3 9.773986395e-16 0)
(3 9.659761032e-17 0)
(3 -2.210188592e-16 0)
(3 -7.573134696e-16 0)
(3 1.656718492e-15 0)
(3 3.739726762e-15 0)
(3 3.548912254e-15 0)
(3 5.186271879e-15 0)
(3 5.082879136e-15 0)
(3 7.294994972e-15 0)
(3 1.098827386e-14 0)
(3 1.065799494e-14 0)
(3 5.896026039e-15 0)
(3 4.256954933e-15 0)
(3 -3.284882097e-17 0)
(3 -2.767263119e-16 0)
(3 1.097825435e-15 0)
(3 2.210516956e-15 0)
(3 2.883992965e-15 0)
(3 1.638454849e-15 0)
(3 -2.970269886e-17 0)
(3 -2.545118461e-16 0)
(3 2.567846351e-16 0)
(3 6.081329189e-16 0)
(3 -8.051893373e-16 0)
(3 -1.618662836e-15 0)
(3 -1.914985023e-15 0)
(3 -3.375526103e-15 0)
(3 -2.687442713e-15 0)
(3 -1.659435666e-15 0)
(3 -1.094425748e-15 0)
(3 -6.605438551e-17 0)
(3 1.095631489e-15 0)
(3 7.080742166e-16 0)
(3 1.850611686e-15 0)
(3 1.779165573e-15 0)
(3 3.17583596e-15 0)
(3 2.06285195e-15 0)
(3 1.141672204e-15 0)
(3 3.877747471e-16 0)
(3 -1.392871757e-15 0)
(3 -2.647049842e-15 0)
(3 -4.311925662e-15 0)
(3 -3.313510515e-15 0)
(3 -2.694513376e-15 0)
(3 -1.998500795e-15 0)
(3 1.608989579e-15 0)
(3 2.345794238e-15 0)
(3 1.819373387e-15 0)
(3 2.476455991e-15 0)
(3 3.19878289e-15 0)
(3 2.594417581e-15 0)
(3 2.273984223e-15 0)
(3 5.157824023e-16 0)
(3 6.399143321e-16 0)
(3 -7.399433617e-16 0)
(3 -1.194360521e-15 0)
(3 -1.510054004e-15 0)
(3 -1.510054004e-15 0)
)
;
    }
    procBoundary24to19
    {
        type            processor;
        value           nonuniform List<vector> 2((3 3.611305299e-16 0) (3 9.625674958e-16 0));
    }
    procBoundary24to25
    {
        type            processor;
        value           nonuniform List<vector> 
31
(
(3 2.263483478e-15 0)
(3 2.01908689e-15 0)
(3 4.142543459e-15 0)
(3 5.7876708e-15 0)
(3 4.963191195e-15 0)
(3 3.192490119e-15 0)
(3 4.551837296e-15 0)
(3 1.687114647e-15 0)
(3 1.01804861e-15 0)
(3 1.601678593e-15 0)
(3 1.544103733e-15 0)
(3 3.872152672e-15 0)
(3 2.804849065e-15 0)
(3 7.223097833e-16 0)
(3 3.945100774e-16 0)
(3 3.98615341e-15 0)
(3 2.513403232e-15 0)
(3 -1.1219903e-15 0)
(3 -2.599924763e-15 0)
(3 -1.989451618e-15 0)
(3 3.125688415e-16 0)
(3 1.959751004e-15 0)
(3 2.737489778e-15 0)
(3 5.124345711e-15 0)
(3 1.217348259e-15 0)
(3 -9.805917225e-16 0)
(3 1.633158495e-16 0)
(3 8.838788947e-16 0)
(3 -6.967995163e-16 0)
(3 1.206020703e-15 0)
(3 -2.26186657e-15 0)
)
;
    }
    procBoundary24to30
    {
        type            processor;
        value           nonuniform List<vector> 
68
(
(3 1.402225637e-15 0)
(3 8.925060199e-16 0)
(3 8.803294265e-16 0)
(3 7.887439768e-16 0)
(3 -5.83319219e-16 0)
(3 -1.493314821e-15 0)
(3 -2.783409685e-15 0)
(3 -3.296968508e-15 0)
(3 -3.335410034e-15 0)
(3 -3.813627766e-15 0)
(3 -2.206585007e-15 0)
(3 -1.420621453e-15 0)
(3 -1.665338518e-15 0)
(3 -3.317715215e-15 0)
(3 -3.738986848e-15 0)
(3 -1.672706763e-15 0)
(3 6.52286986e-16 0)
(3 1.703143133e-15 0)
(3 1.422228087e-15 0)
(3 1.354243249e-15 0)
(3 -5.084616567e-16 0)
(3 -1.041132607e-15 0)
(3 -5.451626761e-16 0)
(3 -8.575464152e-16 0)
(3 -1.979349327e-15 0)
(3 -2.079643203e-15 0)
(3 -2.127833518e-15 0)
(3 -3.949266513e-15 0)
(3 -4.440187161e-15 0)
(3 -3.845818066e-15 0)
(3 -4.219924879e-15 0)
(3 -4.54117829e-15 0)
(3 -4.810073318e-15 0)
(3 -2.573496137e-15 0)
(3 -2.734839622e-15 0)
(3 -3.176700128e-15 0)
(3 -2.021904546e-15 0)
(3 -2.538397742e-15 0)
(3 -1.964370783e-15 0)
(3 -2.73626084e-15 0)
(3 -3.670340306e-15 0)
(3 -3.180073715e-15 0)
(3 -3.330248834e-15 0)
(3 -3.519122853e-15 0)
(3 -3.389900589e-15 0)
(3 -2.070776902e-15 0)
(3 -2.335416017e-15 0)
(3 9.126533396e-16 0)
(3 2.478758771e-15 0)
(3 3.453925806e-15 0)
(3 4.219883352e-15 0)
(3 2.104145378e-15 0)
(3 1.291276176e-15 0)
(3 -5.518894363e-16 0)
(3 -2.087029085e-15 0)
(3 -2.771786728e-15 0)
(3 -2.723729074e-15 0)
(3 -2.745775379e-15 0)
(3 -3.127663547e-15 0)
(3 -2.522407904e-15 0)
(3 -1.540234649e-15 0)
(3 -1.749815858e-16 0)
(3 9.685682731e-16 0)
(3 -3.06640287e-17 0)
(3 -5.924390301e-16 0)
(3 -5.802810338e-16 0)
(3 1.402225637e-15 0)
(3 -5.023584659e-16 0)
)
;
    }
}


// ************************************************************************* //
