/*--------------------------------*- C++ -*----------------------------------*\
  =========                 |
  \\      /  F ield         | OpenFOAM: The Open Source CFD Toolbox
   \\    /   O peration     | Website:  https://openfoam.org
    \\  /    A nd           | Version:  7
     \\/     M anipulation  |
\*---------------------------------------------------------------------------*/
FoamFile
{
    version     2.0;
    format      ascii;
    class       volVectorField;
    location    "4.1";
    object      U;
}
// * * * * * * * * * * * * * * * * * * * * * * * * * * * * * * * * * * * * * //

dimensions      [0 1 -1 0 0 0 0];

internalField   nonuniform List<vector> 
2222
(
(3 -1.972068799e-15 0)
(3 -2.23372341e-15 0)
(3 -9.702692749e-16 0)
(3 1.96308289e-16 0)
(3 2.165308146e-16 0)
(3 1.122255987e-15 0)
(3 3.177961722e-16 0)
(3 -9.501051711e-16 0)
(3 -1.503346281e-15 0)
(3 -2.302897986e-15 0)
(3 -1.380776934e-15 0)
(3 1.311542127e-15 0)
(3 3.770179448e-15 0)
(3 5.447620325e-15 0)
(3 5.320026639e-15 0)
(3 4.508184643e-15 0)
(3 4.458246291e-15 0)
(3 4.925637049e-15 0)
(3 4.832990273e-15 0)
(3 4.756707032e-15 0)
(3 4.887976159e-15 0)
(3 4.410094702e-15 0)
(3 2.307930202e-15 0)
(3 -1.178089987e-15 0)
(3 -5.716340957e-15 0)
(3 -6.516103772e-15 0)
(3 -4.583410217e-15 0)
(3 -5.386027315e-16 0)
(3 2.457688662e-15 0)
(3 2.833234473e-15 0)
(3 1.503105708e-15 0)
(3 1.046293689e-15 0)
(3 1.159642801e-16 0)
(3 6.114663733e-16 0)
(3 -5.627845635e-16 0)
(3 -1.175704003e-15 0)
(3 -5.881393175e-16 0)
(3 3.459653132e-16 0)
(3 1.028841837e-15 0)
(3 1.073868636e-16 0)
(3 -4.245987367e-16 0)
(3 -2.241095822e-15 0)
(3 -3.292309989e-15 0)
(3 -4.785074591e-15 0)
(3 -4.666725829e-15 0)
(3 2.701471941e-17 0)
(3 8.145218939e-17 0)
(3 8.515446319e-16 0)
(3 1.656813335e-15 0)
(3 2.563774234e-15 0)
(3 3.234726665e-15 0)
(3 3.910255552e-15 0)
(3 3.49577392e-15 0)
(3 2.23596272e-15 0)
(3 8.449941041e-16 0)
(3 1.531120074e-16 0)
(3 -7.346778854e-16 0)
(3 -1.599153084e-15 0)
(3 -1.632136432e-15 0)
(3 -1.283387285e-15 0)
(3 -1.174537783e-15 0)
(3 3.349066423e-16 0)
(3 9.750255434e-16 0)
(3 1.840132514e-16 0)
(3 -1.247366125e-15 0)
(3 -2.298717009e-15 0)
(3 -2.051690049e-15 0)
(3 -2.698791206e-15 0)
(3 -4.227212442e-15 0)
(3 -4.222689708e-15 0)
(3 -3.677636292e-15 0)
(3 -3.275632866e-15 0)
(3 -2.712170992e-15 0)
(3 -2.883842156e-15 0)
(3 -3.225445816e-15 0)
(3 -3.47508343e-15 0)
(3 -2.827807135e-15 0)
(3 -2.294649897e-15 0)
(3 -1.106557321e-15 0)
(3 -1.826766539e-16 0)
(3 -1.197619828e-16 0)
(3 -8.869774032e-16 0)
(3 -6.871689713e-16 0)
(3 -5.71905131e-16 0)
(3 6.998084145e-16 0)
(3 1.716554845e-15 0)
(3 2.061353633e-15 0)
(3 2.203610356e-15 0)
(3 1.430617714e-15 0)
(3 -4.078058074e-16 0)
(3 -2.023450771e-15 0)
(3 -2.9998414e-15 0)
(3 -1.857872936e-15 0)
(3 -1.105528979e-15 0)
(3 5.655469923e-16 0)
(3 8.506182766e-16 0)
(3 5.738636994e-16 0)
(3 6.484442957e-16 0)
(3 6.487511624e-16 0)
(3 5.483530574e-16 0)
(3 8.544066944e-16 0)
(3 1.131637717e-15 0)
(3 1.015415676e-15 0)
(3 1.576022882e-15 0)
(3 1.773326835e-15 0)
(3 1.645757014e-15 0)
(3 1.132305241e-15 0)
(3 1.282645624e-15 0)
(3 8.826937437e-16 0)
(3 -1.080335715e-15 0)
(3 -1.941709114e-15 0)
(3 -2.34019332e-15 0)
(3 6.238547803e-16 0)
(3 2.079187927e-15 0)
(3 4.686595135e-15 0)
(3 5.116072184e-15 0)
(3 5.278535081e-15 0)
(3 4.343591626e-15 0)
(3 2.003423365e-15 0)
(3 1.036547029e-15 0)
(3 9.374878575e-16 0)
(3 5.647968763e-16 0)
(3 1.474425135e-15 0)
(3 2.576652087e-15 0)
(3 1.918146615e-15 0)
(3 1.195847665e-15 0)
(3 1.654467969e-16 0)
(3 -4.67674734e-16 0)
(3 -4.436662361e-16 0)
(3 -1.232904332e-15 0)
(3 -1.233552398e-15 0)
(3 -7.174476391e-16 0)
(3 -1.042125601e-16 0)
(3 -1.05242271e-15 0)
(3 -2.240513814e-15 0)
(3 -2.332749433e-15 0)
(3 -3.393172569e-15 0)
(3 -3.682848396e-15 0)
(3 -5.014537791e-15 0)
(3 -5.82533035e-15 0)
(3 -6.894289574e-15 0)
(3 -6.535868573e-15 0)
(3 -6.427655947e-15 0)
(3 -5.020886746e-15 0)
(3 -2.063179429e-15 0)
(3 -1.597612058e-15 0)
(3 -1.360065413e-15 0)
(3 -3.320278585e-15 0)
(3 -3.428344423e-15 0)
(3 -2.541212647e-15 0)
(3 -6.587876683e-16 0)
(3 -6.252168343e-16 0)
(3 -1.272586086e-15 0)
(3 -1.266958918e-15 0)
(3 4.526649808e-16 0)
(3 -3.250058921e-16 0)
(3 -7.516079516e-16 0)
(3 7.910921735e-16 0)
(3 1.948573987e-15 0)
(3 4.680838083e-16 0)
(3 -1.150251834e-15 0)
(3 -1.410792675e-15 0)
(3 -9.059054882e-16 0)
(3 -2.117320188e-16 0)
(3 5.552149337e-16 0)
(3 4.500192977e-16 0)
(3 1.39481735e-16 0)
(3 -6.733212588e-16 0)
(3 3.905892351e-16 0)
(3 2.822403065e-15 0)
(3 3.968691561e-15 0)
(3 3.254959219e-15 0)
(3 3.141253063e-15 0)
(3 3.346315825e-15 0)
(3 4.272547358e-15 0)
(3 3.968743221e-15 0)
(3 2.995483469e-15 0)
(3 2.047743807e-15 0)
(3 1.04726427e-15 0)
(3 1.103683743e-15 0)
(3 2.375650325e-15 0)
(3 2.993290445e-15 0)
(3 3.001922646e-15 0)
(3 2.745808697e-15 0)
(3 1.302607871e-15 0)
(3 1.070948448e-15 0)
(3 9.28956197e-16 0)
(3 1.535742035e-15 0)
(3 1.909406274e-15 0)
(3 2.923045156e-15 0)
(3 4.341028969e-15 0)
(3 5.319562267e-15 0)
(3 3.905372184e-15 0)
(3 1.40608232e-15 0)
(3 9.259252014e-17 0)
(3 -8.939395229e-16 0)
(3 -1.353046542e-15 0)
(3 -1.436338158e-15 0)
(3 -6.098434119e-16 0)
(3 -3.503228359e-16 0)
(3 1.652971255e-16 0)
(3 1.255979016e-16 0)
(3 -6.544845601e-17 0)
(3 -1.340137122e-15 0)
(3 -3.003333343e-15 0)
(3 -3.355832669e-15 0)
(3 -4.391158571e-15 0)
(3 -4.407518703e-15 0)
(3 -3.559337081e-15 0)
(3 -2.305448609e-15 0)
(3 -2.02495319e-15 0)
(3 -8.170211214e-16 0)
(3 -7.660595629e-16 0)
(3 -1.318738124e-15 0)
(3 -1.666217696e-15 0)
(3 -1.168286595e-15 0)
(3 1.721095144e-16 0)
(3 1.878129303e-15 0)
(3 1.564008551e-15 0)
(3 -4.454569559e-16 0)
(3 -8.510390522e-16 0)
(3 -9.660942306e-16 0)
(3 -4.53047162e-16 0)
(3 1.113626693e-15 0)
(3 3.624269362e-15 0)
(3 5.537462149e-15 0)
(3 4.293660552e-15 0)
(3 9.578811671e-16 0)
(3 -1.527002051e-15 0)
(3 -1.547941806e-15 0)
(3 -2.343916622e-15 0)
(3 -2.297897064e-15 0)
(3 -5.585020854e-16 0)
(3 8.307907098e-16 0)
(3 -5.240012359e-16 0)
(3 -4.327040592e-16 0)
(3 3.490146788e-15 0)
(3 3.990769041e-15 0)
(3 4.00431539e-15 0)
(3 4.113098127e-15 0)
(3 5.041121092e-15 0)
(3 3.78047677e-15 0)
(3 1.949765379e-15 0)
(3 1.86843426e-15 0)
(3 3.545457712e-16 0)
(3 4.747830345e-16 0)
(3 -3.917379482e-16 0)
(3 -1.339887701e-15 0)
(3 -1.374883888e-15 0)
(3 -2.340121047e-15 0)
(3 -2.626578207e-15 0)
(3 -1.744796721e-15 0)
(3 -6.363343545e-16 0)
(3 -1.341868657e-16 0)
(3 1.197998491e-16 0)
(3 -2.836701758e-16 0)
(3 1.74105654e-16 0)
(3 6.946916938e-16 0)
(3 1.150492842e-15 0)
(3 1.159838187e-15 0)
(3 1.614377794e-15 0)
(3 9.22597924e-16 0)
(3 -1.850803567e-15 0)
(3 -2.931545307e-15 0)
(3 -2.988862451e-15 0)
(3 -2.174409681e-15 0)
(3 -1.139325892e-15 0)
(3 -1.011775555e-15 0)
(3 7.390739737e-16 0)
(3 2.066337651e-15 0)
(3 -2.545952715e-16 0)
(3 -1.923068164e-15 0)
(3 -1.206571624e-15 0)
(3 -8.064595883e-16 0)
(3 -1.53064195e-16 0)
(3 -3.059151552e-16 0)
(3 3.029839246e-16 0)
(3 -9.420414533e-16 0)
(3 -2.947253033e-15 0)
(3 -2.23631619e-15 0)
(3 -1.296010519e-15 0)
(3 -7.165844436e-16 0)
(3 6.533360451e-16 0)
(3 1.648548403e-15 0)
(3 7.387476275e-16 0)
(3 -5.856010119e-16 0)
(3 -2.802930245e-15 0)
(3 -2.432912354e-15 0)
(3 -2.035746139e-15 0)
(3 -6.635069167e-16 0)
(3 2.54904226e-15 0)
(3 3.848106896e-15 0)
(3 3.674015585e-15 0)
(3 1.512138667e-15 0)
(3 -1.050170533e-15 0)
(3 -4.038624391e-15 0)
(3 -6.094953822e-15 0)
(3 -6.577579642e-15 0)
(3 -5.703101447e-15 0)
(3 -4.394964251e-15 0)
(3 -3.23600987e-15 0)
(3 9.42968105e-16 0)
(3 2.168237587e-15 0)
(3 8.609034462e-16 0)
(3 1.08895875e-15 0)
(3 1.10101288e-15 0)
(3 2.463072701e-15 0)
(3 3.41125826e-15 0)
(3 2.487951268e-15 0)
(3 1.942336871e-15 0)
(3 9.007212639e-16 0)
(3 4.12845579e-16 0)
(3 -2.91284163e-17 0)
(3 -6.146787277e-16 0)
(3 -6.020226103e-16 0)
(3 -1.733068859e-15 0)
(3 -1.921353591e-15 0)
(3 -2.092772485e-15 0)
(3 -1.364375584e-15 0)
(3 -1.355617824e-15 0)
(3 -1.002160857e-15 0)
(3 -1.172574432e-15 0)
(3 -1.226427624e-15 0)
(3 -2.214228184e-15 0)
(3 -2.583894939e-15 0)
(3 -2.059345002e-15 0)
(3 -1.089647869e-15 0)
(3 3.192631263e-16 0)
(3 5.136619779e-16 0)
(3 -4.277752078e-16 0)
(3 -2.066734608e-15 0)
(3 -2.908395059e-15 0)
(3 -2.602958456e-15 0)
(3 -2.05723133e-15 0)
(3 -1.396382093e-15 0)
(3 7.249767468e-19 0)
(3 4.082983431e-16 0)
(3 -2.658749121e-16 0)
(3 -5.821484025e-16 0)
(3 -7.095607563e-16 0)
(3 5.163455644e-16 0)
(3 1.085817743e-16 0)
(3 -4.291019625e-16 0)
(3 -1.120683366e-15 0)
(3 -1.647739615e-15 0)
(3 -1.842129236e-15 0)
(3 -2.084761463e-15 0)
(3 -2.097950762e-15 0)
(3 -2.148733725e-15 0)
(3 -2.163878209e-15 0)
(3 -3.095812523e-15 0)
(3 -4.392953077e-15 0)
(3 -4.52749611e-15 0)
(3 -3.672828332e-15 0)
(3 -2.384950994e-15 0)
(3 2.045531598e-17 0)
(3 2.538765096e-15 0)
(3 3.485758406e-15 0)
(3 3.6417958e-15 0)
(3 3.405350419e-15 0)
(3 2.780271688e-15 0)
(3 1.399088683e-15 0)
(3 -5.829114864e-16 0)
(3 -1.741075825e-15 0)
(3 -2.14416388e-15 0)
(3 -1.495675955e-15 0)
(3 -2.900458553e-15 0)
(3 -4.088422014e-15 0)
(3 -2.517713849e-15 0)
(3 -1.079428789e-15 0)
(3 -1.043749152e-15 0)
(3 -7.414964701e-16 0)
(3 1.866960141e-16 0)
(3 1.401524214e-15 0)
(3 2.073060641e-15 0)
(3 2.539835e-15 0)
(3 3.067860056e-15 0)
(3 2.075096245e-17 0)
(3 1.408743226e-15 0)
(3 2.343026532e-16 0)
(3 3.788133371e-16 0)
(3 6.023673789e-16 0)
(3 -8.566504749e-16 0)
(3 -5.924881441e-16 0)
(3 -7.218572136e-16 0)
(3 -8.23550431e-16 0)
(3 -8.568947796e-16 0)
(3 -6.673665437e-16 0)
(3 -6.518413027e-16 0)
(3 -1.000882109e-15 0)
(3 -1.694928405e-15 0)
(3 -2.156997081e-15 0)
(3 -2.312124939e-15 0)
(3 -2.942668308e-15 0)
(3 -1.39849667e-15 0)
(3 -3.611287322e-16 0)
(3 -4.937576141e-16 0)
(3 1.108782206e-15 0)
(3 7.712203682e-16 0)
(3 1.237041444e-16 0)
(3 -2.260255102e-16 0)
(3 -2.471278135e-16 0)
(3 -1.266805317e-15 0)
(3 -2.556201422e-15 0)
(3 -6.716145165e-17 0)
(3 -2.192349115e-16 0)
(3 8.279017921e-16 0)
(3 4.236263461e-15 0)
(3 5.286714264e-15 0)
(3 4.310650418e-15 0)
(3 4.077987785e-15 0)
(3 2.741274994e-15 0)
(3 7.890847308e-16 0)
(3 -1.106796591e-15 0)
(3 -2.577044037e-15 0)
(3 -2.318059136e-15 0)
(3 -3.977796998e-15 0)
(3 -4.337940674e-15 0)
(3 -3.792665944e-15 0)
(3 -2.389659873e-15 0)
(3 -8.869679971e-16 0)
(3 -8.467112243e-16 0)
(3 -6.739892677e-16 0)
(3 2.436730753e-16 0)
(3 9.414663899e-16 0)
(3 4.431383123e-15 0)
(3 6.341508484e-15 0)
(3 4.965241801e-15 0)
(3 2.748620693e-15 0)
(3 6.587495595e-16 0)
(3 2.790166905e-16 0)
(3 -8.689456986e-17 0)
(3 -1.195130878e-15 0)
(3 -4.180203245e-15 0)
(3 -6.097270336e-15 0)
(3 -6.826260356e-15 0)
(3 -6.692199183e-15 0)
(3 -5.241103455e-15 0)
(3 -2.849973776e-15 0)
(3 -7.920161184e-16 0)
(3 -2.095439977e-16 0)
(3 2.347442504e-16 0)
(3 6.435051011e-16 0)
(3 3.429036284e-16 0)
(3 -4.354597082e-17 0)
(3 -9.038719253e-16 0)
(3 -7.516583138e-16 0)
(3 -6.834479227e-16 0)
(3 -1.29134064e-15 0)
(3 -5.871067615e-16 0)
(3 -5.506146678e-16 0)
(3 -6.820328341e-16 0)
(3 -8.956099546e-16 0)
(3 -1.237918305e-15 0)
(3 -1.491869923e-15 0)
(3 -1.377130387e-15 0)
(3 -8.505923205e-16 0)
(3 -1.067919376e-16 0)
(3 7.617444611e-16 0)
(3 -1.510105023e-17 0)
(3 -1.53188579e-15 0)
(3 -1.017407618e-15 0)
(3 -5.707201347e-16 0)
(3 -1.504435006e-16 0)
(3 1.762889847e-15 0)
(3 3.706090328e-15 0)
(3 3.465814848e-15 0)
(3 2.304707353e-15 0)
(3 1.090899638e-15 0)
(3 -1.016614159e-15 0)
(3 -2.03106289e-15 0)
(3 -1.501300738e-15 0)
(3 9.462221211e-16 0)
(3 3.580578167e-15 0)
(3 6.475828193e-15 0)
(3 6.385338352e-15 0)
(3 5.78581953e-15 0)
(3 5.649719562e-15 0)
(3 4.904710992e-15 0)
(3 2.772175963e-15 0)
(3 2.933516394e-16 0)
(3 -1.878258006e-15 0)
(3 -2.008910651e-15 0)
(3 -2.600722648e-15 0)
(3 -2.179064996e-15 0)
(3 -1.026086492e-15 0)
(3 1.286998376e-15 0)
(3 2.770700754e-15 0)
(3 1.649177294e-15 0)
(3 8.495471162e-16 0)
(3 8.427735828e-16 0)
(3 1.336485686e-15 0)
(3 3.049909911e-15 0)
(3 2.998055862e-15 0)
(3 8.398101498e-16 0)
(3 2.415173267e-16 0)
(3 1.219057775e-16 0)
(3 -3.013172691e-16 0)
(3 -1.262767412e-15 0)
(3 -5.04009365e-15 0)
(3 -7.136536474e-15 0)
(3 -8.219804337e-15 0)
(3 -7.020393252e-15 0)
(3 -5.580103849e-15 0)
(3 -5.205789724e-15 0)
(3 -3.377027087e-15 0)
(3 -2.205663984e-15 0)
(3 -1.508008591e-15 0)
(3 -1.379000198e-15 0)
(3 -1.106244254e-15 0)
(3 -1.454947327e-15 0)
(3 3.873703748e-17 0)
(3 -7.805058885e-16 0)
(3 -1.117560807e-15 0)
(3 2.274088244e-17 0)
(3 -2.099263064e-16 0)
(3 -8.920597147e-17 0)
(3 -2.8496201e-16 0)
(3 -6.188723204e-16 0)
(3 -9.908010535e-16 0)
(3 -1.098183307e-15 0)
(3 -1.417101584e-15 0)
(3 -1.717053642e-15 0)
(3 -3.230864472e-16 0)
(3 8.187288626e-16 0)
(3 4.373646036e-16 0)
(3 -3.894307081e-16 0)
(3 -2.624440605e-16 0)
(3 1.106226549e-16 0)
(3 9.1967638e-16 0)
(3 2.43704269e-15 0)
(3 3.664068773e-15 0)
(3 4.158906954e-15 0)
(3 2.828881923e-15 0)
(3 2.220978043e-15 0)
(3 1.083741736e-15 0)
(3 5.045188153e-16 0)
(3 -1.519755268e-15 0)
(3 -3.672598998e-15 0)
(3 -2.301025001e-16 0)
(3 1.295328854e-15 0)
(3 1.939419098e-15 0)
(3 3.647123961e-15 0)
(3 4.313459669e-15 0)
(3 3.912094273e-15 0)
(3 3.531900895e-15 0)
(3 3.05749133e-15 0)
(3 2.796481092e-15 0)
(3 1.10764831e-15 0)
(3 -8.864235412e-16 0)
(3 -2.008556573e-15 0)
(3 -2.04153935e-15 0)
(3 -6.91642771e-16 0)
(3 9.379821598e-16 0)
(3 1.743541232e-15 0)
(3 4.191327018e-15 0)
(3 4.436436645e-15 0)
(3 3.612288514e-15 0)
(3 3.754540489e-15 0)
(3 1.356857499e-15 0)
(3 -1.294101049e-15 0)
(3 -1.463557765e-15 0)
(3 -1.331653859e-15 0)
(3 -1.250179268e-15 0)
(3 -1.837806948e-15 0)
(3 -3.000285556e-15 0)
(3 -4.166811099e-15 0)
(3 -6.003498743e-15 0)
(3 -4.38770512e-15 0)
(3 -3.228101775e-15 0)
(3 -2.538288051e-15 0)
(3 -3.156897266e-15 0)
(3 -3.777411272e-15 0)
(3 -4.565764412e-15 0)
(3 -3.426986036e-15 0)
(3 -2.6109152e-15 0)
(3 -2.096100694e-15 0)
(3 -2.548617301e-15 0)
(3 -8.737107569e-16 0)
(3 -4.254742233e-16 0)
(3 4.084232282e-16 0)
(3 -1.439798874e-17 0)
(3 -1.316639574e-16 0)
(3 -4.866331436e-16 0)
(3 -9.482525703e-16 0)
(3 -1.121478697e-15 0)
(3 -1.266179216e-15 0)
(3 -7.484598296e-16 0)
(3 -8.503233004e-16 0)
(3 -1.188733958e-15 0)
(3 -4.174952689e-16 0)
(3 -9.802438234e-16 0)
(3 -2.861041391e-15 0)
(3 -2.021342523e-15 0)
(3 -5.320869568e-16 0)
(3 1.26786176e-15 0)
(3 2.439541764e-15 0)
(3 3.373609197e-15 0)
(3 2.315233552e-15 0)
(3 4.344158173e-16 0)
(3 -2.399270961e-16 0)
(3 3.761936147e-16 0)
(3 3.31683567e-17 0)
(3 5.637150371e-16 0)
(3 5.661576907e-16 0)
(3 -4.604596049e-16 0)
(3 -7.308929837e-17 0)
(3 -1.655916642e-15 0)
(3 -1.121260648e-15 0)
(3 8.596740855e-16 0)
(3 2.187456825e-15 0)
(3 1.582294877e-15 0)
(3 1.293239152e-15 0)
(3 7.106847148e-16 0)
(3 1.332921464e-15 0)
(3 1.553960805e-15 0)
(3 9.22411137e-16 0)
(3 1.515349243e-15 0)
(3 2.888091985e-15 0)
(3 1.600915065e-15 0)
(3 1.470931497e-15 0)
(3 1.538784947e-15 0)
(3 2.583757996e-15 0)
(3 2.11264605e-15 0)
(3 3.824339103e-16 0)
(3 -1.132046321e-15 0)
(3 -2.578921735e-15 0)
(3 -2.711609195e-15 0)
(3 -3.266726753e-15 0)
(3 -2.930135305e-15 0)
(3 -3.319421721e-15 0)
(3 -4.158626314e-15 0)
(3 -4.786493044e-15 0)
(3 -3.243270458e-15 0)
(3 -1.507756827e-15 0)
(3 -1.070918842e-16 0)
(3 -5.288337931e-16 0)
(3 -1.791250015e-16 0)
(3 1.268243343e-15 0)
(3 1.059055443e-15 0)
(3 -3.727796278e-16 0)
(3 -2.638168066e-15 0)
(3 -3.17191697e-15 0)
(3 -2.473660526e-15 0)
(3 -2.028770916e-15 0)
(3 -1.127364544e-15 0)
(3 -1.428003404e-15 0)
(3 -1.337539534e-15 0)
(3 -3.227774888e-16 0)
(3 -8.745261865e-16 0)
(3 -8.687997454e-16 0)
(3 -5.226766593e-16 0)
(3 -2.071782044e-16 0)
(3 -1.101013219e-16 0)
(3 -3.755150947e-16 0)
(3 -3.75979215e-16 0)
(3 1.977379761e-16 0)
(3 -7.542770616e-16 0)
(3 -1.816521318e-15 0)
(3 -1.366379694e-15 0)
(3 -1.475053474e-16 0)
(3 5.782579845e-16 0)
(3 8.431992427e-16 0)
(3 1.125400621e-15 0)
(3 5.177067318e-16 0)
(3 -6.564822596e-16 0)
(3 -1.237153407e-15 0)
(3 -8.117488161e-16 0)
(3 -9.656070518e-17 0)
(3 2.592136716e-16 0)
(3 4.104765162e-16 0)
(3 1.455690669e-15 0)
(3 3.152308814e-15 0)
(3 1.097430668e-15 0)
(3 -1.596704563e-15 0)
(3 -2.353420863e-15 0)
(3 -2.394777333e-15 0)
(3 -1.906508897e-15 0)
(3 -2.329436662e-15 0)
(3 -1.421153115e-15 0)
(3 -1.409981138e-15 0)
(3 -1.277514413e-15 0)
(3 1.87405255e-16 0)
(3 9.354661712e-16 0)
(3 2.901288271e-15 0)
(3 2.525538784e-15 0)
(3 7.049842335e-16 0)
(3 -2.095124359e-16 0)
(3 1.511928049e-16 0)
(3 2.075400895e-16 0)
(3 -2.169877161e-15 0)
(3 -2.833318739e-15 0)
(3 -3.697142229e-15 0)
(3 -5.143279107e-15 0)
(3 -4.777344488e-15 0)
(3 -4.083468185e-15 0)
(3 -3.419126795e-15 0)
(3 -3.016254333e-15 0)
(3 -2.906873817e-15 0)
(3 -2.100080602e-15 0)
(3 -1.168180298e-15 0)
(3 -5.480999723e-16 0)
(3 5.647303006e-16 0)
(3 4.737939521e-16 0)
(3 1.058449558e-15 0)
(3 3.006223088e-15 0)
(3 3.64024282e-15 0)
(3 3.54021315e-15 0)
(3 6.528918891e-16 0)
(3 -3.716582229e-15 0)
(3 -3.828815097e-15 0)
(3 -1.398269137e-15 0)
(3 -3.532643209e-16 0)
(3 -6.73735208e-17 0)
(3 -4.425340492e-16 0)
(3 4.207310072e-16 0)
(3 5.116063869e-16 0)
(3 6.707473998e-16 0)
(3 7.937577737e-16 0)
(3 6.74272706e-16 0)
(3 -3.208030576e-16 0)
(3 -8.184333181e-16 0)
(3 -1.487579769e-15 0)
(3 -1.50273798e-15 0)
(3 -2.329223987e-15 0)
(3 -1.969488999e-15 0)
(3 -1.693574591e-15 0)
(3 -1.253715611e-15 0)
(3 -2.119922137e-15 0)
(3 -4.295926529e-15 0)
(3 -4.508379684e-15 0)
(3 -3.916182957e-15 0)
(3 -2.733744871e-15 0)
(3 -2.7012721e-15 0)
(3 -2.29182406e-15 0)
(3 -2.20789167e-15 0)
(3 -1.480769573e-15 0)
(3 -2.536474025e-16 0)
(3 1.390849317e-15 0)
(3 3.716379811e-15 0)
(3 3.877320898e-15 0)
(3 4.029821395e-15 0)
(3 1.783636074e-15 0)
(3 -8.671482487e-16 0)
(3 -3.801685651e-15 0)
(3 -5.114100583e-15 0)
(3 -4.24394453e-15 0)
(3 -2.67238415e-15 0)
(3 -1.985565143e-15 0)
(3 -3.741235576e-16 0)
(3 1.876007897e-15 0)
(3 1.639904629e-15 0)
(3 -1.950788592e-16 0)
(3 -9.311813916e-16 0)
(3 -8.828935787e-16 0)
(3 -8.407422013e-16 0)
(3 -1.011779975e-15 0)
(3 -1.964902273e-15 0)
(3 -3.421227389e-15 0)
(3 -5.80671111e-15 0)
(3 -6.186327712e-15 0)
(3 -3.981200428e-15 0)
(3 -2.280095629e-15 0)
(3 -2.248883293e-15 0)
(3 -2.346021773e-15 0)
(3 -1.273848102e-15 0)
(3 -1.920796401e-16 0)
(3 5.210772419e-16 0)
(3 1.083308087e-15 0)
(3 9.613937695e-16 0)
(3 2.210674562e-15 0)
(3 1.064157695e-15 0)
(3 7.01451217e-16 0)
(3 -3.159940476e-16 0)
(3 -1.722107052e-15 0)
(3 -3.447189286e-15 0)
(3 -5.303942819e-15 0)
(3 -4.98934204e-15 0)
(3 -2.684113086e-15 0)
(3 -3.761193125e-16 0)
(3 2.753536508e-16 0)
(3 2.282376452e-17 0)
(3 4.127294527e-17 0)
(3 -4.750811209e-17 0)
(3 1.142525913e-15 0)
(3 5.148034469e-16 0)
(3 -9.326996894e-16 0)
(3 -2.090066131e-15 0)
(3 -2.115821301e-15 0)
(3 -3.22725906e-15 0)
(3 -4.165029067e-15 0)
(3 -5.397652034e-15 0)
(3 -4.69342118e-15 0)
(3 -4.77858899e-15 0)
(3 -4.575437794e-15 0)
(3 -3.758535875e-15 0)
(3 -4.544779957e-15 0)
(3 -3.999397472e-15 0)
(3 -3.88831058e-15 0)
(3 -3.590126839e-15 0)
(3 -2.786859813e-15 0)
(3 -2.260164196e-15 0)
(3 -1.71739204e-15 0)
(3 4.674231241e-17 0)
(3 1.411857228e-15 0)
(3 1.79119238e-15 0)
(3 1.514360649e-15 0)
(3 3.190438016e-15 0)
(3 2.783298055e-15 0)
(3 1.546461259e-15 0)
(3 5.305381258e-16 0)
(3 -5.588909647e-16 0)
(3 -1.912580737e-15 0)
(3 -2.352283344e-15 0)
(3 -1.871785e-15 0)
(3 -9.461806841e-16 0)
(3 8.096859907e-17 0)
(3 7.371945317e-16 0)
(3 -4.39193805e-16 0)
(3 -1.683642288e-15 0)
(3 -1.126432091e-15 0)
(3 -1.860212746e-15 0)
(3 -2.542661806e-15 0)
(3 -3.690616329e-15 0)
(3 -3.881497774e-15 0)
(3 -5.845910197e-15 0)
(3 -6.928743577e-15 0)
(3 -5.741628187e-15 0)
(3 -4.035862156e-15 0)
(3 -2.167082359e-15 0)
(3 -2.281069579e-15 0)
(3 -2.13356427e-15 0)
(3 -1.563406527e-15 0)
(3 -9.074412988e-16 0)
(3 1.273199558e-15 0)
(3 1.749833465e-15 0)
(3 8.540256318e-16 0)
(3 1.211234807e-15 0)
(3 8.980002933e-16 0)
(3 -9.611866083e-16 0)
(3 -2.034218005e-15 0)
(3 -3.843694223e-15 0)
(3 -4.1459608e-15 0)
(3 -3.738229099e-15 0)
(3 -4.687197266e-15 0)
(3 -4.393336442e-15 0)
(3 -3.426362802e-15 0)
(3 -2.961545488e-15 0)
(3 -1.741819604e-15 0)
(3 2.345275567e-16 0)
(3 1.079254446e-15 0)
(3 2.088217447e-15 0)
(3 2.768969931e-15 0)
(3 1.551841843e-15 0)
(3 8.342205712e-16 0)
(3 -8.711519871e-16 0)
(3 -1.378088944e-15 0)
(3 -1.858279061e-15 0)
(3 -3.585684249e-15 0)
(3 -5.165118391e-15 0)
(3 -5.142952965e-15 0)
(3 -3.468368017e-15 0)
(3 -1.140927196e-15 0)
(3 -4.139268749e-16 0)
(3 -1.715181566e-15 0)
(3 -2.788576616e-15 0)
(3 -2.668872543e-15 0)
(3 -2.3495673e-15 0)
(3 -1.200884611e-15 0)
(3 4.571011123e-16 0)
(3 9.393369353e-16 0)
(3 2.01595586e-16 0)
(3 -1.554249692e-15 0)
(3 -1.146279255e-15 0)
(3 -1.113975526e-15 0)
(3 -1.340764222e-15 0)
(3 1.390621556e-16 0)
(3 1.183693138e-16 0)
(3 7.551270946e-16 0)
(3 2.547606696e-15 0)
(3 3.262962813e-15 0)
(3 1.374618745e-15 0)
(3 -8.995330323e-16 0)
(3 -2.138191016e-15 0)
(3 -2.520535278e-15 0)
(3 -1.494866432e-15 0)
(3 2.002083611e-16 0)
(3 -1.874188159e-16 0)
(3 -1.611630478e-15 0)
(3 -2.80173274e-15 0)
(3 -5.423075432e-15 0)
(3 -7.171545951e-15 0)
(3 -6.384143005e-15 0)
(3 -5.278590999e-15 0)
(3 -4.668989174e-15 0)
(3 -4.494317768e-15 0)
(3 -3.270536521e-15 0)
(3 -1.868930589e-15 0)
(3 -6.588207168e-16 0)
(3 2.473186362e-17 0)
(3 2.987026082e-15 0)
(3 4.603035855e-15 0)
(3 3.463396038e-15 0)
(3 3.096886677e-15 0)
(3 1.616571844e-15 0)
(3 1.913651654e-16 0)
(3 -2.796619369e-15 0)
(3 -5.54733796e-15 0)
(3 -6.058408671e-15 0)
(3 -5.701824737e-15 0)
(3 -5.347125823e-15 0)
(3 -5.2676317e-15 0)
(3 -4.161182985e-15 0)
(3 -4.082669206e-15 0)
(3 -3.982049748e-15 0)
(3 -3.443279807e-15 0)
(3 5.607276607e-16 0)
(3 1.572209088e-15 0)
(3 9.746847609e-16 0)
(3 2.141726076e-15 0)
(3 2.435813348e-15 0)
(3 2.564128088e-15 0)
(3 1.083904828e-15 0)
(3 -8.106944801e-16 0)
(3 5.247900684e-16 0)
(3 2.262378973e-16 0)
(3 3.165490364e-17 0)
(3 6.79369509e-16 0)
(3 3.723286949e-16 0)
(3 3.448175458e-16 0)
(3 -7.431648069e-16 0)
(3 -3.091946806e-15 0)
(3 -4.085662571e-15 0)
(3 -4.029160694e-15 0)
(3 -2.891627549e-15 0)
(3 -8.520799576e-16 0)
(3 -3.136550585e-16 0)
(3 -8.601043804e-16 0)
(3 -1.205543354e-15 0)
(3 -8.260682703e-16 0)
(3 -1.258911981e-15 0)
(3 -2.791026996e-15 0)
(3 -2.343900738e-15 0)
(3 -1.685703204e-15 0)
(3 -1.468765206e-15 0)
(3 -5.219574027e-17 0)
(3 1.427303256e-15 0)
(3 1.529651749e-15 0)
(3 1.426094001e-15 0)
(3 5.084991296e-16 0)
(3 6.205458029e-16 0)
(3 1.139854049e-15 0)
(3 1.725378691e-15 0)
(3 2.52061877e-15 0)
(3 1.74277087e-15 0)
(3 2.081595712e-16 0)
(3 -8.247112961e-16 0)
(3 -3.38593316e-15 0)
(3 -4.498618319e-15 0)
(3 -3.963537799e-15 0)
(3 -3.33926826e-15 0)
(3 -3.786783254e-15 0)
(3 -3.663545008e-15 0)
(3 -3.419823854e-15 0)
(3 -8.138991217e-16 0)
(3 9.918712701e-16 0)
(3 3.584151153e-15 0)
(3 4.519169898e-15 0)
(3 3.048955524e-15 0)
(3 2.76841251e-15 0)
(3 2.282072956e-15 0)
(3 3.337796952e-16 0)
(3 -1.813966936e-15 0)
(3 -3.341837004e-15 0)
(3 -6.585220033e-15 0)
(3 -6.877821201e-15 0)
(3 -5.774945955e-15 0)
(3 -4.2572684e-15 0)
(3 -2.182284984e-15 0)
(3 -7.594207339e-16 0)
(3 -1.630181197e-15 0)
(3 -2.385179007e-15 0)
(3 -3.687132953e-15 0)
(3 -5.315089023e-16 0)
(3 -1.810571086e-15 0)
(3 -3.103395658e-15 0)
(3 -3.743357523e-15 0)
(3 -2.703250053e-15 0)
(3 -1.553834688e-15 0)
(3 -1.133018646e-15 0)
(3 -1.745557536e-15 0)
(3 -4.680495503e-16 0)
(3 1.881942386e-15 0)
(3 3.68116225e-15 0)
(3 3.953305237e-15 0)
(3 2.150813736e-15 0)
(3 -7.840475807e-16 0)
(3 -1.805467092e-15 0)
(3 -1.21388646e-15 0)
(3 -3.528586946e-15 0)
(3 -4.389267603e-15 0)
(3 -3.767943e-15 0)
(3 -3.162765745e-15 0)
(3 -3.77929911e-15 0)
(3 -2.858928504e-15 0)
(3 -2.599450285e-15 0)
(3 -2.311005448e-15 0)
(3 -1.601264435e-15 0)
(3 -1.992529468e-15 0)
(3 -3.945023047e-15 0)
(3 -4.602508032e-15 0)
(3 -4.643625892e-15 0)
(3 -4.710988525e-15 0)
(3 -4.663087219e-15 0)
(3 -3.791423811e-15 0)
(3 -2.144616227e-15 0)
(3 -1.169089854e-15 0)
(3 6.558798305e-16 0)
(3 2.803344849e-15 0)
(3 2.592504063e-15 0)
(3 2.686237668e-15 0)
(3 3.582920339e-15 0)
(3 2.996220886e-15 0)
(3 1.085198596e-15 0)
(3 2.728736122e-16 0)
(3 3.75016541e-16 0)
(3 -8.666776885e-16 0)
(3 -9.258511268e-16 0)
(3 -6.831458553e-16 0)
(3 -6.120640019e-16 0)
(3 -1.739617724e-15 0)
(3 -1.772368493e-16 0)
(3 2.594264781e-15 0)
(3 4.647398731e-15 0)
(3 3.827768196e-15 0)
(3 2.419785674e-15 0)
(3 1.004277832e-15 0)
(3 6.025889993e-16 0)
(3 -1.294039228e-15 0)
(3 -2.251698729e-15 0)
(3 -3.292243789e-15 0)
(3 -3.265783572e-15 0)
(3 -3.818116303e-15 0)
(3 -3.61452396e-15 0)
(3 -3.158536717e-15 0)
(3 -2.501406062e-15 0)
(3 -2.220116163e-15 0)
(3 -2.158598889e-15 0)
(3 -1.365959894e-15 0)
(3 -1.118422266e-15 0)
(3 -6.222449925e-16 0)
(3 -2.084312529e-15 0)
(3 -2.15593282e-15 0)
(3 -2.830309912e-15 0)
(3 -2.562895169e-15 0)
(3 -1.817462674e-15 0)
(3 -3.724688616e-16 0)
(3 5.507729105e-16 0)
(3 1.276874667e-15 0)
(3 2.364308527e-15 0)
(3 3.510071789e-15 0)
(3 2.175362126e-15 0)
(3 1.297483077e-16 0)
(3 -6.590101638e-16 0)
(3 -3.656667295e-16 0)
(3 -1.373256961e-15 0)
(3 -1.267220123e-15 0)
(3 -1.876853792e-15 0)
(3 -2.797652145e-15 0)
(3 -4.974751679e-15 0)
(3 -6.398273678e-15 0)
(3 -5.825293539e-15 0)
(3 -3.0661926e-15 0)
(3 -2.592764978e-15 0)
(3 -2.229788443e-15 0)
(3 -1.483643653e-15 0)
(3 -1.770220812e-15 0)
(3 -3.005112888e-15 0)
(3 -3.338482032e-15 0)
(3 -5.638320053e-15 0)
(3 -7.676145822e-15 0)
(3 -7.742306899e-15 0)
(3 -6.037216487e-15 0)
(3 -5.522486973e-15 0)
(3 -3.816903671e-15 0)
(3 -1.943046638e-15 0)
(3 -4.472204918e-17 0)
(3 7.21232892e-16 0)
(3 1.480962138e-15 0)
(3 1.600127559e-15 0)
(3 1.437388558e-15 0)
(3 3.143873789e-15 0)
(3 4.427221995e-15 0)
(3 3.29522798e-15 0)
(3 2.386050007e-15 0)
(3 1.6654367e-15 0)
(3 1.820048679e-16 0)
(3 -1.858328732e-15 0)
(3 -1.946386095e-15 0)
(3 -2.005295617e-15 0)
(3 -8.512217573e-16 0)
(3 1.995790021e-15 0)
(3 3.138271607e-15 0)
(3 2.923993332e-15 0)
(3 1.520020661e-15 0)
(3 -7.410624047e-16 0)
(3 -2.473130416e-15 0)
(3 -3.343439227e-15 0)
(3 -2.919487822e-15 0)
(3 -3.18219492e-15 0)
(3 -3.691158615e-15 0)
(3 -4.564153378e-15 0)
(3 -5.251409799e-15 0)
(3 -4.92662498e-15 0)
(3 -2.625592613e-15 0)
(3 -4.342443642e-16 0)
(3 5.408562508e-16 0)
(3 -1.693612013e-17 0)
(3 -2.080436166e-16 0)
(3 -9.423365784e-17 0)
(3 -4.638729896e-16 0)
(3 -3.179149693e-16 0)
(3 3.525804341e-16 0)
(3 8.603175018e-16 0)
(3 1.413074103e-15 0)
(3 1.736719922e-15 0)
(3 3.258388091e-15 0)
(3 1.61547225e-15 0)
(3 5.152160718e-16 0)
(3 6.943229037e-16 0)
(3 1.464508562e-15 0)
(3 1.086526753e-15 0)
(3 1.005033667e-15 0)
(3 1.979047956e-15 0)
(3 2.430318897e-15 0)
(3 1.818014151e-15 0)
(3 -1.104873482e-16 0)
(3 -2.101959949e-15 0)
(3 -3.595113737e-15 0)
(3 -2.465688617e-15 0)
(3 -5.90029352e-16 0)
(3 1.28166878e-16 0)
(3 3.800084871e-16 0)
(3 4.965355755e-16 0)
(3 -1.204242544e-16 0)
(3 -1.096883059e-15 0)
(3 -3.542614326e-15 0)
(3 -4.888913377e-15 0)
(3 -5.792722114e-15 0)
(3 -6.366929321e-15 0)
(3 -4.788659333e-15 0)
(3 -5.085485277e-15 0)
(3 -4.196561122e-15 0)
(3 -2.531044717e-15 0)
(3 -1.183676775e-15 0)
(3 6.522276415e-16 0)
(3 2.222744285e-15 0)
(3 3.108495799e-15 0)
(3 3.935249455e-15 0)
(3 5.89271316e-15 0)
(3 6.146654006e-15 0)
(3 4.057327801e-15 0)
(3 1.997857878e-15 0)
(3 -2.268270176e-16 0)
(3 -1.312429288e-15 0)
(3 -3.315708877e-15 0)
(3 -5.347574628e-15 0)
(3 -4.989344156e-15 0)
(3 -3.163221247e-15 0)
(3 -2.895233374e-15 0)
(3 -2.954136873e-15 0)
(3 -3.128252099e-15 0)
(3 -2.969137562e-15 0)
(3 -3.551956245e-15 0)
(3 -4.676420766e-15 0)
(3 -6.277554666e-15 0)
(3 -5.672794335e-15 0)
(3 -5.432124211e-15 0)
(3 -5.199893812e-15 0)
(3 -4.795194697e-15 0)
(3 -4.127947795e-15 0)
(3 -3.351021481e-15 0)
(3 -1.221707539e-15 0)
(3 1.207612736e-15 0)
(3 1.835847171e-16 0)
(3 6.455629658e-16 0)
(3 8.011694525e-16 0)
(3 5.301513882e-16 0)
(3 -4.120043587e-16 0)
(3 -7.763984803e-16 0)
(3 -9.810255969e-16 0)
(3 -8.583211059e-16 0)
(3 -9.623781464e-16 0)
(3 -4.891190929e-16 0)
(3 -1.153073853e-15 0)
(3 -1.244447059e-15 0)
(3 -1.487610983e-17 0)
(3 8.684131432e-16 0)
(3 3.328146258e-16 0)
(3 1.110493992e-15 0)
(3 1.77624803e-15 0)
(3 2.003297648e-15 0)
(3 1.210060951e-15 0)
(3 1.058671449e-15 0)
(3 9.604998818e-16 0)
(3 1.214880142e-15 0)
(3 9.597233426e-16 0)
(3 1.37656381e-15 0)
(3 2.201628936e-15 0)
(3 3.212020169e-15 0)
(3 2.754585807e-15 0)
(3 1.324891177e-15 0)
(3 1.03858749e-15 0)
(3 5.207312739e-16 0)
(3 -7.474396236e-16 0)
(3 -1.910294976e-15 0)
(3 -3.806680695e-15 0)
(3 -4.313036314e-15 0)
(3 -5.974419112e-15 0)
(3 -7.895582734e-15 0)
(3 -5.283019808e-15 0)
(3 2.560111591e-16 0)
(3 2.696374879e-15 0)
(3 4.505341014e-15 0)
(3 4.221180192e-15 0)
(3 3.871763659e-15 0)
(3 4.08387869e-15 0)
(3 3.882936128e-15 0)
(3 3.996911125e-15 0)
(3 2.724325441e-15 0)
(3 1.009563543e-15 0)
(3 -1.151029203e-15 0)
(3 -2.223926765e-15 0)
(3 -2.853538306e-15 0)
(3 -5.487777906e-15 0)
(3 -6.4834425e-15 0)
(3 -7.384556948e-15 0)
(3 -8.771283449e-15 0)
(3 -8.411053889e-15 0)
(3 -5.780518633e-15 0)
(3 -5.886586677e-15 0)
(3 -5.191855969e-15 0)
(3 -6.212465644e-15 0)
(3 -6.071497674e-15 0)
(3 -5.381560426e-15 0)
(3 -3.191989883e-15 0)
(3 -3.640021222e-16 0)
(3 5.064238847e-16 0)
(3 6.412951001e-16 0)
(3 2.749801813e-17 0)
(3 1.19766067e-15 0)
(3 8.27291191e-16 0)
(3 1.976116854e-15 0)
(3 2.284998667e-15 0)
(3 2.897024209e-15 0)
(3 1.708497407e-15 0)
(3 4.804919299e-16 0)
(3 -6.590439827e-16 0)
(3 -1.73619006e-15 0)
(3 -2.914240828e-15 0)
(3 -2.931406809e-15 0)
(3 -2.320849548e-15 0)
(3 -1.605977202e-15 0)
(3 -1.995693865e-15 0)
(3 -2.714540823e-15 0)
(3 -2.593818969e-15 0)
(3 -2.075465915e-15 0)
(3 -7.054091068e-16 0)
(3 -1.507073207e-16 0)
(3 3.548072765e-16 0)
(3 1.305540139e-15 0)
(3 1.072824696e-15 0)
(3 1.989602823e-15 0)
(3 2.967650386e-15 0)
(3 2.557582554e-15 0)
(3 2.598197319e-15 0)
(3 2.447015749e-15 0)
(3 1.647455431e-15 0)
(3 1.090352338e-16 0)
(3 3.177961288e-16 0)
(3 1.235820748e-15 0)
(3 4.149385537e-16 0)
(3 4.380797328e-17 0)
(3 -9.397587054e-16 0)
(3 -2.037929026e-15 0)
(3 -2.721480233e-15 0)
(3 -2.616136677e-15 0)
(3 -1.600186882e-15 0)
(3 7.621534734e-17 0)
(3 3.593022911e-15 0)
(3 3.9754207e-15 0)
(3 3.177859483e-15 0)
(3 1.24524401e-15 0)
(3 -1.199063903e-15 0)
(3 -1.301018334e-15 0)
(3 5.346895432e-16 0)
(3 1.515340143e-15 0)
(3 4.514108383e-16 0)
(3 -1.563180023e-15 0)
(3 -1.467352005e-15 0)
(3 -1.651196527e-15 0)
(3 -3.48585389e-15 0)
(3 -4.573708213e-15 0)
(3 -3.437516289e-15 0)
(3 -4.235953923e-15 0)
(3 -3.683256682e-15 0)
(3 -6.868833531e-16 0)
(3 7.702928684e-16 0)
(3 1.586773389e-15 0)
(3 7.498950029e-16 0)
(3 -6.408501549e-16 0)
(3 -1.288438109e-15 0)
(3 -1.081793786e-15 0)
(3 6.517128669e-16 0)
(3 1.1098018e-15 0)
(3 1.019975975e-15 0)
(3 -9.173234497e-16 0)
(3 -1.322239175e-15 0)
(3 2.481192745e-16 0)
(3 6.289955971e-16 0)
(3 7.564087768e-16 0)
(3 8.046279317e-16 0)
(3 1.00754284e-15 0)
(3 1.347605718e-15 0)
(3 1.48483775e-15 0)
(3 2.710160565e-16 0)
(3 -8.210140278e-17 0)
(3 -6.523698062e-16 0)
(3 -3.516591085e-16 0)
(3 1.107565066e-16 0)
(3 -1.242812386e-16 0)
(3 -1.642468384e-15 0)
(3 -1.589070691e-15 0)
(3 -1.034429813e-15 0)
(3 1.733136354e-16 0)
(3 5.517809587e-16 0)
(3 1.217544086e-15 0)
(3 1.25880442e-15 0)
(3 1.617597397e-15 0)
(3 2.407181893e-15 0)
(3 2.534896612e-15 0)
(3 2.397659162e-15 0)
(3 1.162687548e-15 0)
(3 -4.382142647e-16 0)
(3 -8.235255852e-16 0)
(3 -6.694665465e-16 0)
(3 1.216451907e-17 0)
(3 4.677020398e-16 0)
(3 2.349444933e-16 0)
(3 4.766907828e-16 0)
(3 1.690283887e-15 0)
(3 5.901930426e-16 0)
(3 -5.75947579e-17 0)
(3 -7.973829181e-16 0)
(3 -3.584440136e-16 0)
(3 1.085036186e-15 0)
(3 1.656988413e-15 0)
(3 7.266485308e-16 0)
(3 -1.182898223e-15 0)
(3 -2.347382044e-15 0)
(3 -3.756653084e-15 0)
(3 -4.556284542e-15 0)
(3 -3.716215362e-15 0)
(3 -2.29217236e-15 0)
(3 -1.408772155e-15 0)
(3 -4.201999522e-16 0)
(3 -1.412321181e-15 0)
(3 -2.064562847e-15 0)
(3 -2.377913712e-15 0)
(3 -2.82236279e-15 0)
(3 -2.520653035e-15 0)
(3 -6.208073368e-16 0)
(3 8.535856838e-16 0)
(3 1.684920095e-15 0)
(3 3.315868067e-15 0)
(3 3.058610265e-15 0)
(3 4.911304772e-15 0)
(3 5.06009753e-15 0)
(3 4.05383511e-15 0)
(3 3.300430778e-15 0)
(3 3.230464749e-15 0)
(3 1.82279129e-15 0)
(3 -2.175752512e-16 0)
(3 -1.430041765e-15 0)
(3 -3.677071147e-15 0)
(3 -2.758705784e-16 0)
(3 -3.283386313e-16 0)
(3 1.516339174e-16 0)
(3 4.323550456e-16 0)
(3 8.837793389e-16 0)
(3 9.784752691e-16 0)
(3 1.620276427e-15 0)
(3 2.068730493e-15 0)
(3 3.29358085e-15 0)
(3 2.403094037e-15 0)
(3 1.875916968e-15 0)
(3 2.168897187e-15 0)
(3 3.343338575e-15 0)
(3 3.925917541e-15 0)
(3 4.374165123e-15 0)
(3 4.904651487e-15 0)
(3 4.227932963e-15 0)
(3 3.160483653e-15 0)
(3 4.024049339e-16 0)
(3 4.870445398e-16 0)
(3 2.757805123e-15 0)
(3 3.250756257e-15 0)
(3 2.63229186e-15 0)
(3 2.211394658e-15 0)
(3 1.684378537e-15 0)
(3 9.480245017e-16 0)
(3 1.566977847e-16 0)
(3 -3.745349315e-16 0)
(3 -6.808610948e-16 0)
(3 2.519807156e-16 0)
(3 5.935347194e-16 0)
(3 1.330571336e-15 0)
(3 1.865383089e-15 0)
(3 8.966158239e-16 0)
(3 3.931271093e-16 0)
(3 -4.645318421e-17 0)
(3 -8.787360262e-16 0)
(3 -8.449297425e-16 0)
(3 -2.903549989e-15 0)
(3 -3.567020745e-15 0)
(3 -2.514168474e-15 0)
(3 -2.715389586e-15 0)
(3 -2.315329356e-15 0)
(3 -2.428209324e-15 0)
(3 -3.085492842e-15 0)
(3 -3.29685401e-15 0)
(3 -1.248018827e-15 0)
(3 -8.668958437e-16 0)
(3 -7.495323089e-16 0)
(3 -2.250055828e-15 0)
(3 -2.458266879e-15 0)
(3 -2.112622194e-15 0)
(3 -7.463118656e-16 0)
(3 1.225998422e-15 0)
(3 6.988122749e-16 0)
(3 5.120672649e-16 0)
(3 3.479198123e-16 0)
(3 1.9051232e-15 0)
(3 3.179496119e-15 0)
(3 3.680445658e-15 0)
(3 4.375339162e-15 0)
(3 6.006121603e-15 0)
(3 2.453104926e-15 0)
(3 2.790887798e-16 0)
(3 -1.776522791e-15 0)
(3 -4.259559503e-15 0)
(3 -6.375287283e-15 0)
(3 -2.73260558e-16 0)
(3 4.371507393e-16 0)
(3 7.61312855e-16 0)
(3 1.69246638e-15 0)
(3 1.924096427e-15 0)
(3 2.105341238e-15 0)
(3 2.821228271e-15 0)
(3 3.147097651e-15 0)
(3 2.496662007e-15 0)
(3 3.152625235e-15 0)
(3 2.764611641e-15 0)
(3 2.230267455e-15 0)
(3 2.791005113e-15 0)
(3 6.84655026e-15 0)
(3 6.463847578e-15 0)
(3 5.749678218e-15 0)
(3 3.421951116e-15 0)
(3 3.079225932e-15 0)
(3 3.613409008e-15 0)
(3 3.638474515e-15 0)
(3 2.573489361e-15 0)
(3 1.711435595e-15 0)
(3 2.85450026e-15 0)
(3 2.235807416e-15 0)
(3 2.155140414e-15 0)
(3 1.564990326e-15 0)
(3 -6.880287625e-17 0)
(3 -1.717101604e-15 0)
(3 -2.022498843e-15 0)
(3 -2.566270958e-16 0)
(3 1.981567849e-15 0)
(3 2.509181462e-15 0)
(3 1.751827023e-15 0)
(3 2.289584181e-15 0)
(3 2.003736812e-15 0)
(3 1.156969635e-15 0)
(3 -5.417631839e-17 0)
(3 -2.591341754e-15 0)
(3 -6.16693428e-15 0)
(3 -4.839135725e-15 0)
(3 -3.391811004e-15 0)
(3 -1.461010119e-15 0)
(3 -1.269299311e-15 0)
(3 7.760083904e-16 0)
(3 9.053298777e-16 0)
(3 8.325675834e-17 0)
(3 -2.142868267e-16 0)
(3 -2.997371604e-18 0)
(3 5.695292181e-16 0)
(3 6.894885718e-16 0)
(3 5.057011267e-16 0)
(3 1.454523514e-15 0)
(3 2.117642023e-15 0)
(3 1.206868032e-15 0)
(3 1.103723186e-15 0)
(3 8.811512953e-16 0)
(3 -7.775326378e-16 0)
(3 -9.485151565e-16 0)
(3 -3.241498366e-16 0)
(3 1.366135947e-15 0)
(3 1.766646737e-15 0)
(3 1.350386679e-15 0)
(3 6.609117671e-16 0)
(3 -2.734103198e-16 0)
(3 -1.12572716e-15 0)
(3 -2.42705862e-15 0)
(3 -4.047846122e-15 0)
(3 -4.389747223e-16 0)
(3 -2.992834084e-16 0)
(3 6.990532538e-16 0)
(3 1.133781269e-15 0)
(3 1.980776231e-15 0)
(3 2.950396627e-15 0)
(3 3.180802531e-15 0)
(3 4.339924804e-15 0)
(3 3.822964119e-15 0)
(3 3.341583352e-15 0)
(3 3.063908476e-15 0)
(3 1.913354711e-15 0)
(3 1.92849291e-16 0)
(3 3.104981268e-16 0)
(3 8.875992352e-16 0)
(3 1.410225253e-15 0)
(3 1.717216992e-15 0)
(3 2.402643761e-15 0)
(3 2.73345215e-15 0)
(3 1.726785978e-15 0)
(3 2.095566307e-16 0)
(3 4.83046779e-17 0)
(3 4.567790085e-16 0)
(3 1.45688922e-15 0)
(3 5.311667855e-16 0)
(3 3.538919292e-16 0)
(3 -5.456376872e-16 0)
(3 -2.710461232e-16 0)
(3 9.269451874e-16 0)
(3 9.797568034e-16 0)
(3 1.277617115e-15 0)
(3 3.600481186e-16 0)
(3 1.329377608e-16 0)
(3 1.255598478e-15 0)
(3 1.296424024e-15 0)
(3 5.052707128e-16 0)
(3 -9.839036422e-16 0)
(3 -5.503948733e-15 0)
(3 -7.79197895e-15 0)
(3 -5.974747432e-15 0)
(3 -5.878369353e-15 0)
(3 -3.730304131e-15 0)
(3 -2.33695364e-15 0)
(3 -1.959457602e-16 0)
(3 1.737440448e-16 0)
(3 -2.082482388e-16 0)
(3 -2.831036029e-16 0)
(3 1.407546108e-15 0)
(3 3.189271223e-15 0)
(3 4.832405446e-15 0)
(3 4.799624791e-15 0)
(3 3.861662858e-15 0)
(3 3.378571637e-15 0)
(3 1.333043198e-15 0)
(3 -2.156180994e-16 0)
(3 -1.983191537e-15 0)
(3 -3.165881614e-15 0)
(3 -3.166593514e-15 0)
(3 -1.189175607e-15 0)
(3 1.663249889e-15 0)
(3 3.551283823e-15 0)
(3 3.280471264e-15 0)
(3 1.427010404e-15 0)
(3 1.022535834e-15 0)
(3 7.428182532e-16 0)
(3 -8.13888454e-17 0)
(3 -3.097225127e-15 0)
(3 2.894059428e-16 0)
(3 1.599525808e-16 0)
(3 -2.97652135e-16 0)
(3 -3.730146434e-16 0)
(3 4.434148297e-16 0)
(3 1.882652559e-15 0)
(3 1.575498894e-15 0)
(3 2.298281402e-15 0)
(3 2.078801692e-15 0)
(3 7.573266568e-16 0)
(3 -1.001703455e-15 0)
(3 -1.93734136e-15 0)
(3 -4.281789396e-15 0)
(3 -6.883949402e-15 0)
(3 -6.639051504e-15 0)
(3 -5.131571532e-15 0)
(3 -2.805441588e-15 0)
(3 -1.664066234e-15 0)
(3 -8.694051532e-16 0)
(3 4.342854299e-16 0)
(3 8.348087121e-16 0)
(3 1.007273129e-15 0)
(3 3.605363904e-16 0)
(3 1.181556966e-15 0)
(3 2.023175329e-15 0)
(3 2.03277152e-15 0)
(3 1.460607108e-15 0)
(3 1.727257356e-15 0)
(3 2.472756553e-15 0)
(3 1.248626984e-15 0)
(3 -2.15158283e-16 0)
(3 -1.624314541e-15 0)
(3 -4.811159917e-16 0)
(3 1.680407973e-16 0)
(3 -2.149973946e-16 0)
(3 -5.214708659e-16 0)
(3 -1.784962954e-15 0)
(3 -2.94720001e-15 0)
(3 -3.403571911e-15 0)
(3 -3.593883743e-15 0)
(3 -3.158308196e-15 0)
(3 -4.128476964e-15 0)
(3 -3.310039893e-15 0)
(3 -1.577055047e-15 0)
(3 -7.297135491e-16 0)
(3 1.591502692e-15 0)
(3 3.031492619e-15 0)
(3 4.53353275e-15 0)
(3 6.718343148e-15 0)
(3 6.719353771e-15 0)
(3 5.14122291e-15 0)
(3 2.724890985e-15 0)
(3 4.480144674e-16 0)
(3 -6.439434422e-16 0)
(3 -2.57370117e-15 0)
(3 -3.136263103e-15 0)
(3 -2.542546216e-15 0)
(3 -5.809071293e-16 0)
(3 1.256765875e-15 0)
(3 2.583048948e-15 0)
(3 2.365050347e-15 0)
(3 3.592055796e-15 0)
(3 2.173928264e-15 0)
(3 1.86148753e-15 0)
(3 3.5894665e-16 0)
(3 3.353894145e-16 0)
(3 6.663478678e-16 0)
(3 -1.571145139e-16 0)
(3 -1.344869872e-15 0)
(3 -2.562110193e-15 0)
(3 -3.152563477e-15 0)
(3 -2.728401626e-15 0)
(3 -1.30900804e-15 0)
(3 -2.29097706e-16 0)
(3 -8.24588649e-16 0)
(3 -1.789726092e-15 0)
(3 -3.265165785e-15 0)
(3 -3.547487709e-15 0)
(3 -4.062059617e-15 0)
(3 -4.843343418e-15 0)
(3 -6.040693773e-15 0)
(3 -5.46410653e-15 0)
(3 -5.717838588e-15 0)
(3 -6.341029632e-15 0)
(3 -6.930735229e-15 0)
(3 -5.736085166e-15 0)
(3 -2.262073759e-15 0)
(3 1.566806957e-16 0)
(3 -5.160781918e-17 0)
(3 -3.538171755e-16 0)
(3 -7.881359104e-16 0)
(3 4.755812116e-17 0)
(3 -6.96139997e-17 0)
(3 9.498396019e-16 0)
(3 1.857360186e-15 0)
(3 2.716491853e-15 0)
(3 2.143875869e-15 0)
(3 1.725233471e-15 0)
(3 1.550268343e-15 0)
(3 2.487258699e-15 0)
(3 7.879571739e-16 0)
(3 -6.296296932e-16 0)
(3 -4.008497887e-17 0)
(3 -6.723337012e-16 0)
(3 -4.511178871e-16 0)
(3 -7.552349107e-16 0)
(3 -2.062532353e-15 0)
(3 -2.264128207e-15 0)
(3 -2.671340742e-15 0)
(3 -3.134636062e-15 0)
(3 -2.999733645e-15 0)
(3 -1.708103473e-15 0)
(3 -1.918711603e-16 0)
(3 2.070207012e-15 0)
(3 4.160733115e-15 0)
(3 4.743277604e-15 0)
(3 4.700598153e-15 0)
(3 2.940859824e-15 0)
(3 -1.512365184e-16 0)
(3 -2.909800153e-15 0)
(3 -3.087345178e-15 0)
(3 -2.189759739e-15 0)
(3 -1.660023432e-15 0)
(3 -1.482673695e-15 0)
(3 -4.35115832e-16 0)
(3 3.516542711e-16 0)
(3 6.207060208e-16 0)
(3 7.603669267e-16 0)
(3 1.119638846e-15 0)
(3 1.453581329e-15 0)
(3 9.116589027e-16 0)
(3 5.348948113e-16 0)
(3 4.936889762e-16 0)
(3 3.609625419e-16 0)
(3 -5.781591422e-16 0)
(3 -4.273740987e-16 0)
(3 -5.658505227e-16 0)
(3 -5.611603355e-16 0)
(3 -9.148226746e-16 0)
(3 -1.372047517e-15 0)
(3 -1.323018808e-15 0)
(3 -2.482684343e-15 0)
(3 -2.078193134e-15 0)
(3 -2.486772867e-15 0)
(3 -3.225624324e-15 0)
(3 -2.991784318e-15 0)
(3 -2.604321981e-15 0)
(3 -1.998639659e-15 0)
(3 -1.949683445e-15 0)
(3 -1.764699641e-15 0)
(3 -2.291733373e-15 0)
(3 -3.693482455e-15 0)
(3 -6.105351585e-15 0)
(3 -4.874292479e-15 0)
(3 -2.647728877e-15 0)
(3 -5.392792351e-15 0)
(3 -5.988879804e-15 0)
(3 -6.067482647e-15 0)
(3 -5.264633821e-15 0)
(3 -4.371123974e-15 0)
(3 -1.503565028e-15 0)
(3 9.535442778e-16 0)
(3 7.450086831e-16 0)
(3 1.081717185e-15 0)
(3 1.897801941e-15 0)
(3 2.397641457e-15 0)
(3 1.658391643e-15 0)
(3 1.292549942e-15 0)
(3 2.947570556e-15 0)
(3 9.146413849e-16 0)
(3 -2.168749387e-15 0)
(3 -2.107216726e-15 0)
(3 -2.889914243e-15 0)
(3 -3.183882317e-15 0)
(3 -3.790529312e-15 0)
(3 -3.786869521e-15 0)
(3 -3.895566543e-15 0)
(3 -2.579589258e-15 0)
(3 -1.313411141e-15 0)
(3 -5.967640422e-16 0)
(3 4.035566632e-16 0)
(3 1.577984964e-15 0)
(3 1.874374575e-15 0)
(3 2.30235038e-15 0)
(3 2.234884887e-15 0)
(3 9.332337401e-16 0)
(3 -1.584624332e-15 0)
(3 -1.593528999e-15 0)
(3 -2.356037167e-15 0)
(3 -1.832650226e-15 0)
(3 -1.145860476e-15 0)
(3 -1.755590834e-15 0)
(3 -2.953031426e-15 0)
(3 -3.256343579e-15 0)
(3 -1.671945343e-15 0)
(3 -3.893869213e-15 0)
(3 -2.982908172e-15 0)
(3 -2.173560853e-15 0)
(3 -2.212329276e-15 0)
(3 -3.359605803e-15 0)
(3 -2.425005121e-15 0)
(3 4.240285627e-16 0)
(3 1.668876312e-15 0)
(3 1.548407369e-15 0)
(3 1.580673045e-15 0)
(3 7.596774344e-16 0)
(3 1.600487681e-16 0)
(3 -9.788829216e-16 0)
(3 -1.342002571e-15 0)
(3 -8.44988262e-16 0)
(3 2.365498432e-16 0)
(3 8.574379068e-16 0)
(3 6.957726935e-16 0)
(3 5.11095302e-16 0)
(3 1.182629064e-15 0)
(3 8.573546756e-16 0)
(3 7.257602761e-16 0)
(3 2.69167289e-16 0)
(3 -3.329013364e-16 0)
(3 -3.157083279e-15 0)
(3 -5.601313069e-15 0)
(3 -6.954875556e-15 0)
(3 -6.78017774e-15 0)
(3 -6.877748505e-15 0)
(3 -6.15114656e-15 0)
(3 -5.087061584e-15 0)
(3 -4.155333352e-15 0)
(3 -2.152654252e-15 0)
(3 -1.172539992e-15 0)
(3 -2.547841109e-15 0)
(3 -2.427262681e-15 0)
(3 -1.611844311e-15 0)
(3 -1.125041648e-15 0)
(3 -1.399787649e-16 0)
(3 1.597731281e-15 0)
(3 2.248410287e-15 0)
(3 -2.97444216e-16 0)
(3 -1.292736763e-15 0)
(3 -3.194518286e-15 0)
(3 -3.676221451e-15 0)
(3 -2.958636799e-15 0)
(3 -3.349756022e-15 0)
(3 -3.862311609e-15 0)
(3 -3.235247852e-15 0)
(3 -1.957882619e-15 0)
(3 -8.571418644e-16 0)
(3 2.368559121e-15 0)
(3 2.280395557e-15 0)
(3 1.724889839e-15 0)
(3 2.039133563e-15 0)
(3 1.987365261e-15 0)
(3 1.106371899e-15 0)
(3 2.246389394e-16 0)
(3 -2.105813445e-16 0)
(3 -1.098305252e-16 0)
(3 -6.537525497e-16 0)
(3 -3.998914253e-16 0)
(3 -4.154461878e-16 0)
(3 -2.390299715e-15 0)
(3 -2.69560029e-15 0)
(3 -2.784344413e-15 0)
(3 -3.218363506e-15 0)
(3 -4.661750196e-15 0)
(3 -5.103980954e-15 0)
(3 -4.779110512e-15 0)
(3 -4.310548344e-15 0)
(3 -3.91039753e-15 0)
(3 -8.759001194e-16 0)
(3 2.420333628e-16 0)
(3 2.425094161e-16 0)
(3 4.377638356e-16 0)
(3 -2.316593673e-16 0)
(3 -5.088771812e-16 0)
(3 -9.115984189e-16 0)
(3 -1.744375563e-15 0)
(3 -1.135472776e-15 0)
(3 -4.324302193e-16 0)
(3 8.346972075e-17 0)
(3 1.028611246e-15 0)
(3 1.914769082e-15 0)
(3 2.948551755e-15 0)
(3 2.701261999e-15 0)
(3 2.426832058e-15 0)
(3 1.873934008e-15 0)
(3 -2.280372224e-16 0)
(3 -2.728563227e-15 0)
(3 -4.468021544e-15 0)
(3 -6.624308194e-15 0)
(3 -7.314745183e-15 0)
(3 -6.355009257e-15 0)
(3 -4.683087353e-15 0)
(3 -4.558785867e-15 0)
(3 -3.971538638e-15 0)
(3 -3.752595565e-15 0)
(3 -3.604355954e-15 0)
(3 -5.274046646e-15 0)
(3 -4.813341867e-15 0)
(3 -5.433158296e-15 0)
(3 -6.440243119e-15 0)
(3 -3.934151698e-15 0)
(3 -1.38051999e-15 0)
(3 4.827267589e-16 0)
(3 2.404367481e-16 0)
(3 -9.791832971e-16 0)
(3 -1.691441707e-15 0)
(3 -3.341537078e-15 0)
(3 -4.487483517e-15 0)
(3 -4.755048951e-15 0)
(3 -3.070783375e-15 0)
(3 -1.289929156e-15 0)
(3 -6.966156667e-16 0)
(3 -1.170197004e-16 0)
(3 8.572205517e-16 0)
(3 2.612538034e-15 0)
(3 2.3174916e-15 0)
(3 1.907473418e-15 0)
(3 1.894471263e-15 0)
(3 7.970834719e-16 0)
(3 -3.746250146e-16 0)
(3 -1.445900584e-15 0)
(3 -1.512962454e-15 0)
(3 -5.851037788e-16 0)
(3 -5.9166608e-16 0)
(3 -1.771459953e-15 0)
(3 -3.277121062e-15 0)
(3 -4.011540119e-15 0)
(3 -3.02082737e-15 0)
(3 -2.946067669e-15 0)
(3 -3.717234234e-15 0)
(3 -4.614995576e-15 0)
(3 -5.759570339e-15 0)
(3 -4.539573751e-15 0)
(3 -3.044448016e-15 0)
(3 -8.806503074e-16 0)
(3 2.326955277e-15 0)
(3 -2.628180588e-16 0)
(3 9.347610862e-17 0)
(3 1.70191642e-16 0)
(3 5.545910934e-17 0)
(3 -1.075509754e-15 0)
(3 -1.689315432e-15 0)
(3 -7.927354217e-16 0)
(3 -1.151767215e-15 0)
(3 -9.50703436e-16 0)
(3 -7.818315256e-16 0)
(3 -1.050854385e-15 0)
(3 -7.721504958e-16 0)
(3 5.045452418e-17 0)
(3 7.886508375e-16 0)
(3 -9.316557933e-16 0)
(3 -1.883610331e-15 0)
(3 -2.83657008e-15 0)
(3 -2.557273248e-15 0)
(3 -2.182463311e-15 0)
(3 -2.140487194e-15 0)
(3 -2.635240083e-15 0)
(3 -2.7862512e-15 0)
(3 -3.018403383e-15 0)
(3 -3.964136829e-15 0)
(3 -4.075329592e-15 0)
(3 -4.722691575e-15 0)
(3 -4.916926578e-15 0)
(3 -5.820298408e-15 0)
(3 -6.158257093e-15 0)
(3 -5.789929263e-15 0)
(3 -6.160606081e-15 0)
(3 -5.182961269e-15 0)
(3 -3.524663583e-15 0)
(3 -1.992688415e-15 0)
(3 -1.142806097e-15 0)
(3 -1.390347369e-15 0)
(3 -1.810993577e-15 0)
(3 -3.485331335e-15 0)
(3 -3.781620176e-15 0)
(3 -4.793642785e-15 0)
(3 -1.834321077e-15 0)
(3 2.043910944e-16 0)
(3 2.261469341e-15 0)
(3 2.95798201e-15 0)
(3 2.339474497e-15 0)
(3 1.82654264e-15 0)
(3 1.677859935e-15 0)
(3 7.804109509e-16 0)
(3 -4.834839341e-16 0)
(3 -1.466401418e-15 0)
(3 -1.627375922e-15 0)
(3 -1.374320729e-15 0)
(3 -6.125947445e-16 0)
(3 -8.765110083e-16 0)
(3 -1.657486515e-15 0)
(3 -2.802039665e-15 0)
(3 -4.010612275e-15 0)
(3 -3.784047493e-15 0)
(3 -4.534645874e-15 0)
(3 -5.20706872e-15 0)
(3 -5.6090468e-15 0)
(3 -4.704452042e-15 0)
(3 -3.124159682e-15 0)
(3 -2.162045587e-15 0)
(3 -1.783999522e-16 0)
(3 4.790747876e-15 0)
(3 7.036336821e-15 0)
(3 -1.813525926e-16 0)
(3 4.213230431e-16 0)
(3 5.585051581e-16 0)
(3 3.450084945e-16 0)
(3 -1.42240275e-17 0)
(3 -3.447380899e-16 0)
(3 -3.183968864e-16 0)
(3 -4.297802498e-16 0)
(3 -8.423672826e-16 0)
(3 -8.845628148e-16 0)
(3 -6.748927366e-16 0)
(3 -1.114178107e-15 0)
(3 -1.108120766e-15 0)
(3 -2.047964783e-15 0)
(3 -2.29733264e-15 0)
(3 -3.22761771e-15 0)
(3 -3.285701453e-15 0)
(3 -2.399164621e-15 0)
(3 -1.569731516e-15 0)
(3 -3.445151405e-16 0)
(3 -8.233924091e-16 0)
(3 -2.171331285e-15 0)
(3 -2.73418722e-15 0)
(3 -2.400239455e-15 0)
(3 -1.997574395e-15 0)
(3 -2.87848864e-15 0)
(3 -4.571134429e-15 0)
(3 -4.164981614e-15 0)
(3 -4.03908269e-15 0)
(3 -3.975227645e-15 0)
(3 -5.329523672e-15 0)
(3 -6.54064011e-15 0)
(3 -6.337055004e-15 0)
(3 -5.385193163e-15 0)
(3 -2.743140719e-15 0)
(3 -1.920480194e-15 0)
(3 -2.450351258e-15 0)
(3 -3.041168369e-15 0)
(3 -1.317585198e-15 0)
(3 6.858014695e-16 0)
(3 -1.819206326e-16 0)
(3 9.705914815e-16 0)
(3 9.613786369e-16 0)
(3 -5.059147944e-16 0)
(3 -1.241659138e-15 0)
(3 -1.413969366e-15 0)
(3 -8.532446473e-16 0)
(3 -2.006925362e-15 0)
(3 -2.340586174e-15 0)
(3 -2.816460214e-15 0)
(3 -2.652516757e-15 0)
(3 -1.228256205e-15 0)
(3 6.489557059e-16 0)
(3 1.668969421e-15 0)
(3 1.497503255e-15 0)
(3 7.317642649e-16 0)
(3 -6.851191103e-16 0)
(3 -1.002325082e-15 0)
(3 -2.814641925e-15 0)
(3 -4.408555755e-15 0)
(3 -4.248341033e-15 0)
(3 -4.461439886e-15 0)
(3 -2.161468657e-15 0)
(3 8.484060381e-16 0)
(3 3.490069834e-15 0)
(3 6.321317548e-15 0)
(3 6.918946885e-15 0)
(3 2.236866218e-17 0)
(3 7.795555355e-17 0)
(3 2.249338899e-16 0)
(3 -1.211950284e-16 0)
(3 1.031858441e-15 0)
(3 8.102920043e-16 0)
(3 -9.539256737e-16 0)
(3 -1.99779135e-15 0)
(3 -2.190226672e-15 0)
(3 -2.017502926e-15 0)
(3 -1.409426951e-15 0)
(3 -4.89704002e-16 0)
(3 -1.426217112e-15 0)
(3 -2.924035458e-15 0)
(3 -3.369013164e-15 0)
(3 -4.012385214e-15 0)
(3 -3.904988974e-15 0)
(3 -3.107572138e-15 0)
(3 -1.6919643e-15 0)
(3 -9.765321366e-16 0)
(3 -1.102545698e-15 0)
(3 -3.702018887e-15 0)
(3 -3.48956058e-15 0)
(3 -4.008047362e-15 0)
(3 -3.391528685e-15 0)
(3 -1.896008913e-15 0)
(3 -2.782328501e-15 0)
(3 -2.84037801e-15 0)
(3 -3.869732323e-15 0)
(3 -6.004537899e-15 0)
(3 -6.032092045e-15 0)
(3 -4.841195351e-15 0)
(3 -5.514902805e-15 0)
(3 -2.063089723e-15 0)
(3 -1.971055756e-15 0)
(3 -2.162542792e-15 0)
(3 -2.243390932e-15 0)
(3 -1.571738323e-15 0)
(3 -9.254483468e-17 0)
(3 1.156144779e-15 0)
(3 1.028486179e-15 0)
(3 9.120619852e-16 0)
(3 -2.387330692e-16 0)
(3 -9.235121711e-16 0)
(3 -1.764508486e-15 0)
(3 -2.967410268e-15 0)
(3 -2.573790615e-15 0)
(3 -3.145962882e-15 0)
(3 -3.428535377e-15 0)
(3 -4.190334053e-15 0)
(3 -3.268560623e-15 0)
(3 -1.754930665e-15 0)
(3 1.897275391e-15 0)
(3 2.673894486e-15 0)
(3 4.953428209e-15 0)
(3 5.283759663e-15 0)
(3 5.763205098e-15 0)
(3 5.133043123e-15 0)
(3 3.354147369e-15 0)
(3 7.826341577e-16 0)
(3 -3.049118804e-16 0)
(3 -1.294028745e-15 0)
(3 -1.048912427e-15 0)
(3 -7.248760382e-17 0)
(3 2.067083617e-15 0)
(3 3.496803487e-15 0)
(3 3.932225406e-15 0)
(3 6.331155377e-17 0)
(3 -2.363710949e-16 0)
(3 -2.560367826e-16 0)
(3 -4.487243557e-16 0)
(3 -6.48939266e-16 0)
(3 -6.216951107e-16 0)
(3 -1.335715707e-15 0)
(3 -1.443398383e-15 0)
(3 -2.506727144e-15 0)
(3 -2.566769238e-15 0)
(3 -2.938451282e-15 0)
(3 -2.08908439e-15 0)
(3 -2.488420658e-15 0)
(3 -2.122577442e-15 0)
(3 -2.894458058e-15 0)
(3 -1.978466015e-15 0)
(3 -1.826557074e-15 0)
(3 -1.005753313e-15 0)
(3 -1.935602104e-16 0)
(3 -1.495229052e-15 0)
(3 -2.931827543e-15 0)
(3 -2.783124621e-15 0)
(3 -3.48981959e-15 0)
(3 -5.027711651e-15 0)
(3 -6.224182086e-15 0)
(3 -4.808641169e-15 0)
(3 -5.094923179e-15 0)
(3 -5.461655585e-15 0)
(3 -6.090711981e-15 0)
(3 -5.572456625e-15 0)
(3 -3.407370852e-15 0)
(3 3.872569128e-16 0)
(3 -1.434141009e-16 0)
(3 -6.039835162e-17 0)
(3 -8.460675823e-16 0)
(3 -1.926762184e-15 0)
(3 -6.103109535e-16 0)
(3 -1.209448702e-16 0)
(3 -6.906668986e-16 0)
(3 -1.436457937e-15 0)
(3 -2.108737465e-15 0)
(3 -1.577549598e-15 0)
(3 4.811610803e-16 0)
(3 2.955206233e-15 0)
(3 2.928050008e-15 0)
(3 6.763990513e-16 0)
(3 -1.552492771e-15 0)
(3 -2.489440378e-15 0)
(3 -3.374984663e-15 0)
(3 -3.218152097e-15 0)
(3 -3.397831064e-15 0)
(3 -1.629373627e-15 0)
(3 6.277707246e-16 0)
(3 2.156664464e-15 0)
(3 5.634077933e-15 0)
(3 8.116489789e-15 0)
(3 7.087989136e-15 0)
(3 5.296341601e-15 0)
(3 4.664299946e-15 0)
(3 3.188020553e-15 0)
(3 7.592740519e-16 0)
(3 2.539341968e-16 0)
(3 3.760159528e-17 0)
(3 -5.488216702e-16 0)
(3 7.254816644e-17 0)
(3 1.725952471e-15 0)
(3 3.313132496e-15 0)
(3 4.896209049e-16 0)
(3 3.379108704e-16 0)
(3 -6.579849726e-17 0)
(3 -2.288208178e-16 0)
(3 -3.09261352e-17 0)
(3 -1.474266757e-16 0)
(3 -2.438894039e-16 0)
(3 2.479129416e-16 0)
(3 -3.410820556e-16 0)
(3 -1.624644939e-15 0)
(3 -2.221894991e-15 0)
(3 -2.867378261e-15 0)
(3 -3.024315449e-15 0)
(3 -2.693567263e-15 0)
(3 -1.203552904e-15 0)
(3 1.168183011e-15 0)
(3 1.425475254e-15 0)
(3 1.120382604e-15 0)
(3 -1.779529396e-16 0)
(3 -1.144015461e-15 0)
(3 -2.00156282e-15 0)
(3 -2.535589804e-15 0)
(3 -3.42429822e-15 0)
(3 -4.408468802e-15 0)
(3 -5.807756979e-15 0)
(3 -6.906218375e-15 0)
(3 -5.25389673e-15 0)
(3 -5.426659545e-15 0)
(3 -3.9252092e-15 0)
(3 -3.345494628e-15 0)
(3 5.25972697e-17 0)
(3 1.986602688e-15 0)
(3 2.957145927e-15 0)
)
;

boundaryField
{
    inlet
    {
        type            fixedValue;
        value           uniform (3 0 0);
    }
    outlet
    {
        type            inletOutlet;
        inletValue      nonuniform 0();
        value           nonuniform 0();
    }
    bottom
    {
        type            slip;
    }
    top
    {
        type            slip;
    }
    obstacle
    {
        type            slip;
    }
    defaultFaces
    {
        type            empty;
    }
    procBoundary12to6
    {
        type            processor;
        value           nonuniform List<vector> 
67
(
(3 -5.235821124e-15 0)
(3 -4.292861559e-15 0)
(3 -2.864215847e-15 0)
(3 -1.354405371e-15 0)
(3 -1.175344447e-15 0)
(3 -1.092537054e-15 0)
(3 -1.528889226e-15 0)
(3 -1.934022472e-15 0)
(3 -2.532790928e-15 0)
(3 -3.001016847e-15 0)
(3 -1.510838062e-15 0)
(3 1.41986653e-15 0)
(3 3.749965288e-15 0)
(3 6.214118709e-15 0)
(3 6.197655612e-15 0)
(3 5.743690804e-15 0)
(3 6.008241729e-15 0)
(3 6.965993927e-15 0)
(3 7.251975643e-15 0)
(3 6.668021764e-15 0)
(3 3.967971419e-15 0)
(3 2.915883394e-15 0)
(3 1.250973474e-15 0)
(3 -3.092989875e-15 0)
(3 -5.068966099e-15 0)
(3 -4.431425753e-15 0)
(3 -2.021447511e-15 0)
(3 -3.167489025e-16 0)
(3 1.052458637e-15 0)
(3 2.246410749e-15 0)
(3 2.663963883e-15 0)
(3 3.433969194e-15 0)
(3 3.553159084e-15 0)
(3 2.945291892e-15 0)
(3 2.04541426e-15 0)
(3 3.913017647e-16 0)
(3 1.708234185e-16 0)
(3 1.064480762e-15 0)
(3 1.801199061e-15 0)
(3 1.326931411e-15 0)
(3 5.881386792e-16 0)
(3 1.213978687e-16 0)
(3 1.387372277e-16 0)
(3 -1.816275385e-15 0)
(3 -1.948736323e-18 0)
(3 -1.698725382e-16 0)
(3 -3.617465492e-16 0)
(3 -2.585564648e-16 0)
(3 -3.1909761e-16 0)
(3 -2.831862743e-17 0)
(3 1.26209895e-16 0)
(3 1.734839573e-16 0)
(3 3.004753904e-16 0)
(3 9.223733977e-17 0)
(3 -1.192151308e-15 0)
(3 -2.033257487e-15 0)
(3 -2.436611476e-17 0)
(3 1.533436731e-16 0)
(3 6.342271444e-16 0)
(3 -6.213865899e-16 0)
(3 -3.824515241e-16 0)
(3 -1.605315664e-16 0)
(3 -2.075274561e-16 0)
(3 -1.76913105e-15 0)
(3 -3.273082842e-15 0)
(3 -2.699698207e-15 0)
(3 -2.699698207e-15 0)
)
;
    }
    procBoundary12to13
    {
        type            processor;
        value           nonuniform List<vector> 
34
(
(3 -2.355001879e-15 0)
(3 -4.331492634e-15 0)
(3 -2.334179327e-15 0)
(3 6.970425813e-16 0)
(3 1.565510629e-15 0)
(3 1.312395608e-16 0)
(3 -8.061640255e-16 0)
(3 -1.406432463e-15 0)
(3 -1.163818257e-15 0)
(3 5.599420084e-16 0)
(3 -2.124585813e-15 0)
(3 -4.861527584e-16 0)
(3 -3.163108067e-16 0)
(3 -1.673722572e-15 0)
(3 -3.655984151e-15 0)
(3 -3.679461144e-15 0)
(3 -1.124543724e-15 0)
(3 -1.337726355e-16 0)
(3 1.925564043e-15 0)
(3 2.309930831e-15 0)
(3 -1.311077667e-15 0)
(3 -5.742713313e-15 0)
(3 -7.50841085e-15 0)
(3 -4.593475065e-15 0)
(3 -3.983605835e-15 0)
(3 -1.896945596e-15 0)
(3 -6.490710022e-16 0)
(3 4.713909741e-16 0)
(3 5.167977942e-15 0)
(3 4.145136826e-15 0)
(3 6.402212982e-15 0)
(3 7.269611629e-15 0)
(3 4.332495924e-15 0)
(3 3.616273959e-15 0)
)
;
    }
    procBoundary12to18
    {
        type            processor;
        value           nonuniform List<vector> 
68
(
(3 -1.359821118e-16 0)
(3 -1.467408727e-15 0)
(3 -1.228305348e-15 0)
(3 -1.131997904e-15 0)
(3 -3.7017428e-16 0)
(3 -1.106934579e-15 0)
(3 -2.209270847e-15 0)
(3 -2.58911959e-15 0)
(3 -1.639143168e-15 0)
(3 8.519031336e-16 0)
(3 3.675058797e-15 0)
(3 4.14658707e-15 0)
(3 4.486404586e-15 0)
(3 3.905374385e-15 0)
(3 2.210301767e-15 0)
(3 -3.423515226e-16 0)
(3 -1.664317273e-15 0)
(3 -2.639747524e-15 0)
(3 -2.234519352e-15 0)
(3 -2.766104155e-15 0)
(3 -7.310235178e-16 0)
(3 7.721796702e-16 0)
(3 2.192906385e-15 0)
(3 2.507664128e-15 0)
(3 1.165204069e-15 0)
(3 1.473832608e-15 0)
(3 1.640842861e-15 0)
(3 2.014881693e-15 0)
(3 1.43851294e-15 0)
(3 3.000982032e-15 0)
(3 3.694786754e-15 0)
(3 3.997758359e-15 0)
(3 4.714245625e-15 0)
(3 5.027980593e-15 0)
(3 1.201784901e-16 0)
(3 9.494724027e-16 0)
(3 1.772479891e-15 0)
(3 1.940181499e-15 0)
(3 2.085211874e-15 0)
(3 2.972157321e-15 0)
(3 3.242575641e-15 0)
(3 2.017448425e-15 0)
(3 1.107593952e-15 0)
(3 -1.054284884e-15 0)
(3 -1.145228224e-15 0)
(3 -2.047573063e-15 0)
(3 -2.185209721e-15 0)
(3 -1.609340369e-15 0)
(3 3.897293345e-16 0)
(3 1.591268667e-15 0)
(3 6.133434552e-16 0)
(3 5.294910787e-16 0)
(3 -2.986123542e-16 0)
(3 -1.054876186e-15 0)
(3 -3.92776694e-16 0)
(3 -8.483831732e-17 0)
(3 5.521463605e-16 0)
(3 1.311609818e-15 0)
(3 -1.944365126e-15 0)
(3 -3.042625341e-15 0)
(3 -3.49522338e-15 0)
(3 -3.331740558e-15 0)
(3 -7.128067572e-16 0)
(3 1.479293343e-15 0)
(3 3.279085327e-15 0)
(3 2.598313771e-15 0)
(3 -1.359821118e-16 0)
(3 2.81307827e-15 0)
)
;
    }
}


// ************************************************************************* //
