/*--------------------------------*- C++ -*----------------------------------*\
  =========                 |
  \\      /  F ield         | OpenFOAM: The Open Source CFD Toolbox
   \\    /   O peration     | Website:  https://openfoam.org
    \\  /    A nd           | Version:  7
     \\/     M anipulation  |
\*---------------------------------------------------------------------------*/
FoamFile
{
    version     2.0;
    format      ascii;
    class       volScalarField;
    location    "1.4";
    object      rho;
}
// * * * * * * * * * * * * * * * * * * * * * * * * * * * * * * * * * * * * * //

dimensions      [1 -3 0 0 0 0 0];

internalField   nonuniform List<scalar> 
2222
(
1.40000504
1.40000504
1.40000504
1.40000504
1.40000504
1.40000504
1.40000504
1.40000504
1.40000504
1.40000504
1.40000504
1.40000504
1.40000504
1.40000504
1.40000504
1.40000504
1.40000504
1.40000504
1.40000504
1.40000504
1.40000504
1.40000504
1.40000504
1.40000504
1.40000504
1.40000504
1.40000504
1.40000504
1.40000504
1.40000504
1.40000504
1.40000504
1.40000504
1.40000504
1.40000504
1.40000504
1.40000504
1.40000504
1.40000504
1.40000504
1.40000504
1.40000504
1.40000504
1.40000504
1.40000504
1.40000504
1.40000504
1.40000504
1.40000504
1.40000504
1.40000504
1.40000504
1.40000504
1.40000504
1.40000504
1.40000504
1.40000504
1.40000504
1.40000504
1.40000504
1.40000504
1.40000504
1.40000504
1.40000504
1.40000504
1.40000504
1.40000504
1.40000504
1.40000504
1.40000504
1.40000504
1.40000504
1.40000504
1.40000504
1.40000504
1.40000504
1.40000504
1.40000504
1.40000504
1.40000504
1.40000504
1.40000504
1.40000504
1.40000504
1.40000504
1.40000504
1.40000504
1.40000504
1.40000504
1.40000504
1.40000504
1.40000504
1.40000504
1.40000504
1.40000504
1.40000504
1.40000504
1.40000504
1.40000504
1.40000504
1.40000504
1.40000504
1.40000504
1.40000504
1.40000504
1.40000504
1.40000504
1.40000504
1.40000504
1.40000504
1.40000504
1.40000504
1.40000504
1.40000504
1.40000504
1.40000504
1.40000504
1.40000504
1.40000504
1.40000504
1.40000504
1.40000504
1.40000504
1.40000504
1.40000504
1.40000504
1.40000504
1.40000504
1.40000504
1.40000504
1.40000504
1.40000504
1.40000504
1.40000504
1.40000504
1.40000504
1.40000504
1.40000504
1.40000504
1.40000504
1.40000504
1.40000504
1.40000504
1.40000504
1.40000504
1.40000504
1.40000504
1.40000504
1.40000504
1.40000504
1.40000504
1.40000504
1.40000504
1.40000504
1.40000504
1.40000504
1.40000504
1.40000504
1.40000504
1.40000504
1.40000504
1.40000504
1.40000504
1.40000504
1.40000504
1.40000504
1.40000504
1.40000504
1.40000504
1.40000504
1.40000504
1.40000504
1.40000504
1.40000504
1.40000504
1.40000504
1.40000504
1.40000504
1.40000504
1.40000504
1.40000504
1.40000504
1.40000504
1.40000504
1.40000504
1.40000504
1.40000504
1.40000504
1.40000504
1.40000504
1.40000504
1.40000504
1.40000504
1.40000504
1.40000504
1.40000504
1.40000504
1.40000504
1.40000504
1.40000504
1.40000504
1.40000504
1.40000504
1.40000504
1.40000504
1.40000504
1.40000504
1.40000504
1.40000504
1.40000504
1.40000504
1.40000504
1.40000504
1.40000504
1.40000504
1.40000504
1.40000504
1.40000504
1.40000504
1.40000504
1.40000504
1.40000504
1.40000504
1.40000504
1.40000504
1.40000504
1.40000504
1.40000504
1.40000504
1.40000504
1.40000504
1.40000504
1.40000504
1.40000504
1.40000504
1.40000504
1.40000504
1.40000504
1.40000504
1.40000504
1.40000504
1.40000504
1.40000504
1.40000504
1.40000504
1.40000504
1.40000504
1.40000504
1.40000504
1.40000504
1.40000504
1.40000504
1.40000504
1.40000504
1.40000504
1.40000504
1.40000504
1.40000504
1.40000504
1.40000504
1.40000504
1.40000504
1.40000504
1.40000504
1.40000504
1.40000504
1.40000504
1.40000504
1.40000504
1.40000504
1.40000504
1.40000504
1.40000504
1.40000504
1.40000504
1.40000504
1.40000504
1.40000504
1.40000504
1.40000504
1.40000504
1.40000504
1.40000504
1.40000504
1.40000504
1.40000504
1.40000504
1.40000504
1.40000504
1.40000504
1.40000504
1.40000504
1.40000504
1.40000504
1.40000504
1.40000504
1.40000504
1.40000504
1.40000504
1.40000504
1.40000504
1.40000504
1.40000504
1.40000504
1.40000504
1.40000504
1.40000504
1.40000504
1.40000504
1.40000504
1.40000504
1.40000504
1.40000504
1.40000504
1.40000504
1.40000504
1.40000504
1.40000504
1.40000504
1.40000504
1.40000504
1.40000504
1.40000504
1.40000504
1.40000504
1.40000504
1.40000504
1.40000504
1.40000504
1.40000504
1.40000504
1.40000504
1.40000504
1.40000504
1.40000504
1.40000504
1.40000504
1.40000504
1.40000504
1.40000504
1.40000504
1.40000504
1.40000504
1.40000504
1.40000504
1.40000504
1.40000504
1.40000504
1.40000504
1.40000504
1.40000504
1.40000504
1.40000504
1.40000504
1.40000504
1.40000504
1.40000504
1.40000504
1.40000504
1.40000504
1.40000504
1.40000504
1.40000504
1.40000504
1.40000504
1.40000504
1.40000504
1.40000504
1.40000504
1.40000504
1.40000504
1.40000504
1.40000504
1.40000504
1.40000504
1.40000504
1.40000504
1.40000504
1.40000504
1.40000504
1.40000504
1.40000504
1.40000504
1.40000504
1.40000504
1.40000504
1.40000504
1.40000504
1.40000504
1.40000504
1.40000504
1.40000504
1.40000504
1.40000504
1.40000504
1.40000504
1.40000504
1.40000504
1.40000504
1.40000504
1.40000504
1.40000504
1.40000504
1.40000504
1.40000504
1.40000504
1.40000504
1.40000504
1.40000504
1.40000504
1.40000504
1.40000504
1.40000504
1.40000504
1.40000504
1.40000504
1.40000504
1.40000504
1.40000504
1.40000504
1.40000504
1.40000504
1.40000504
1.40000504
1.40000504
1.40000504
1.40000504
1.40000504
1.40000504
1.40000504
1.40000504
1.40000504
1.40000504
1.40000504
1.40000504
1.40000504
1.40000504
1.40000504
1.40000504
1.40000504
1.40000504
1.40000504
1.40000504
1.40000504
1.40000504
1.40000504
1.40000504
1.40000504
1.40000504
1.40000504
1.40000504
1.40000504
1.40000504
1.40000504
1.40000504
1.40000504
1.40000504
1.40000504
1.40000504
1.40000504
1.40000504
1.40000504
1.40000504
1.40000504
1.40000504
1.40000504
1.40000504
1.40000504
1.40000504
1.40000504
1.40000504
1.40000504
1.40000504
1.40000504
1.40000504
1.40000504
1.40000504
1.40000504
1.40000504
1.40000504
1.40000504
1.40000504
1.40000504
1.40000504
1.40000504
1.40000504
1.40000504
1.40000504
1.40000504
1.40000504
1.40000504
1.40000504
1.40000504
1.40000504
1.40000504
1.40000504
1.40000504
1.40000504
1.40000504
1.40000504
1.40000504
1.40000504
1.40000504
1.40000504
1.40000504
1.40000504
1.40000504
1.40000504
1.40000504
1.40000504
1.40000504
1.40000504
1.40000504
1.40000504
1.40000504
1.40000504
1.40000504
1.40000504
1.40000504
1.40000504
1.40000504
1.40000504
1.40000504
1.40000504
1.40000504
1.40000504
1.40000504
1.40000504
1.40000504
1.40000504
1.40000504
1.40000504
1.40000504
1.40000504
1.40000504
1.40000504
1.40000504
1.40000504
1.40000504
1.40000504
1.40000504
1.40000504
1.40000504
1.40000504
1.40000504
1.40000504
1.40000504
1.40000504
1.40000504
1.40000504
1.40000504
1.40000504
1.40000504
1.40000504
1.40000504
1.40000504
1.40000504
1.40000504
1.40000504
1.40000504
1.40000504
1.40000504
1.40000504
1.40000504
1.40000504
1.40000504
1.40000504
1.40000504
1.40000504
1.40000504
1.40000504
1.40000504
1.40000504
1.40000504
1.40000504
1.40000504
1.40000504
1.40000504
1.40000504
1.40000504
1.40000504
1.40000504
1.40000504
1.40000504
1.40000504
1.40000504
1.40000504
1.40000504
1.40000504
1.40000504
1.40000504
1.40000504
1.40000504
1.40000504
1.40000504
1.40000504
1.40000504
1.40000504
1.40000504
1.40000504
1.40000504
1.40000504
1.40000504
1.40000504
1.40000504
1.40000504
1.40000504
1.40000504
1.40000504
1.40000504
1.40000504
1.40000504
1.40000504
1.40000504
1.40000504
1.40000504
1.40000504
1.40000504
1.40000504
1.40000504
1.40000504
1.40000504
1.40000504
1.40000504
1.40000504
1.40000504
1.40000504
1.40000504
1.40000504
1.40000504
1.40000504
1.40000504
1.40000504
1.40000504
1.40000504
1.40000504
1.40000504
1.40000504
1.40000504
1.40000504
1.40000504
1.40000504
1.40000504
1.40000504
1.40000504
1.40000504
1.40000504
1.40000504
1.40000504
1.40000504
1.40000504
1.40000504
1.40000504
1.40000504
1.40000504
1.40000504
1.40000504
1.40000504
1.40000504
1.40000504
1.40000504
1.40000504
1.40000504
1.40000504
1.40000504
1.40000504
1.40000504
1.40000504
1.40000504
1.40000504
1.40000504
1.40000504
1.40000504
1.40000504
1.40000504
1.40000504
1.40000504
1.40000504
1.40000504
1.40000504
1.40000504
1.40000504
1.40000504
1.40000504
1.40000504
1.40000504
1.40000504
1.40000504
1.40000504
1.40000504
1.40000504
1.40000504
1.40000504
1.40000504
1.40000504
1.40000504
1.40000504
1.40000504
1.40000504
1.40000504
1.40000504
1.40000504
1.40000504
1.40000504
1.40000504
1.40000504
1.40000504
1.40000504
1.40000504
1.40000504
1.40000504
1.40000504
1.40000504
1.40000504
1.40000504
1.40000504
1.40000504
1.40000504
1.40000504
1.40000504
1.40000504
1.40000504
1.40000504
1.40000504
1.40000504
1.40000504
1.40000504
1.40000504
1.40000504
1.40000504
1.40000504
1.40000504
1.40000504
1.40000504
1.40000504
1.40000504
1.40000504
1.40000504
1.40000504
1.40000504
1.40000504
1.40000504
1.40000504
1.40000504
1.40000504
1.40000504
1.40000504
1.40000504
1.40000504
1.40000504
1.40000504
1.40000504
1.40000504
1.40000504
1.40000504
1.40000504
1.40000504
1.40000504
1.40000504
1.40000504
1.40000504
1.40000504
1.40000504
1.40000504
1.40000504
1.40000504
1.40000504
1.40000504
1.40000504
1.40000504
1.40000504
1.40000504
1.40000504
1.40000504
1.40000504
1.40000504
1.40000504
1.40000504
1.40000504
1.40000504
1.40000504
1.40000504
1.40000504
1.40000504
1.40000504
1.40000504
1.40000504
1.40000504
1.40000504
1.40000504
1.40000504
1.40000504
1.40000504
1.40000504
1.40000504
1.40000504
1.40000504
1.40000504
1.40000504
1.40000504
1.40000504
1.40000504
1.40000504
1.40000504
1.40000504
1.40000504
1.40000504
1.40000504
1.40000504
1.40000504
1.40000504
1.40000504
1.40000504
1.40000504
1.40000504
1.40000504
1.40000504
1.40000504
1.40000504
1.40000504
1.40000504
1.40000504
1.40000504
1.40000504
1.40000504
1.40000504
1.40000504
1.40000504
1.40000504
1.40000504
1.40000504
1.40000504
1.40000504
1.40000504
1.40000504
1.40000504
1.40000504
1.40000504
1.40000504
1.40000504
1.40000504
1.40000504
1.40000504
1.40000504
1.40000504
1.40000504
1.40000504
1.40000504
1.40000504
1.40000504
1.40000504
1.40000504
1.40000504
1.40000504
1.40000504
1.40000504
1.40000504
1.40000504
1.40000504
1.40000504
1.40000504
1.40000504
1.40000504
1.40000504
1.40000504
1.40000504
1.40000504
1.40000504
1.40000504
1.40000504
1.40000504
1.40000504
1.40000504
1.40000504
1.40000504
1.40000504
1.40000504
1.40000504
1.40000504
1.40000504
1.40000504
1.40000504
1.40000504
1.40000504
1.40000504
1.40000504
1.40000504
1.40000504
1.40000504
1.40000504
1.40000504
1.40000504
1.40000504
1.40000504
1.40000504
1.40000504
1.40000504
1.40000504
1.40000504
1.40000504
1.40000504
1.40000504
1.40000504
1.40000504
1.40000504
1.40000504
1.40000504
1.40000504
1.40000504
1.40000504
1.40000504
1.40000504
1.40000504
1.40000504
1.40000504
1.40000504
1.40000504
1.40000504
1.40000504
1.40000504
1.40000504
1.40000504
1.40000504
1.40000504
1.40000504
1.40000504
1.40000504
1.40000504
1.40000504
1.40000504
1.40000504
1.40000504
1.40000504
1.40000504
1.40000504
1.40000504
1.40000504
1.40000504
1.40000504
1.40000504
1.40000504
1.40000504
1.40000504
1.40000504
1.40000504
1.40000504
1.40000504
1.40000504
1.40000504
1.40000504
1.40000504
1.40000504
1.40000504
1.40000504
1.40000504
1.40000504
1.40000504
1.40000504
1.40000504
1.40000504
1.40000504
1.40000504
1.40000504
1.40000504
1.40000504
1.40000504
1.40000504
1.40000504
1.40000504
1.40000504
1.40000504
1.40000504
1.40000504
1.40000504
1.40000504
1.40000504
1.40000504
1.40000504
1.40000504
1.40000504
1.40000504
1.40000504
1.40000504
1.40000504
1.40000504
1.40000504
1.40000504
1.40000504
1.40000504
1.40000504
1.40000504
1.40000504
1.40000504
1.40000504
1.40000504
1.40000504
1.40000504
1.40000504
1.40000504
1.40000504
1.40000504
1.40000504
1.40000504
1.40000504
1.40000504
1.40000504
1.40000504
1.40000504
1.40000504
1.40000504
1.40000504
1.40000504
1.40000504
1.40000504
1.40000504
1.40000504
1.40000504
1.40000504
1.40000504
1.40000504
1.40000504
1.40000504
1.40000504
1.40000504
1.40000504
1.40000504
1.40000504
1.40000504
1.40000504
1.40000504
1.40000504
1.40000504
1.40000504
1.40000504
1.40000504
1.40000504
1.40000504
1.40000504
1.40000504
1.40000504
1.40000504
1.40000504
1.40000504
1.40000504
1.40000504
1.40000504
1.40000504
1.40000504
1.40000504
1.40000504
1.40000504
1.40000504
1.40000504
1.40000504
1.40000504
1.40000504
1.40000504
1.40000504
1.40000504
1.40000504
1.40000504
1.40000504
1.40000504
1.40000504
1.40000504
1.40000504
1.40000504
1.40000504
1.40000504
1.40000504
1.40000504
1.40000504
1.40000504
1.40000504
1.40000504
1.40000504
1.40000504
1.40000504
1.40000504
1.40000504
1.40000504
1.40000504
1.40000504
1.40000504
1.40000504
1.40000504
1.40000504
1.40000504
1.40000504
1.40000504
1.40000504
1.40000504
1.40000504
1.40000504
1.40000504
1.40000504
1.40000504
1.40000504
1.40000504
1.40000504
1.40000504
1.40000504
1.40000504
1.40000504
1.40000504
1.40000504
1.40000504
1.40000504
1.40000504
1.40000504
1.40000504
1.40000504
1.40000504
1.40000504
1.40000504
1.40000504
1.40000504
1.40000504
1.40000504
1.40000504
1.40000504
1.40000504
1.40000504
1.40000504
1.40000504
1.40000504
1.40000504
1.40000504
1.40000504
1.40000504
1.40000504
1.40000504
1.40000504
1.40000504
1.40000504
1.40000504
1.40000504
1.40000504
1.40000504
1.40000504
1.40000504
1.40000504
1.40000504
1.40000504
1.40000504
1.40000504
1.40000504
1.40000504
1.40000504
1.40000504
1.40000504
1.40000504
1.40000504
1.40000504
1.40000504
1.40000504
1.40000504
1.40000504
1.40000504
1.40000504
1.40000504
1.40000504
1.40000504
1.40000504
1.40000504
1.40000504
1.40000504
1.40000504
1.40000504
1.40000504
1.40000504
1.40000504
1.40000504
1.40000504
1.40000504
1.40000504
1.40000504
1.40000504
1.40000504
1.40000504
1.40000504
1.40000504
1.40000504
1.40000504
1.40000504
1.40000504
1.40000504
1.40000504
1.40000504
1.40000504
1.40000504
1.40000504
1.40000504
1.40000504
1.40000504
1.40000504
1.40000504
1.40000504
1.40000504
1.40000504
1.40000504
1.40000504
1.40000504
1.40000504
1.40000504
1.40000504
1.40000504
1.40000504
1.40000504
1.40000504
1.40000504
1.40000504
1.40000504
1.40000504
1.40000504
1.40000504
1.40000504
1.40000504
1.40000504
1.40000504
1.40000504
1.40000504
1.40000504
1.40000504
1.40000504
1.40000504
1.40000504
1.40000504
1.40000504
1.40000504
1.40000504
1.40000504
1.40000504
1.40000504
1.40000504
1.40000504
1.40000504
1.40000504
1.40000504
1.40000504
1.40000504
1.40000504
1.40000504
1.40000504
1.40000504
1.40000504
1.40000504
1.40000504
1.40000504
1.40000504
1.40000504
1.40000504
1.40000504
1.40000504
1.40000504
1.40000504
1.40000504
1.40000504
1.40000504
1.40000504
1.40000504
1.40000504
1.40000504
1.40000504
1.40000504
1.40000504
1.40000504
1.40000504
1.40000504
1.40000504
1.40000504
1.40000504
1.40000504
1.40000504
1.40000504
1.40000504
1.40000504
1.40000504
1.40000504
1.40000504
1.40000504
1.40000504
1.40000504
1.40000504
1.40000504
1.40000504
1.40000504
1.40000504
1.40000504
1.40000504
1.40000504
1.40000504
1.40000504
1.40000504
1.40000504
1.40000504
1.40000504
1.40000504
1.40000504
1.40000504
1.40000504
1.40000504
1.40000504
1.40000504
1.40000504
1.40000504
1.40000504
1.40000504
1.40000504
1.40000504
1.40000504
1.40000504
1.40000504
1.40000504
1.40000504
1.40000504
1.40000504
1.40000504
1.40000504
1.40000504
1.40000504
1.40000504
1.40000504
1.40000504
1.40000504
1.40000504
1.40000504
1.40000504
1.40000504
1.40000504
1.40000504
1.40000504
1.40000504
1.40000504
1.40000504
1.40000504
1.40000504
1.40000504
1.40000504
1.40000504
1.40000504
1.40000504
1.40000504
1.40000504
1.40000504
1.40000504
1.40000504
1.40000504
1.40000504
1.40000504
1.40000504
1.40000504
1.40000504
1.40000504
1.40000504
1.40000504
1.40000504
1.40000504
1.40000504
1.40000504
1.40000504
1.40000504
1.40000504
1.40000504
1.40000504
1.40000504
1.40000504
1.40000504
1.40000504
1.40000504
1.40000504
1.40000504
1.40000504
1.40000504
1.40000504
1.40000504
1.40000504
1.40000504
1.40000504
1.40000504
1.40000504
1.40000504
1.40000504
1.40000504
1.40000504
1.40000504
1.40000504
1.40000504
1.40000504
1.40000504
1.40000504
1.40000504
1.40000504
1.40000504
1.40000504
1.40000504
1.40000504
1.40000504
1.40000504
1.40000504
1.40000504
1.40000504
1.40000504
1.40000504
1.40000504
1.40000504
1.40000504
1.40000504
1.40000504
1.40000504
1.40000504
1.40000504
1.40000504
1.40000504
1.40000504
1.40000504
1.40000504
1.40000504
1.40000504
1.40000504
1.40000504
1.40000504
1.40000504
1.40000504
1.40000504
1.40000504
1.40000504
1.40000504
1.40000504
1.40000504
1.40000504
1.40000504
1.40000504
1.40000504
1.40000504
1.40000504
1.40000504
1.40000504
1.40000504
1.40000504
1.40000504
1.40000504
1.40000504
1.40000504
1.40000504
1.40000504
1.40000504
1.40000504
1.40000504
1.40000504
1.40000504
1.40000504
1.40000504
1.40000504
1.40000504
1.40000504
1.40000504
1.40000504
1.40000504
1.40000504
1.40000504
1.40000504
1.40000504
1.40000504
1.40000504
1.40000504
1.40000504
1.40000504
1.40000504
1.40000504
1.40000504
1.40000504
1.40000504
1.40000504
1.40000504
1.40000504
1.40000504
1.40000504
1.40000504
1.40000504
1.40000504
1.40000504
1.40000504
1.40000504
1.40000504
1.40000504
1.40000504
1.40000504
1.40000504
1.40000504
1.40000504
1.40000504
1.40000504
1.40000504
1.40000504
1.40000504
1.40000504
1.40000504
1.40000504
1.40000504
1.40000504
1.40000504
1.40000504
1.40000504
1.40000504
1.40000504
1.40000504
1.40000504
1.40000504
1.40000504
1.40000504
1.40000504
1.40000504
1.40000504
1.40000504
1.40000504
1.40000504
1.40000504
1.40000504
1.40000504
1.40000504
1.40000504
1.40000504
1.40000504
1.40000504
1.40000504
1.40000504
1.40000504
1.40000504
1.40000504
1.40000504
1.40000504
1.40000504
1.40000504
1.40000504
1.40000504
1.40000504
1.40000504
1.40000504
1.40000504
1.40000504
1.40000504
1.40000504
1.40000504
1.40000504
1.40000504
1.40000504
1.40000504
1.40000504
1.40000504
1.40000504
1.40000504
1.40000504
1.40000504
1.40000504
1.40000504
1.40000504
1.40000504
1.40000504
1.40000504
1.40000504
1.40000504
1.40000504
1.40000504
1.40000504
1.40000504
1.40000504
1.40000504
1.40000504
1.40000504
1.40000504
1.40000504
1.40000504
1.40000504
1.40000504
1.40000504
1.40000504
1.40000504
1.40000504
1.40000504
1.40000504
1.40000504
1.40000504
1.40000504
1.40000504
1.40000504
1.40000504
1.40000504
1.40000504
1.40000504
1.40000504
1.40000504
1.40000504
1.40000504
1.40000504
1.40000504
1.40000504
1.40000504
1.40000504
1.40000504
1.40000504
1.40000504
1.40000504
1.40000504
1.40000504
1.40000504
1.40000504
1.40000504
1.40000504
1.40000504
1.40000504
1.40000504
1.40000504
1.40000504
1.40000504
1.40000504
1.40000504
1.40000504
1.40000504
1.40000504
1.40000504
1.40000504
1.40000504
1.40000504
1.40000504
1.40000504
1.40000504
1.40000504
1.40000504
1.40000504
1.40000504
1.40000504
1.40000504
1.40000504
1.40000504
1.40000504
1.40000504
1.40000504
1.40000504
1.40000504
1.40000504
1.40000504
1.40000504
1.40000504
1.40000504
1.40000504
1.40000504
1.40000504
1.40000504
1.40000504
1.40000504
1.40000504
1.40000504
1.40000504
1.40000504
1.40000504
1.40000504
1.40000504
1.40000504
1.40000504
1.40000504
1.40000504
1.40000504
1.40000504
1.40000504
1.40000504
1.40000504
1.40000504
1.40000504
1.40000504
1.40000504
1.40000504
1.40000504
1.40000504
1.40000504
1.40000504
1.40000504
1.40000504
1.40000504
1.40000504
1.40000504
1.40000504
1.40000504
1.40000504
1.40000504
1.40000504
1.40000504
1.40000504
1.40000504
1.40000504
1.40000504
1.40000504
1.40000504
1.40000504
1.40000504
1.40000504
1.40000504
1.40000504
1.40000504
1.40000504
1.40000504
1.40000504
1.40000504
1.40000504
1.40000504
1.40000504
1.40000504
1.40000504
1.40000504
1.40000504
1.40000504
1.40000504
1.40000504
1.40000504
1.40000504
1.40000504
1.40000504
1.40000504
1.40000504
1.40000504
1.40000504
1.40000504
1.40000504
1.40000504
1.40000504
1.40000504
1.40000504
1.40000504
1.40000504
1.40000504
1.40000504
1.40000504
1.40000504
1.40000504
1.40000504
1.40000504
1.40000504
1.40000504
1.40000504
1.40000504
1.40000504
1.40000504
1.40000504
1.40000504
1.40000504
1.40000504
1.40000504
1.40000504
1.40000504
1.40000504
1.40000504
1.40000504
1.40000504
1.40000504
1.40000504
1.40000504
1.40000504
1.40000504
1.40000504
1.40000504
1.40000504
1.40000504
1.40000504
1.40000504
1.40000504
1.40000504
1.40000504
1.40000504
1.40000504
1.40000504
1.40000504
1.40000504
1.40000504
1.40000504
1.40000504
1.40000504
1.40000504
1.40000504
1.40000504
1.40000504
1.40000504
1.40000504
1.40000504
1.40000504
1.40000504
1.40000504
1.40000504
1.40000504
1.40000504
1.40000504
1.40000504
1.40000504
1.40000504
1.40000504
1.40000504
1.40000504
1.40000504
1.40000504
1.40000504
1.40000504
1.40000504
1.40000504
1.40000504
1.40000504
1.40000504
1.40000504
1.40000504
1.40000504
1.40000504
1.40000504
1.40000504
1.40000504
1.40000504
1.40000504
1.40000504
1.40000504
1.40000504
1.40000504
1.40000504
1.40000504
1.40000504
1.40000504
1.40000504
1.40000504
1.40000504
1.40000504
1.40000504
1.40000504
1.40000504
1.40000504
1.40000504
1.40000504
1.40000504
1.40000504
1.40000504
1.40000504
1.40000504
1.40000504
1.40000504
1.40000504
1.40000504
1.40000504
1.40000504
1.40000504
1.40000504
1.40000504
1.40000504
1.40000504
1.40000504
1.40000504
1.40000504
1.40000504
1.40000504
1.40000504
1.40000504
1.40000504
1.40000504
1.40000504
1.40000504
1.40000504
1.40000504
1.40000504
1.40000504
1.40000504
1.40000504
1.40000504
1.40000504
1.40000504
1.40000504
1.40000504
1.40000504
1.40000504
1.40000504
1.40000504
1.40000504
1.40000504
1.40000504
1.40000504
1.40000504
1.40000504
1.40000504
1.40000504
1.40000504
1.40000504
1.40000504
1.40000504
1.40000504
1.40000504
1.40000504
1.40000504
1.40000504
1.400005043
1.40000504
1.40000504
1.40000504
1.40000504
1.40000504
1.40000504
1.40000504
1.40000504
1.40000504
1.40000504
1.40000504
1.40000504
1.40000504
1.40000504
1.40000504
1.40000504
1.40000504
1.40000504
1.40000504
1.40000504
1.40000504
1.40000504
1.40000504
1.40000504
1.40000504
1.40000504
1.40000504
1.40000504
1.400005045
1.400005104
1.400005603
1.40000913
1.400027944
1.40000504
1.40000504
1.40000504
1.40000504
1.40000504
1.40000504
1.40000504
1.40000504
1.40000504
1.40000504
1.40000504
1.40000504
1.40000504
1.40000504
1.40000504
1.40000504
1.40000504
1.40000504
1.40000504
1.40000504
1.40000504
1.40000504
1.40000504
1.40000504
1.400005049
1.400005162
1.400005977
1.400011178
1.400039696
1.400159631
1.400579218
1.402045928
1.406123967
1.40000504
1.40000504
1.40000504
1.40000504
1.40000504
1.40000504
1.40000504
1.40000504
1.40000504
1.40000504
1.40000504
1.40000504
1.40000504
1.40000504
1.40000504
1.40000504
1.40000504
1.40000504
1.40000504
1.400005042
1.400005061
1.400005254
1.400006649
1.400014294
1.400054103
1.400235581
1.400830871
1.402638035
1.40823189
1.42017591
1.443180586
1.491232372
1.556697133
1.40000504
1.40000504
1.40000504
1.40000504
1.40000504
1.40000504
1.40000504
1.40000504
1.40000504
1.40000504
1.40000504
1.40000504
1.40000504
1.400005041
1.400005041
1.400005048
1.40000511
1.400005527
1.400008251
1.400022816
1.400083917
1.40032904
1.401206435
1.403541858
1.409901003
1.426531987
1.453813343
1.502520804
1.588667524
1.682840297
1.800779196
1.927396172
2.022109902
1.40000504
1.40000504
1.40000504
1.40000504
1.40000504
1.40000504
1.40000504
1.40000504
1.40000504
1.400005041
1.400005053
1.400005119
1.40000548
1.400007173
1.400014011
1.400042817
1.400156409
1.400519506
1.401753038
1.405405373
1.413330473
1.432219957
1.469690113
1.520668364
1.607574433
1.727030089
1.832353638
1.964773773
2.071380486
2.14391563
2.238951024
2.291379072
2.298031456
1.40000504
1.40000504
1.40000504
1.400005041
1.400005041
1.400005052
1.400005145
1.400005659
1.400007806
1.400015983
1.400046353
1.400138475
1.400413526
1.401216825
1.403015291
1.407975673
1.420024831
1.440279072
1.482908093
1.552642824
1.637419835
1.761016192
1.884681419
1.998568433
2.135099795
2.204376214
2.254692511
2.322629832
2.353506919
2.365486767
2.381798404
2.383719768
2.380700591
1.40000504
1.400005063
1.400005389
1.400007621
1.40001733
1.400053229
1.400177711
1.400542385
1.401355665
1.403245635
1.407662802
1.415684022
1.431887961
1.461910925
1.502518673
1.580903962
1.684447294
1.786439599
1.920370802
2.031500169
2.136417296
2.248342545
2.278275938
2.30803671
2.338123521
2.341670196
2.347190496
2.353305579
2.360016022
2.362680069
2.366046148
2.364814812
2.356578362
1.400021191
1.400106589
1.400483886
1.401604415
1.404149116
1.409044296
1.419322664
1.438185216
1.462925975
1.50379852
1.563876731
1.635852225
1.736884897
1.846152728
1.95992764
2.103951706
2.20679759
2.268422143
2.340667326
2.376157376
2.391383429
2.408632667
2.410599951
2.409438379
2.408188693
2.404654561
2.395786277
2.378929148
2.354922598
2.332269371
2.31196761
2.30228176
2.298397662
1.405032841
1.41637195
1.439640589
1.478077214
1.522641509
1.575371511
1.659162818
1.739210277
1.810821494
1.913591123
1.992730622
2.078942292
2.165125202
2.208517341
2.258676644
2.292650038
2.322724046
2.361850818
2.389549138
2.396157167
2.391472882
2.385560263
2.369783766
2.360823199
2.362379359
2.361388423
2.350661843
2.332240341
2.319965806
2.309449315
2.302577764
2.302717487
2.30380023
1.513176845
1.648058345
1.794391538
1.930381425
2.060055297
2.198487417
2.300245535
2.371696627
2.473423471
2.563898292
2.576879268
2.61665476
2.643764037
2.633133852
2.606642001
2.570334587
2.531973562
2.497485147
2.452788352
2.393512809
2.353483796
2.327053289
2.309938686
2.300922884
2.297506211
2.293324888
2.285733155
2.277897009
2.275966575
2.27591827
2.277046355
2.281547189
2.29165126
)
;

boundaryField
{
    inlet
    {
        type            calculated;
        value           nonuniform 0();
    }
    outlet
    {
        type            calculated;
        value           nonuniform 0();
    }
    bottom
    {
        type            calculated;
        value           nonuniform 0();
    }
    top
    {
        type            calculated;
        value           nonuniform 0();
    }
    obstacle
    {
        type            calculated;
        value           nonuniform List<scalar> 
33
(
1.513176845
1.648058345
1.794391538
1.930381425
2.060055297
2.198487417
2.300245535
2.371696627
2.473423471
2.563898292
2.576879268
2.61665476
2.643764037
2.633133852
2.606642001
2.570334587
2.531973562
2.497485147
2.452788352
2.393512809
2.353483796
2.327053289
2.309938686
2.300922884
2.297506211
2.293324888
2.285733155
2.277897009
2.275966575
2.27591827
2.277046355
2.281547189
2.29165126
)
;
    }
    defaultFaces
    {
        type            empty;
    }
    procBoundary13to6
    {
        type            processor;
        value           uniform 1.40000504;
    }
    procBoundary13to7
    {
        type            processor;
        value           nonuniform List<scalar> 
71
(
1.40000504
1.40000504
1.40000504
1.40000504
1.40000504
1.40000504
1.40000504
1.40000504
1.40000504
1.40000504
1.40000504
1.40000504
1.40000504
1.40000504
1.40000504
1.40000504
1.40000504
1.40000504
1.40000504
1.40000504
1.40000504
1.40000504
1.40000504
1.40000504
1.40000504
1.40000504
1.40000504
1.40000504
1.40000504
1.40000504
1.40000504
1.40000504
1.40000504
1.40000504
1.40000504
1.40000504
1.40000504
1.40000504
1.40000504
1.40000504
1.40000504
1.40000504
1.40000504
1.40000504
1.40000504
1.40000504
1.40000504
1.40000504
1.40000504
1.40000504
1.40000504
1.40000504
1.40000504
1.40000504
1.40000504
1.40000504
1.40000504
1.40000504
1.40000504
1.40000504
1.40000504
1.40000504
1.40000504
1.40000504
1.40000504
1.40000504
1.40000504
1.40000504
1.40000504
1.40000504
1.40000504
)
;
    }
    procBoundary13to12
    {
        type            processor;
        value           nonuniform List<scalar> 
34
(
1.40000504
1.40000504
1.40000504
1.40000504
1.40000504
1.40000504
1.40000504
1.40000504
1.40000504
1.40000504
1.40000504
1.40000504
1.40000504
1.40000504
1.40000504
1.40000504
1.40000504
1.40000504
1.40000504
1.40000504
1.40000504
1.40000504
1.40000504
1.40000504
1.40000504
1.40000504
1.40000504
1.40000504
1.40000504
1.40000504
1.40000504
1.40000504
1.40000504
1.40000504
)
;
    }
    procBoundary13to14
    {
        type            processor;
        value           nonuniform List<scalar> 
29
(
1.40000504
1.40000504
1.40000504
1.40000504
1.40000504
1.40000504
1.40000504
1.40000504
1.40000504
1.40000504
1.40000504
1.40000504
1.40000504
1.40000504
1.40000504
1.40000504
1.40000504
1.40000504
1.40000504
1.40000504
1.40000504
1.400005078
1.400108462
1.414885476
1.639298903
2.136089369
2.313913237
2.373056736
2.348916735
)
;
    }
    procBoundary13to19
    {
        type            processor;
        value           nonuniform List<scalar> 
35
(
1.40000504
1.40000504
1.40000504
1.40000504
1.40000504
1.40000504
1.40000504
1.40000504
1.40000504
1.40000504
1.40000504
1.40000504
1.40000504
1.40000504
1.40000504
1.40000504
1.40000504
1.40000504
1.40000504
1.40000504
1.40000504
1.40000504
1.40000504
1.40000504
1.40000504
1.40000504
1.40000504
1.40000504
1.40000504
1.40000504
1.40000504
1.40000504
1.40000504
1.40000504
1.40000504
)
;
    }
    procBoundary13to20
    {
        type            processor;
        value           nonuniform List<scalar> 3(2.298656632 2.303673746 2.301028904);
    }
}


// ************************************************************************* //
