/*--------------------------------*- C++ -*----------------------------------*\
  =========                 |
  \\      /  F ield         | OpenFOAM: The Open Source CFD Toolbox
   \\    /   O peration     | Website:  https://openfoam.org
    \\  /    A nd           | Version:  7
     \\/     M anipulation  |
\*---------------------------------------------------------------------------*/
FoamFile
{
    version     2.0;
    format      ascii;
    class       volVectorField;
    location    "4.4";
    object      U;
}
// * * * * * * * * * * * * * * * * * * * * * * * * * * * * * * * * * * * * * //

dimensions      [0 1 -1 0 0 0 0];

internalField   nonuniform List<vector> 
2222
(
(3 3.822512902e-15 0)
(2.957676124 0.01062511477 0)
(2.90951218 0.04602669722 0)
(2.867915738 0.04786464971 0)
(2.82002782 0.1108351134 0)
(2.768422347 0.2096615822 0)
(2.733824104 0.2241421471 0)
(2.711662372 0.2571069885 0)
(2.648699809 0.3582202111 0)
(2.628240434 0.3995764817 0)
(2.610723921 0.4427526113 0)
(2.563451569 0.4874047107 0)
(2.550212133 0.5274194032 0)
(2.536555997 0.5771114921 0)
(2.511349627 0.6139883229 0)
(2.486965977 0.643529024 0)
(2.482291868 0.6743714032 0)
(2.489967154 0.7081153741 0)
(2.497469522 0.7244256938 0)
(2.512673205 0.7162107887 0)
(2.522542726 0.7152217114 0)
(2.531650963 0.7153721846 0)
(2.535873934 0.7155069531 0)
(2.534598069 0.7109001454 0)
(2.536569213 0.7004314438 0)
(2.540310003 0.69502382 0)
(2.544406087 0.6925749372 0)
(2.548090687 0.6884417262 0)
(2.550281953 0.6811965689 0)
(2.552377843 0.6743859063 0)
(2.553163332 0.674407084 0)
(2.552604665 0.6751351761 0)
(2.550700328 0.6771201684 0)
(2.54870778 0.679225048 0)
(2.997708565 0.002897512198 0)
(2.991881697 0.01087999623 0)
(2.979766727 0.0296925141 0)
(2.957658417 0.06195055442 0)
(2.925323447 0.1155170323 0)
(2.883395353 0.1978570081 0)
(2.849077671 0.263233507 0)
(2.780178439 0.3720521195 0)
(2.72139708 0.4867426767 0)
(2.693501989 0.5704456081 0)
(2.596229059 0.7055870371 0)
(2.559814933 0.7772348351 0)
(2.524865245 0.827088053 0)
(2.476641503 0.8964398465 0)
(2.447375839 0.8835275103 0)
(2.435930113 0.8471461062 0)
(2.429920958 0.8294309058 0)
(2.451029276 0.8126012785 0)
(2.475831806 0.7853193809 0)
(2.512763987 0.7575894342 0)
(2.524599464 0.7358651212 0)
(2.5352274 0.7181961924 0)
(2.54877804 0.6969510968 0)
(2.551365917 0.6832760871 0)
(2.558455456 0.6698080889 0)
(2.564855089 0.6610055029 0)
(2.566320292 0.6640519294 0)
(2.570063236 0.6667912331 0)
(2.572829985 0.6671839676 0)
(2.5728803 0.6682492329 0)
(2.571466331 0.6718389815 0)
(2.56729196 0.6766477667 0)
(2.563506414 0.6818412086 0)
(2.99999854 1.546756737e-06 0)
(2.999987861 1.642213758e-05 0)
(2.99994602 7.102427477e-05 0)
(2.999752053 0.0003317255088 0)
(2.999151072 0.00125604268 0)
(2.998157448 0.003084791277 0)
(2.995850102 0.006999306354 0)
(2.989527772 0.01708179109 0)
(2.979530995 0.03707505997 0)
(2.964920964 0.06639196882 0)
(2.936042023 0.1298095713 0)
(2.907273507 0.2027377152 0)
(2.873429235 0.2801142479 0)
(2.801115829 0.435120419 0)
(2.758861313 0.5421743294 0)
(2.749573112 0.5795293748 0)
(2.643747737 0.674678571 0)
(2.608158771 0.7104579309 0)
(2.589091738 0.7216092292 0)
(2.569543227 0.7287078979 0)
(2.56394643 0.7294146505 0)
(2.561392834 0.7232257965 0)
(2.561072555 0.7186929385 0)
(2.558897046 0.7187063722 0)
(2.55736092 0.7188884669 0)
(2.563210363 0.7146808444 0)
(2.570222369 0.7145704387 0)
(2.575938896 0.7091163367 0)
(2.578490063 0.6981585274 0)
(2.579847716 0.6917012052 0)
(2.578020519 0.6866620776 0)
(2.578495839 0.6845495842 0)
(2.579054972 0.6823728656 0)
(3 -4.895018444e-10 0)
(3 1.487713509e-09 0)
(3.000000017 -2.162001412e-08 0)
(2.99999997 5.194794468e-09 0)
(2.999999675 3.708878044e-07 0)
(2.999998565 2.221197167e-06 0)
(2.999993267 9.56089e-06 0)
(2.999966912 4.943903191e-05 0)
(2.999880897 0.0001971833806 0)
(2.999609052 0.0006749092121 0)
(2.998774002 0.002164887723 0)
(2.996426491 0.006925353547 0)
(2.990543523 0.01769270626 0)
(2.970751565 0.05299620263 0)
(2.938498446 0.1244876509 0)
(2.905893536 0.2093203507 0)
(2.796155721 0.4016091134 0)
(2.743899098 0.4947647829 0)
(2.70864377 0.5609592827 0)
(2.595547335 0.709054409 0)
(2.566029358 0.7483291591 0)
(2.557651295 0.7360093324 0)
(2.553144101 0.75808854 0)
(2.543703273 0.7694444837 0)
(2.543684707 0.7636023008 0)
(2.547305397 0.7531563902 0)
(2.55685632 0.7406344131 0)
(2.561871882 0.7282279675 0)
(2.566040974 0.7143643448 0)
(2.575450439 0.6997919914 0)
(2.57536915 0.6902101479 0)
(2.579362068 0.6803470412 0)
(2.584530194 0.6715085676 0)
(3 -3.682572812e-12 0)
(3 -7.706658295e-12 0)
(3.000000001 -1.150321786e-09 0)
(3 -1.110591662e-09 0)
(3 -5.156990445e-10 0)
(3 -8.742940859e-10 0)
(2.999999999 -8.969748562e-10 0)
(3.000000006 1.057547767e-08 0)
(3.000000025 -5.004858241e-08 0)
(2.999999906 7.90039358e-08 0)
(2.999999203 9.984413536e-07 0)
(2.999995729 5.212423513e-06 0)
(2.999972026 3.712183072e-05 0)
(2.99982568 0.0002305968186 0)
(2.99922934 0.001151151478 0)
(2.9966865 0.004862176201 0)
(2.986370581 0.02002919258 0)
(2.964239492 0.05750387433 0)
(2.922523265 0.1201786445 0)
(2.83800274 0.2563458754 0)
(2.782242282 0.3546377033 0)
(2.740771055 0.4280242667 0)
(2.623395117 0.602305347 0)
(2.595379592 0.6716885698 0)
(2.606582463 0.6460649233 0)
(2.589825167 0.6675434736 0)
(2.571785198 0.6987521656 0)
(2.562910071 0.701578531 0)
(2.563415002 0.6995834197 0)
(2.564004485 0.7017146905 0)
(2.560216652 0.7037226273 0)
(2.558504881 0.7010379513 0)
(2.562958309 0.7003756135 0)
(3 -8.074602879e-15 0)
(3 -6.684526328e-13 0)
(3 -4.213862195e-12 0)
(3 -3.366962786e-11 0)
(3 -5.19338997e-11 0)
(3 -6.913788518e-11 0)
(3 -9.697253511e-11 0)
(3 -4.227211724e-10 0)
(3.000000001 -9.083145018e-10 0)
(3 -1.07303691e-09 0)
(3 -8.087692449e-10 0)
(3.000000001 -8.481428284e-10 0)
(3 -1.454436887e-08 0)
(3.000000021 8.558781968e-08 0)
(2.999999902 4.054688027e-08 0)
(2.99999725 2.602621857e-06 0)
(2.999966781 4.075590625e-05 0)
(2.99979894 0.0002683932628 0)
(2.998886671 0.001478911293 0)
(2.994747888 0.006907896628 0)
(2.983456791 0.02438706045 0)
(2.955951594 0.06112596826 0)
(2.890640654 0.1523268475 0)
(2.823742667 0.2661976906 0)
(2.780994532 0.3477547478 0)
(2.658231242 0.5266875417 0)
(2.604294856 0.635345661 0)
(2.606271477 0.6299927115 0)
(2.575497057 0.6674602176 0)
(2.549253822 0.728159162 0)
(2.534299104 0.7397319773 0)
(2.5338981 0.7333500652 0)
(2.537989823 0.7358762563 0)
(3 5.625037618e-15 0)
(3 5.018716199e-15 0)
(3 6.212875203e-15 0)
(3 -1.86515955e-14 0)
(3 -1.573449114e-13 0)
(3 -6.924778608e-13 0)
(3 -5.955195077e-12 0)
(3 -1.784919522e-11 0)
(3 -6.231908715e-11 0)
(3 -1.068151978e-10 0)
(3 -1.383439508e-10 0)
(3 -1.685254528e-10 0)
(3 -5.139881834e-10 0)
(3 -3.321073538e-10 0)
(3.000000001 -8.702517398e-10 0)
(3.000000001 -1.981832377e-09 0)
(2.999999998 2.555680284e-09 0)
(3.000000023 -3.396860363e-08 0)
(2.99999979 1.038829266e-07 0)
(2.999994825 6.365879659e-06 0)
(2.999958366 5.24439365e-05 0)
(2.999684724 0.0004035522022 0)
(2.9981137 0.002419968069 0)
(2.993134384 0.009755591985 0)
(2.979141268 0.02907888249 0)
(2.940458234 0.07918004121 0)
(2.8825514 0.1728068432 0)
(2.833393522 0.2523837831 0)
(2.732269025 0.3985971949 0)
(2.661718837 0.53907985 0)
(2.666254815 0.5390017705 0)
(2.637288301 0.5811001814 0)
(2.588050371 0.6618141266 0)
(3 4.349679054e-15 0)
(3 2.620192305e-15 0)
(3 2.089423084e-15 0)
(3 2.32079262e-15 0)
(3 2.976161724e-15 0)
(3 3.257313456e-15 0)
(3 -2.493299879e-14 0)
(3 -2.819551735e-14 0)
(3 -1.076297969e-13 0)
(3 -5.63858293e-13 0)
(3 -9.394119743e-13 0)
(3 -3.012242783e-12 0)
(3 -3.276647512e-12 0)
(3 -3.679736297e-11 0)
(3 -1.176705638e-10 0)
(3 -2.87539737e-10 0)
(3 -2.469793406e-10 0)
(3.000000002 -2.564895142e-09 0)
(3.000000001 -2.245922232e-09 0)
(3.000000001 -1.054814738e-09 0)
(3.000000003 2.021099806e-09 0)
(3.000000021 -6.929140634e-08 0)
(2.999999195 1.004572057e-06 0)
(2.999991907 1.02509994e-05 0)
(2.999926581 9.222185697e-05 0)
(2.99945662 0.0007206614496 0)
(2.997650893 0.003301001222 0)
(2.991791261 0.01189979686 0)
(2.972741735 0.03524035825 0)
(2.932615534 0.0964026616 0)
(2.887236706 0.174516984 0)
(2.811732283 0.2859078276 0)
(2.709789333 0.4571937086 0)
(3 -8.788155001e-16 0)
(3 -6.967810591e-16 0)
(3 -7.722780358e-16 0)
(3 -4.917290579e-16 0)
(3 -2.84432535e-16 0)
(3 -2.421115096e-17 0)
(3 3.422054878e-16 0)
(3 1.015753472e-15 0)
(3 1.862184216e-16 0)
(3 -6.911163144e-16 0)
(3 -1.736559859e-15 0)
(3 -1.87671492e-15 0)
(3 -2.39363151e-14 0)
(3 -1.864427459e-13 0)
(3 -9.199172572e-13 0)
(3 -1.477940558e-12 0)
(3 -1.291480149e-11 0)
(3 -2.572502338e-11 0)
(3 -8.981184662e-11 0)
(3 -2.413996746e-10 0)
(3 -2.116910174e-10 0)
(3 -1.216151815e-09 0)
(3 -6.115603834e-10 0)
(3.000000004 1.298106982e-09 0)
(3.000000031 -4.346569574e-08 0)
(2.999999917 1.024662651e-07 0)
(2.999998725 1.624299952e-06 0)
(2.999986798 1.56790849e-05 0)
(2.999869091 0.0001754434808 0)
(2.999295587 0.0009721013266 0)
(2.997239896 0.003995525806 0)
(2.989007827 0.01449603259 0)
(2.9663176 0.04677574729 0)
(3 -3.39069987e-15 0)
(3 -2.717753443e-15 0)
(3 -1.836610213e-15 0)
(3 -1.8708748e-15 0)
(3 -2.001487247e-15 0)
(3 -2.561242635e-15 0)
(3 -2.445565526e-15 0)
(3 -2.727890548e-15 0)
(3 -2.412079753e-15 0)
(3 -2.398503222e-15 0)
(3 -2.44635195e-15 0)
(3 -2.581698506e-15 0)
(3 -3.031843553e-15 0)
(3 -3.719062405e-15 0)
(3 -3.493016665e-15 0)
(3 -2.195208923e-15 0)
(3 -1.699781573e-14 0)
(3 -5.754405918e-15 0)
(3 -1.058433935e-13 0)
(3 -6.573172898e-13 0)
(3 -1.218515876e-11 0)
(3 -2.759175146e-11 0)
(3 -6.237417576e-11 0)
(3 -3.44629859e-10 0)
(3 -4.891824721e-10 0)
(3 -5.086243138e-10 0)
(3.000000001 -6.886307294e-10 0)
(3.000000007 -1.179271049e-08 0)
(3 1.078794396e-08 0)
(2.999999856 2.559460237e-07 0)
(2.999998098 1.987581735e-06 0)
(2.99997365 3.34478587e-05 0)
(2.999814775 0.0002572444475 0)
(3 -6.026106471e-15 0)
(3 -5.898548582e-15 0)
(3 -5.992948296e-15 0)
(3 -5.862282748e-15 0)
(3 -5.642516525e-15 0)
(3 -4.583186765e-15 0)
(3 -4.38000522e-15 0)
(3 -5.323533877e-15 0)
(3 -5.753526864e-15 0)
(3 -5.675439507e-15 0)
(3 -5.523657735e-15 0)
(3 -4.625087029e-15 0)
(3 -4.198740805e-15 0)
(3 -4.103503008e-15 0)
(3 -3.825079851e-15 0)
(3 -3.045728239e-15 0)
(3 -2.299536093e-15 0)
(3 -7.431696071e-16 0)
(3 -1.925164539e-16 0)
(3 2.845531859e-15 0)
(3 -3.142697237e-14 0)
(3 -1.678889051e-13 0)
(3 -8.043090658e-13 0)
(3 -2.43299264e-12 0)
(3 -2.72949859e-11 0)
(3 -5.269434563e-11 0)
(3 -1.222556632e-10 0)
(3 -7.530571282e-10 0)
(3 -6.82249518e-10 0)
(3 -5.516084004e-10 0)
(3.000000001 -1.327735583e-09 0)
(2.999999998 -4.998997468e-09 0)
(2.999999992 7.726222933e-08 0)
(3 -7.099298232e-15 0)
(3 -7.622946573e-15 0)
(3 -7.40952064e-15 0)
(3 -8.325135799e-15 0)
(3 -8.092637984e-15 0)
(3 -9.158169496e-15 0)
(3 -9.860737853e-15 0)
(3 -8.723736784e-15 0)
(3 -8.756196719e-15 0)
(3 -7.707539397e-15 0)
(3 -5.784763e-15 0)
(3 -4.317882563e-15 0)
(3 -4.685471389e-15 0)
(3 -5.17142479e-15 0)
(3 -3.244146734e-15 0)
(3 -8.032644685e-16 0)
(3 5.985178919e-16 0)
(3 8.855233263e-16 0)
(3 6.768251489e-16 0)
(3 2.799291165e-15 0)
(3 3.372733242e-15 0)
(3 3.633494651e-15 0)
(3 3.066756242e-15 0)
(3 3.949265276e-15 0)
(3 -5.446651595e-14 0)
(3 -2.468769678e-13 0)
(3 -1.600041443e-12 0)
(3 -5.701913859e-12 0)
(3 -3.513278637e-11 0)
(3 -7.099953765e-11 0)
(3 -2.619934113e-10 0)
(3 -3.102760071e-10 0)
(3 -4.449518552e-10 0)
(3 -7.061172055e-15 0)
(3 -8.280426242e-15 0)
(3 -9.24092418e-15 0)
(3 -9.699546019e-15 0)
(3 -1.062322752e-14 0)
(3 -1.049661237e-14 0)
(3 -1.000591373e-14 0)
(3 -8.53699884e-15 0)
(3 -6.332129545e-15 0)
(3 -4.801024908e-15 0)
(3 -3.598790778e-15 0)
(3 -2.831932476e-15 0)
(3 -1.227874469e-15 0)
(3 -1.995288736e-16 0)
(3 8.581358453e-16 0)
(3 7.882377733e-16 0)
(3 -2.952273227e-16 0)
(3 1.202428421e-15 0)
(3 1.556477474e-15 0)
(3 1.424038151e-15 0)
(3 1.328721423e-15 0)
(3 1.883615927e-15 0)
(3 8.841837221e-16 0)
(3 -7.116743661e-16 0)
(3 4.608793273e-16 0)
(3 8.958290374e-16 0)
(3 -7.681645186e-16 0)
(3 -3.392947456e-15 0)
(3 -7.37902673e-14 0)
(3 -4.314658369e-13 0)
(3 -2.566562429e-12 0)
(3 -1.804468804e-11 0)
(3 -4.370894545e-11 0)
(3 -7.047357388e-15 0)
(3 -8.115224681e-15 0)
(3 -9.501549333e-15 0)
(3 -1.022529393e-14 0)
(3 -1.082412664e-14 0)
(3 -1.066836295e-14 0)
(3 -9.550774175e-15 0)
(3 -8.386358671e-15 0)
(3 -8.102458131e-15 0)
(3 -7.117179059e-15 0)
(3 -6.055258753e-15 0)
(3 -5.886270069e-15 0)
(3 -3.346197969e-15 0)
(3 -4.904122607e-18 0)
(3 1.558903187e-16 0)
(3 9.842335805e-17 0)
(3 2.586163166e-15 0)
(3 3.441338193e-15 0)
(3 2.760182908e-15 0)
(3 2.430403195e-15 0)
(3 1.612748328e-15 0)
(3 1.305954425e-15 0)
(3 5.018348556e-16 0)
(3 3.485509143e-17 0)
(3 2.508873087e-16 0)
(3 4.490275978e-16 0)
(3 -2.08213805e-16 0)
(3 -4.411888485e-15 0)
(3 -9.875827678e-15 0)
(3 -1.168728079e-14 0)
(3 -1.204329857e-14 0)
(3 -7.491315203e-14 0)
(3 -1.903996519e-13 0)
(3 -6.532763606e-15 0)
(3 -7.025111968e-15 0)
(3 -7.277081062e-15 0)
(3 -7.639431266e-15 0)
(3 -7.4906103e-15 0)
(3 -7.51151996e-15 0)
(3 -6.941839874e-15 0)
(3 -6.518254148e-15 0)
(3 -6.09904628e-15 0)
(3 -4.89398675e-15 0)
(3 -4.18397444e-15 0)
(3 -3.010159523e-15 0)
(3 -2.860197257e-15 0)
(3 1.109430791e-15 0)
(3 2.366918933e-15 0)
(3 2.937123976e-15 0)
(3 2.575653701e-15 0)
(3 1.264226156e-15 0)
(3 9.357845808e-16 0)
(3 7.125936452e-16 0)
(3 -8.998276011e-16 0)
(3 -1.477990514e-15 0)
(3 -2.37459032e-15 0)
(3 -2.900161142e-15 0)
(3 -3.770286448e-15 0)
(3 -3.807866313e-15 0)
(3 -3.819373075e-15 0)
(3 -3.681154146e-15 0)
(3 -4.635351456e-15 0)
(3 -6.048821486e-15 0)
(3 -7.499869839e-15 0)
(3 -8.203013414e-15 0)
(3 -7.916284682e-15 0)
(3 -8.287989951e-15 0)
(3 -8.538347799e-15 0)
(3 -8.271083393e-15 0)
(3 -8.544198707e-15 0)
(3 -8.807630175e-15 0)
(3 -8.821230515e-15 0)
(3 -7.471094081e-15 0)
(3 -5.785509176e-15 0)
(3 -4.188204858e-15 0)
(3 -2.771116748e-15 0)
(3 1.341029256e-16 0)
(3 2.093405264e-15 0)
(3 2.960643413e-15 0)
(3 1.887449866e-15 0)
(3 1.328644983e-15 0)
(3 1.632854264e-15 0)
(3 2.355454327e-16 0)
(3 -7.946325431e-16 0)
(3 -6.931437379e-16 0)
(3 -2.876482913e-16 0)
(3 -1.314706472e-15 0)
(3 -2.713985321e-15 0)
(3 -3.209423536e-15 0)
(3 -3.921650199e-15 0)
(3 -5.791025133e-15 0)
(3 -6.798576055e-15 0)
(3 -9.357245605e-15 0)
(3 -1.187955339e-14 0)
(3 -1.207678906e-14 0)
(3 -1.207323371e-14 0)
(3 -1.221388134e-14 0)
(3 -1.109536897e-14 0)
(3 -9.56895587e-15 0)
(3 -1.095756555e-14 0)
(3 -1.031013635e-14 0)
(3 -9.569427794e-15 0)
(3 -8.456748963e-15 0)
(3 -7.205909696e-15 0)
(3 -6.916668678e-15 0)
(3 -4.010493178e-15 0)
(3 -1.16468078e-15 0)
(3 -1.270691668e-15 0)
(3 -1.729310825e-16 0)
(3 7.72767256e-16 0)
(3 2.200381239e-15 0)
(3 4.884267715e-15 0)
(3 5.439750382e-15 0)
(3 4.22321327e-15 0)
(3 2.2868135e-15 0)
(3 1.367316279e-15 0)
(3 2.04289582e-15 0)
(3 2.955312939e-15 0)
(3 3.595191248e-15 0)
(3 5.129920428e-15 0)
(3 3.306565606e-15 0)
(3 -3.206539564e-16 0)
(3 -4.233116101e-15 0)
(3 -6.343738344e-15 0)
(3 -7.278796472e-15 0)
(3 -8.897419671e-15 0)
(3 -9.733884408e-15 0)
(3 -9.944697438e-15 0)
(3 -1.0217893e-14 0)
(3 -1.028362311e-14 0)
(3 -9.918835438e-15 0)
(3 -8.811374523e-15 0)
(3 -7.7819727e-15 0)
(3 -6.743456104e-15 0)
(3 -6.387461152e-15 0)
(3 -5.992722133e-15 0)
(3 -3.833699873e-15 0)
(3 -1.913195309e-15 0)
(3 -1.09150336e-15 0)
(3 3.842068923e-17 0)
(3 6.366991772e-16 0)
(3 1.421926756e-15 0)
(3 3.826772155e-15 0)
(3 4.774748686e-15 0)
(3 6.136642396e-15 0)
(3 7.229127296e-15 0)
(3 4.264825256e-15 0)
(3 1.459818425e-15 0)
(3 1.510017897e-15 0)
(3 1.352115558e-15 0)
(3 9.073903981e-16 0)
(3 -1.151827781e-15 0)
(3 -2.290545025e-15 0)
(3 -2.895416216e-15 0)
(3 -5.164734797e-15 0)
(3 -7.199056866e-15 0)
(3 -7.793785376e-15 0)
(3 -7.2428859e-15 0)
(3 -6.083363277e-15 0)
(3 -5.328168819e-15 0)
(3 -5.764482675e-15 0)
(3 -7.208469234e-15 0)
(3 -8.268911381e-15 0)
(3 -8.713238807e-15 0)
(3 -8.437522698e-15 0)
(3 -7.373343854e-15 0)
(3 -6.757458517e-15 0)
(3 -6.318821991e-15 0)
(3 -4.783253984e-15 0)
(3 -2.310931901e-15 0)
(3 -1.054554855e-15 0)
(3 -1.579954949e-16 0)
(3 5.398411019e-16 0)
(3 2.167974367e-15 0)
(3 3.272168776e-15 0)
(3 3.142426912e-15 0)
(3 2.931279361e-15 0)
(3 3.026103378e-15 0)
(3 2.834476345e-15 0)
(3 9.498611285e-16 0)
(3 8.680858809e-16 0)
(3 -4.399478603e-17 0)
(3 -1.538119755e-15 0)
(3 -2.605463805e-15 0)
(3 -4.301127267e-15 0)
(3 -6.185672776e-15 0)
(3 -6.801313877e-15 0)
(3 -7.727052608e-15 0)
(3 -7.394839738e-15 0)
(3 -6.944202577e-15 0)
(3 -6.249924219e-15 0)
(3 -4.748608678e-15 0)
(3 -4.241745516e-15 0)
(3 -3.496096384e-15 0)
(3 -3.054388193e-15 0)
(3 -4.735220901e-15 0)
(3 -5.529929221e-15 0)
(3 -5.993498956e-15 0)
(3 -9.533369275e-15 0)
(3 -8.744261075e-15 0)
(3 -6.851207544e-15 0)
(3 -2.762472973e-15 0)
(3 4.783467384e-16 0)
(3 7.83800665e-16 0)
(3 8.950637396e-16 0)
(3 6.221927428e-16 0)
(3 5.041443261e-16 0)
(3 1.022075022e-15 0)
(3 -8.421225471e-17 0)
(3 -2.899455375e-15 0)
(3 -4.719357708e-15 0)
(3 -4.141772379e-15 0)
(3 -2.892762818e-15 0)
(3 -1.917962437e-15 0)
(3 -2.019493092e-15 0)
(3 -2.408102985e-15 0)
(3 -2.638091713e-15 0)
(3 -3.095503828e-15 0)
(3 -3.967262338e-15 0)
(3 -6.684488235e-15 0)
(3 -7.053747557e-15 0)
(3 -6.819134509e-15 0)
(3 -6.021555522e-15 0)
(3 -5.992236371e-15 0)
(3 -6.082234774e-15 0)
(3 -5.834425478e-15 0)
(3 -4.11117363e-15 0)
(3 -2.830692313e-15 0)
(3 -2.208978534e-15 0)
(3 -2.099458933e-15 0)
(3 -1.859657912e-15 0)
(3 -9.359636562e-15 0)
(3 -8.172894759e-15 0)
(3 -5.719140876e-15 0)
(3 -2.673684169e-15 0)
(3 -8.858231419e-16 0)
(3 -2.338187062e-16 0)
(3 -1.949001144e-15 0)
(3 -2.046949553e-15 0)
(3 -1.116438901e-15 0)
(3 -1.85944034e-15 0)
(3 -4.190583394e-15 0)
(3 -4.64453506e-15 0)
(3 -3.828459471e-15 0)
(3 -3.039009909e-15 0)
(3 -1.092083618e-15 0)
(3 -2.856650232e-16 0)
(3 -8.16815862e-17 0)
(3 -2.987766919e-16 0)
(3 -1.04011947e-15 0)
(3 -2.431688787e-15 0)
(3 -3.538971086e-15 0)
(3 -3.454623401e-15 0)
(3 -5.529270057e-15 0)
(3 -6.442549961e-15 0)
(3 -7.110498661e-15 0)
(3 -7.702055814e-15 0)
(3 -8.980794929e-15 0)
(3 -9.058583032e-15 0)
(3 -9.644228754e-15 0)
(3 -9.764859729e-15 0)
(3 -8.731089281e-15 0)
(3 -5.678127052e-15 0)
(3 -4.283843323e-15 0)
(3 -5.822711275e-15 0)
(3 -4.158942602e-15 0)
(3 -2.318381659e-15 0)
(3 -2.486679356e-15 0)
(3 -3.097724911e-15 0)
(3 -3.038180192e-15 0)
(3 -3.078806266e-15 0)
(3 -3.635005201e-15 0)
(3 -3.462119844e-15 0)
(3 -3.198070925e-15 0)
(3 -3.571576751e-15 0)
(3 -4.009360224e-15 0)
(3 -3.340477659e-15 0)
(3 -2.152665152e-15 0)
(3 -1.263041066e-15 0)
(3 -8.190139271e-16 0)
(3 -9.814001218e-16 0)
(3 -1.606121062e-15 0)
(3 -2.329498704e-15 0)
(3 -3.095430768e-15 0)
(3 -3.628199515e-15 0)
(3 -3.708234279e-15 0)
(3 -4.61588242e-15 0)
(3 -3.983283359e-15 0)
(3 -4.86940091e-15 0)
(3 -5.507349133e-15 0)
(3 -5.399451285e-15 0)
(3 -5.057674361e-15 0)
(3 -6.315542792e-15 0)
(3 -5.868408895e-15 0)
(3 -3.885200144e-15 0)
(3 -1.588062458e-15 0)
(3 -1.577485228e-15 0)
(3 1.10226579e-15 0)
(3 1.074490735e-15 0)
(3 -8.138210465e-17 0)
(3 -7.341359568e-16 0)
(3 -2.839899402e-15 0)
(3 -4.637093088e-15 0)
(3 -5.17859967e-15 0)
(3 -7.082160253e-15 0)
(3 -7.193787324e-15 0)
(3 -7.176209867e-15 0)
(3 -5.87714643e-15 0)
(3 -4.395795313e-15 0)
(3 -4.549009598e-15 0)
(3 -4.741918606e-15 0)
(3 -6.032206113e-15 0)
(3 -6.469729437e-15 0)
(3 -5.952810238e-15 0)
(3 -5.796224346e-15 0)
(3 -5.693424487e-15 0)
(3 -5.671079193e-15 0)
(3 -5.898211865e-15 0)
(3 -6.093999437e-15 0)
(3 -6.378944026e-15 0)
(3 -6.73961163e-15 0)
(3 -5.703927191e-15 0)
(3 -3.326398642e-15 0)
(3 -2.224876935e-15 0)
(3 -1.419057848e-15 0)
(3 -4.47311331e-16 0)
(3 1.137064007e-16 0)
(3 1.386772615e-15 0)
(3 1.485203006e-15 0)
(3 1.498702747e-15 0)
(3 -3.702085178e-16 0)
(3 -1.292029872e-15 0)
(3 -1.700068684e-15 0)
(3 -2.264340301e-15 0)
(3 -3.467144085e-15 0)
(3 -5.820333291e-15 0)
(3 -7.272544123e-15 0)
(3 -7.136624491e-15 0)
(3 -6.892505583e-15 0)
(3 -6.813278645e-15 0)
(3 -7.407511131e-15 0)
(3 -7.493020575e-15 0)
(3 -7.611000547e-15 0)
(3 -8.195444801e-15 0)
(3 -7.987535728e-15 0)
(3 -6.868285267e-15 0)
(3 -6.728934259e-15 0)
(3 -6.259754505e-15 0)
(3 -6.118993451e-15 0)
(3 -6.16237494e-15 0)
(3 -4.646692033e-15 0)
(3 -2.838553617e-15 0)
(3 -8.168141249e-16 0)
(3 -9.789448233e-16 0)
(3 -1.500860116e-15 0)
(3 -8.919818929e-16 0)
(3 -3.148808156e-16 0)
(3 6.655670292e-17 0)
(3 1.660827304e-15 0)
(3 2.004924104e-15 0)
(3 1.607396175e-15 0)
(3 8.680037361e-16 0)
(3 2.32575533e-15 0)
(3 -7.294444276e-16 0)
(3 -7.900321784e-16 0)
(3 -1.173900678e-15 0)
(3 -2.775378682e-15 0)
(3 -4.977108983e-15 0)
(3 -7.561308678e-15 0)
(3 -8.254811387e-15 0)
(3 -8.00559402e-15 0)
(3 -7.977372241e-15 0)
(3 -8.356916806e-15 0)
(3 -9.312790462e-15 0)
(3 -9.957114628e-15 0)
(3 -9.289981313e-15 0)
(3 -8.568620366e-15 0)
(3 -8.027527291e-15 0)
(3 -8.594187635e-15 0)
(3 -8.373206411e-15 0)
(3 -8.648150849e-15 0)
(3 -8.595321093e-15 0)
(3 -8.90533751e-15 0)
(3 -8.250949185e-15 0)
(3 -4.954707163e-15 0)
(3 -8.494614198e-16 0)
(3 3.379566038e-15 0)
(3 4.706447916e-15 0)
(3 4.555656875e-15 0)
(3 3.660153358e-15 0)
(3 3.810543426e-15 0)
(3 3.594090421e-15 0)
(3 3.433993641e-15 0)
(3 2.971150271e-15 0)
(3 3.208650604e-15 0)
(3 3.065182005e-15 0)
(3 -6.500367323e-16 0)
(3 -2.040175168e-15 0)
(3 -3.883969588e-15 0)
(3 -5.755187775e-15 0)
(3 -8.083835013e-15 0)
(3 -9.197447931e-15 0)
(3 -8.520522579e-15 0)
(3 -8.078198699e-15 0)
(3 -7.897204187e-15 0)
(3 -6.972564542e-15 0)
(3 -6.115490267e-15 0)
(3 -6.377656009e-15 0)
(3 -6.761992462e-15 0)
(3 -6.578620389e-15 0)
(3 -7.656896946e-15 0)
(3 -8.137289289e-15 0)
(3 -7.758851082e-15 0)
(3 -6.513265854e-15 0)
(3 -5.68643948e-15 0)
(3 -5.074414265e-15 0)
(3 -3.798691919e-15 0)
(3 -9.440618948e-16 0)
(3 1.257757981e-15 0)
(3 3.542806268e-15 0)
(3 4.622639365e-15 0)
(3 5.691439663e-15 0)
(3 6.245644548e-15 0)
(3 6.384830934e-15 0)
(3 6.451559333e-15 0)
(3 5.71546701e-15 0)
(3 5.075383027e-15 0)
(3 4.597846104e-15 0)
(3 4.317504877e-15 0)
(3 -3.649107282e-18 0)
(3 -2.322538113e-15 0)
(3 -5.495453728e-15 0)
(3 -6.67362249e-15 0)
(3 -7.04812777e-15 0)
(3 -6.89422634e-15 0)
(3 -6.460146084e-15 0)
(3 -6.254056887e-15 0)
(3 -6.146269496e-15 0)
(3 -5.437895123e-15 0)
(3 -5.407096915e-15 0)
(3 -5.151958522e-15 0)
(3 -5.554919173e-15 0)
(3 -5.539944777e-15 0)
(3 -5.320664032e-15 0)
(3 -4.689911938e-15 0)
(3 -4.757550603e-15 0)
(3 -4.120983539e-15 0)
(3 -3.356622634e-15 0)
(3 -1.667217745e-15 0)
(3 1.490485103e-17 0)
(3 1.848224254e-15 0)
(3 2.641090551e-15 0)
(3 3.310411256e-15 0)
(3 3.623009565e-15 0)
(3 5.010472771e-15 0)
(3 5.209914827e-15 0)
(3 4.685530989e-15 0)
(3 3.945202003e-15 0)
(3 3.471332975e-15 0)
(3 3.200095201e-15 0)
(3 3.180471174e-15 0)
(3 2.699980011e-15 0)
(3 3.737628056e-15 0)
(3 2.0638726e-15 0)
(3 2.815607887e-16 0)
(3 -3.271318274e-15 0)
(3 -4.650629031e-15 0)
(3 -5.718720704e-15 0)
(3 -5.952985153e-15 0)
(3 -5.805420564e-15 0)
(3 -6.035357691e-15 0)
(3 -6.319739281e-15 0)
(3 -6.352282533e-15 0)
(3 -5.601538524e-15 0)
(3 -5.27940862e-15 0)
(3 -3.921490932e-15 0)
(3 -3.59625194e-15 0)
(3 -3.344838686e-15 0)
(3 -1.569681582e-15 0)
(3 -5.892456756e-16 0)
(3 2.832490379e-16 0)
(3 1.87238654e-15 0)
(3 3.205700792e-15 0)
(3 3.680607739e-15 0)
(3 4.064027387e-15 0)
(3 4.137155843e-15 0)
(3 4.27571449e-15 0)
(3 4.045558121e-15 0)
(3 3.687586302e-15 0)
(3 3.246638452e-15 0)
(3 3.147743638e-15 0)
(3 3.233817538e-15 0)
(3 2.247505547e-15 0)
(3 -3.402133912e-17 0)
(3 -2.955778702e-16 0)
(3 4.359066348e-15 0)
(3 1.724191277e-15 0)
(3 -1.232454917e-15 0)
(3 -4.182980405e-15 0)
(3 -4.130707119e-15 0)
(3 -3.330310044e-15 0)
(3 -4.97358383e-15 0)
(3 -5.933250006e-15 0)
(3 -3.592531656e-15 0)
(3 -2.803467727e-15 0)
(3 -2.801678367e-15 0)
(3 -3.834001797e-15 0)
(3 -4.670584371e-15 0)
(3 -4.168564041e-15 0)
(3 -2.430454699e-15 0)
(3 -8.40593644e-16 0)
(3 4.612774908e-18 0)
(3 6.873594153e-16 0)
(3 1.31256015e-15 0)
(3 1.842035561e-15 0)
(3 3.312076797e-15 0)
(3 3.428908518e-15 0)
(3 4.18779101e-15 0)
(3 3.96575063e-15 0)
(3 2.63932333e-15 0)
(3 2.029968014e-15 0)
(3 2.017499386e-15 0)
(3 2.188917638e-15 0)
(3 1.998049877e-15 0)
(3 2.086209973e-15 0)
(3 2.899306009e-15 0)
(3 3.218409345e-15 0)
(3 1.521025897e-15 0)
(3 -1.380496078e-15 0)
(3 -2.804779675e-15 0)
(3 -4.057737526e-15 0)
(3 -3.367476123e-15 0)
(3 -2.874591698e-15 0)
(3 -2.909090653e-15 0)
(3 -3.345677229e-15 0)
(3 -3.743543747e-15 0)
(3 -3.226325023e-15 0)
(3 -2.564177187e-15 0)
(3 -1.990461911e-15 0)
(3 -1.108221378e-15 0)
(3 6.238552816e-16 0)
(3 1.078866885e-15 0)
(3 2.242893946e-15 0)
(3 3.289023157e-15 0)
(3 2.878123804e-15 0)
(3 3.913785894e-15 0)
(3 4.197736191e-15 0)
(3 4.325597374e-15 0)
(3 4.439456937e-15 0)
(3 4.642541034e-15 0)
(3 3.112247282e-15 0)
(3 6.532280192e-16 0)
(3 -1.6060705e-16 0)
(3 -2.305606331e-16 0)
(3 2.58067871e-16 0)
(3 8.218647288e-16 0)
(3 1.041184113e-15 0)
(3 7.246424837e-16 0)
(3 5.693240539e-16 0)
(3 3.201775518e-16 0)
(3 -1.69710653e-15 0)
(3 -1.607337801e-15 0)
(3 -1.564237089e-15 0)
(3 -6.623781704e-16 0)
(3 -1.520783736e-16 0)
(3 2.337672798e-16 0)
(3 1.229939722e-15 0)
(3 2.196913012e-15 0)
(3 2.152402091e-15 0)
(3 1.460483077e-15 0)
(3 2.287775747e-15 0)
(3 2.677981133e-15 0)
(3 3.219615749e-15 0)
(3 6.082962417e-15 0)
(3 7.432020475e-15 0)
(3 7.953897628e-15 0)
(3 8.03140684e-15 0)
(3 8.040509849e-15 0)
(3 7.719242692e-15 0)
(3 6.943997519e-15 0)
(3 5.781269008e-15 0)
(3 4.618161274e-15 0)
(3 2.838066033e-15 0)
(3 1.014484004e-15 0)
(3 6.050768977e-16 0)
(3 6.709184448e-16 0)
(3 -1.664110473e-15 0)
(3 -2.202569628e-15 0)
(3 -2.372189675e-15 0)
(3 -2.1971256e-15 0)
(3 -2.028363399e-15 0)
(3 -2.197751429e-15 0)
(3 -3.148528512e-15 0)
(3 -3.831792995e-15 0)
(3 -1.827940847e-15 0)
(3 -4.350369353e-16 0)
(3 1.77094993e-15 0)
(3 1.70557828e-15 0)
(3 2.699574398e-15 0)
(3 4.499966203e-15 0)
(3 6.233893403e-15 0)
(3 5.337545315e-15 0)
(3 4.828853611e-15 0)
(3 6.321516378e-15 0)
(3 6.587104529e-15 0)
(3 6.531634834e-15 0)
(3 6.296600448e-15 0)
(3 7.138190216e-15 0)
(3 7.517254509e-15 0)
(3 8.422199209e-15 0)
(3 9.263822912e-15 0)
(3 8.223099436e-15 0)
(3 6.893765246e-15 0)
(3 5.434937505e-15 0)
(3 3.977831748e-15 0)
(3 3.278972036e-15 0)
(3 2.366346725e-15 0)
(3 2.088124872e-15 0)
(3 1.48975626e-15 0)
(3 2.984254924e-16 0)
(3 -2.523544793e-15 0)
(3 -2.564985807e-15 0)
(3 -1.658621988e-15 0)
(3 1.571008488e-15 0)
(3 4.079240299e-15 0)
(3 5.868998083e-15 0)
(3 6.975664841e-15 0)
(3 8.070660573e-15 0)
(3 9.167665676e-15 0)
(3 9.445215931e-15 0)
(3 8.923610439e-15 0)
(3 8.233081936e-15 0)
(3 7.389135276e-15 0)
(3 6.915568594e-15 0)
(3 6.204777635e-15 0)
(3 5.91737716e-15 0)
(3 5.844656431e-15 0)
(3 5.437035438e-15 0)
(3 4.12694848e-15 0)
(3 2.180192398e-15 0)
(3 1.865119985e-15 0)
(3 3.369158155e-15 0)
(3 5.423028703e-15 0)
(3 7.715102503e-15 0)
(3 8.80781858e-15 0)
(3 1.007137927e-14 0)
(3 1.045297207e-14 0)
(3 1.043160663e-14 0)
(3 3.178658514e-15 0)
(3 2.117881581e-15 0)
(3 1.798200942e-15 0)
(3 2.034169963e-15 0)
(3 3.930563554e-15 0)
(3 3.013637515e-15 0)
(3 3.373338735e-15 0)
(3 2.989564384e-15 0)
(3 4.136854305e-15 0)
(3 1.590806889e-15 0)
(3 -2.946435896e-15 0)
(3 -2.367542889e-15 0)
(3 -1.057670017e-15 0)
(3 6.749981612e-16 0)
(3 4.58398484e-16 0)
(3 -3.983798825e-16 0)
(3 6.341101501e-17 0)
(3 1.039393134e-15 0)
(3 1.051435129e-15 0)
(3 1.638229034e-15 0)
(3 2.385756165e-15 0)
(3 1.931334675e-15 0)
(3 3.703542401e-15 0)
(3 4.220809689e-15 0)
(3 3.813247257e-15 0)
(3 3.386014664e-15 0)
(3 2.672842594e-15 0)
(3 2.277855065e-15 0)
(3 2.860476209e-15 0)
(3 3.466122746e-15 0)
(3 4.756078425e-15 0)
(3 5.429352503e-15 0)
(3 5.482129775e-15 0)
(3 1.62144598e-15 0)
(3 2.48454653e-15 0)
(3 3.737983803e-15 0)
(3 4.570356927e-15 0)
(3 2.904437374e-15 0)
(3 2.231962159e-15 0)
(3 1.750184071e-15 0)
(3 1.93211817e-15 0)
(3 -6.39687429e-16 0)
(3 -2.812543262e-15 0)
(3 -4.088426927e-15 0)
(3 -3.214352507e-15 0)
(3 -2.947022367e-15 0)
(3 -2.201326389e-15 0)
(3 -1.403780633e-15 0)
(3 -1.802571311e-15 0)
(3 -1.686697624e-15 0)
(3 -1.456839642e-15 0)
(3 -9.115226392e-16 0)
(3 -9.531483745e-16 0)
(3 -1.426961595e-15 0)
(3 -9.950312262e-19 0)
(3 1.023816661e-15 0)
(3 1.74267159e-15 0)
(3 6.825490921e-16 0)
(3 7.262698381e-16 0)
(3 1.32270227e-15 0)
(3 1.645628516e-15 0)
(3 2.557582979e-15 0)
(3 4.004946473e-15 0)
(3 6.181749892e-15 0)
(3 6.469800652e-15 0)
(3 5.379830974e-15 0)
(3 2.445039189e-16 0)
(3 1.653791621e-15 0)
(3 4.579260243e-15 0)
(3 5.22298019e-15 0)
(3 9.514940772e-16 0)
(3 -5.916178467e-16 0)
(3 -1.474950572e-15 0)
(3 -1.645949181e-15 0)
(3 -3.81620617e-15 0)
(3 -5.315594419e-15 0)
(3 -5.149267317e-15 0)
(3 -5.030278463e-15 0)
(3 -5.046987537e-15 0)
(3 -5.320110373e-15 0)
(3 -4.358452689e-15 0)
(3 -3.80085006e-15 0)
(3 -4.414313616e-15 0)
(3 -5.254459801e-15 0)
(3 -4.347158742e-15 0)
(3 -2.343661916e-15 0)
(3 -2.341381639e-15 0)
(3 -2.339592921e-15 0)
(3 -2.966574041e-15 0)
(3 -3.888868072e-15 0)
(3 -2.720304742e-15 0)
(3 -2.000940257e-15 0)
(3 -9.53478106e-16 0)
(3 1.8590334e-15 0)
(3 1.978429073e-15 0)
(3 2.878815369e-15 0)
(3 3.654977121e-15 0)
(3 3.557341382e-15 0)
(3 8.862239998e-16 0)
(3 3.9635312e-15 0)
(3 4.445979889e-15 0)
(3 4.181429252e-15 0)
(3 2.331462627e-15 0)
(3 2.123305083e-15 0)
(3 1.608612087e-15 0)
(3 6.253771959e-16 0)
(3 3.863784748e-17 0)
(3 -1.68474478e-15 0)
(3 -4.135090763e-15 0)
(3 -4.809359681e-15 0)
(3 -6.09394814e-15 0)
(3 -5.571369759e-15 0)
(3 -3.438443848e-15 0)
(3 -2.501160698e-15 0)
(3 -2.013055162e-15 0)
(3 -3.098182426e-15 0)
(3 -3.049624264e-15 0)
(3 -2.664686318e-15 0)
(3 -3.00902424e-15 0)
(3 -2.236780348e-15 0)
(3 -3.531490926e-15 0)
(3 -5.538669987e-15 0)
(3 -4.977348741e-15 0)
(3 -3.777028507e-15 0)
(3 -2.80382585e-15 0)
(3 -9.376447314e-16 0)
(3 7.130227362e-16 0)
(3 6.735047572e-16 0)
(3 -1.118718894e-15 0)
(3 -1.645536944e-15 0)
(3 -1.66373331e-15 0)
(3 -2.102940997e-15 0)
(3 7.427404283e-15 0)
(3 8.347842555e-15 0)
(3 5.569774632e-15 0)
(3 4.073449694e-15 0)
(3 4.366635025e-15 0)
(3 4.565388327e-15 0)
(3 3.328948978e-15 0)
(3 2.657772173e-16 0)
(3 -1.687490698e-15 0)
(3 -3.268641717e-15 0)
(3 -4.407406122e-15 0)
(3 -5.815389927e-15 0)
(3 -4.759953262e-15 0)
(3 -3.560139955e-15 0)
(3 -1.727212613e-15 0)
(3 1.985294188e-15 0)
(3 2.025624244e-15 0)
(3 2.165252021e-15 0)
(3 -2.367524108e-16 0)
(3 -3.006312782e-15 0)
(3 -4.182863404e-15 0)
(3 -3.920705689e-15 0)
(3 -2.103574345e-15 0)
(3 -1.693427678e-15 0)
(3 -1.964429852e-15 0)
(3 -7.05682301e-16 0)
(3 2.328870811e-16 0)
(3 2.355290385e-15 0)
(3 1.760917842e-15 0)
(3 8.478412688e-16 0)
(3 -1.921895008e-15 0)
(3 -2.248648384e-15 0)
(3 -1.793085276e-15 0)
(3 5.330499225e-15 0)
(3 5.131827659e-15 0)
(3 5.159577647e-15 0)
(3 5.323689561e-15 0)
(3 4.507813915e-15 0)
(3 2.506055085e-15 0)
(3 2.613775074e-15 0)
(3 1.61757736e-15 0)
(3 -4.924328198e-16 0)
(3 -2.10230458e-15 0)
(3 -2.293211963e-15 0)
(3 -1.721921033e-15 0)
(3 -2.126040367e-15 0)
(3 -2.48702981e-15 0)
(3 -1.610451143e-15 0)
(3 1.326909429e-15 0)
(3 1.358438689e-15 0)
(3 -5.84243089e-16 0)
(3 -2.331019907e-15 0)
(3 -4.373838792e-15 0)
(3 -6.063135803e-15 0)
(3 -6.382178425e-15 0)
(3 -4.348203325e-15 0)
(3 -3.319871553e-15 0)
(3 -1.599316533e-15 0)
(3 1.346608261e-16 0)
(3 2.445831551e-15 0)
(3 2.186668558e-15 0)
(3 1.618892006e-15 0)
(3 2.325879188e-15 0)
(3 1.774286484e-15 0)
(3 2.892840739e-15 0)
(3 3.215993077e-15 0)
(3 1.438576724e-15 0)
(3 1.305165751e-15 0)
(3 3.396632618e-15 0)
(3 3.967736071e-15 0)
(3 4.654223456e-15 0)
(3 4.419522332e-15 0)
(3 4.360340552e-15 0)
(3 4.657596236e-15 0)
(3 4.490033797e-15 0)
(3 4.452419734e-15 0)
(3 4.575688046e-15 0)
(3 4.382528783e-15 0)
(3 2.504300424e-15 0)
(3 1.218019326e-15 0)
(3 -8.084934364e-16 0)
(3 -1.695131022e-15 0)
(3 -1.07630853e-15 0)
(3 -1.690968142e-15 0)
(3 -1.951106236e-15 0)
(3 -2.705072921e-15 0)
(3 -5.752191495e-15 0)
(3 -8.349623751e-15 0)
(3 -7.94611732e-15 0)
(3 -6.768418648e-15 0)
(3 -1.963264166e-15 0)
(3 2.527800902e-15 0)
(3 4.101780209e-15 0)
(3 2.307002961e-15 0)
(3 7.106770637e-16 0)
(3 6.157386935e-17 0)
(3 2.230055752e-15 0)
(3 3.957775536e-15 0)
(3 4.97123915e-15 0)
(3 -3.006645888e-15 0)
(3 -7.501627642e-16 0)
(3 2.383956708e-15 0)
(3 4.10033843e-15 0)
(3 7.150027146e-15 0)
(3 9.39952039e-15 0)
(3 9.408419158e-15 0)
(3 1.037383935e-14 0)
(3 1.101474048e-14 0)
(3 1.018033438e-14 0)
(3 8.538467329e-15 0)
(3 3.558035669e-15 0)
(3 8.853917594e-16 0)
(3 -6.910678554e-16 0)
(3 -2.239365572e-15 0)
(3 -3.037289647e-15 0)
(3 -2.757446766e-15 0)
(3 -2.465701539e-15 0)
(3 -1.038297003e-15 0)
(3 -5.870887485e-16 0)
(3 -2.752943577e-15 0)
(3 -5.617160008e-15 0)
(3 -5.667637119e-15 0)
(3 -1.707519105e-15 0)
(3 1.07745428e-15 0)
(3 1.972893613e-15 0)
(3 1.827369062e-15 0)
(3 3.13754083e-16 0)
(3 -2.242445375e-15 0)
(3 -3.19994262e-15 0)
(3 6.274238036e-16 0)
(3 1.447352465e-15 0)
(3 3.73283831e-15 0)
(3 -2.975710968e-15 0)
(3 -2.228252377e-15 0)
(3 3.462118153e-16 0)
(3 1.618169128e-15 0)
(3 3.60301627e-15 0)
(3 6.746929918e-15 0)
(3 8.856602275e-15 0)
(3 9.944476138e-15 0)
(3 1.010044297e-14 0)
(3 1.001752755e-14 0)
(3 6.964321455e-15 0)
(3 4.526079637e-15 0)
(3 5.112539861e-15 0)
(3 -2.987958288e-16 0)
(3 -4.792253215e-15 0)
(3 -4.612856547e-15 0)
(3 -3.30722002e-15 0)
(3 -2.591536587e-15 0)
(3 -1.112103513e-15 0)
(3 7.174155973e-16 0)
(3 3.828674635e-16 0)
(3 -1.181429777e-15 0)
(3 -1.941775148e-15 0)
(3 -1.665801706e-16 0)
(3 4.267121904e-16 0)
(3 2.178497098e-16 0)
(3 -7.822342172e-16 0)
(3 -2.614439842e-15 0)
(3 -5.015656504e-15 0)
(3 -5.965876588e-15 0)
(3 -4.981686511e-15 0)
(3 -4.647514636e-15 0)
(3 -1.311977864e-15 0)
(3 -1.231335715e-16 0)
(3 2.87046788e-16 0)
(3 1.432301432e-16 0)
(3 -3.857265927e-16 0)
(3 -9.425869863e-16 0)
(3 -3.978744079e-16 0)
(3 2.848237485e-15 0)
(3 4.884800519e-15 0)
(3 4.921064942e-15 0)
(3 5.621366964e-15 0)
(3 5.412977439e-15 0)
(3 6.05043448e-15 0)
(3 6.087638125e-15 0)
(3 3.192392704e-15 0)
(3 -2.926522012e-15 0)
(3 -5.685789251e-15 0)
(3 -4.949111353e-15 0)
(3 -4.009852971e-15 0)
(3 -1.589441561e-15 0)
(3 -9.385756065e-16 0)
(3 -5.424273472e-16 0)
(3 6.023898602e-16 0)
(3 1.883878767e-15 0)
(3 1.1416721e-15 0)
(3 7.405196251e-16 0)
(3 -6.457428513e-16 0)
(3 -1.943071979e-15 0)
(3 -3.693516109e-15 0)
(3 -5.239973326e-15 0)
(3 -6.790486456e-15 0)
(3 -7.125292339e-15 0)
(3 -7.538423924e-15 0)
(3 -6.104335199e-15 0)
(3 -3.34645601e-16 0)
(3 -8.919692136e-16 0)
(3 -1.552879869e-15 0)
(3 -2.894155259e-15 0)
(3 -3.987636953e-15 0)
(3 -2.481473688e-15 0)
(3 -3.002532798e-15 0)
(3 -9.44262356e-18 0)
(3 2.593214775e-15 0)
(3 4.187709835e-15 0)
(3 5.15166889e-15 0)
(3 5.201638394e-15 0)
(3 3.635032739e-15 0)
(3 3.964729942e-17 0)
(3 -2.302810613e-15 0)
(3 -5.587713737e-15 0)
(3 -5.954142166e-15 0)
(3 -5.632090914e-15 0)
(3 -3.708354963e-15 0)
(3 -2.673214884e-15 0)
(3 -6.86511511e-16 0)
(3 2.949889242e-15 0)
(3 3.839587157e-15 0)
(3 3.947693221e-15 0)
(3 2.245942666e-15 0)
(3 6.171947598e-16 0)
(3 -2.382543665e-15 0)
(3 -4.115005365e-15 0)
(3 -5.774557573e-15 0)
(3 -7.449368265e-15 0)
(3 -6.740488035e-15 0)
(3 -6.239288e-15 0)
(3 -5.917539651e-15 0)
(3 -4.447124016e-16 0)
(3 -2.334546536e-15 0)
(3 -4.519688145e-15 0)
(3 -5.276286683e-15 0)
(3 -6.421479629e-15 0)
(3 -5.429882434e-15 0)
(3 -7.829405355e-15 0)
(3 -7.11473209e-15 0)
(3 -3.25694685e-15 0)
(3 1.569229374e-15 0)
(3 3.174320224e-15 0)
(3 3.366850188e-15 0)
(3 2.466059945e-15 0)
(3 7.812475087e-16 0)
(3 9.971972831e-16 0)
(3 2.145615622e-15 0)
(3 7.191804579e-16 0)
(3 -1.602225502e-15 0)
(3 -3.083281592e-15 0)
(3 -1.926768974e-15 0)
(3 3.683737069e-16 0)
(3 3.039964415e-15 0)
(3 2.990741099e-15 0)
(3 3.002093423e-15 0)
(3 -1.034950719e-16 0)
(3 -2.119318006e-15 0)
(3 -3.60293093e-15 0)
(3 -6.165278921e-15 0)
(3 -6.770424731e-15 0)
(3 -6.302393836e-15 0)
(3 -5.450010227e-15 0)
(3 -5.615505943e-15 0)
(3 -6.458006036e-15 0)
(3 -1.504939819e-15 0)
(3 -3.951838088e-15 0)
(3 -5.7853404e-15 0)
(3 -5.720171983e-15 0)
(3 -4.654082942e-15 0)
(3 -5.810334095e-15 0)
(3 -7.755867336e-15 0)
(3 -1.053041652e-14 0)
(3 -8.836339643e-15 0)
(3 -4.893739504e-15 0)
(3 1.843597996e-16 0)
(3 1.314878102e-15 0)
(3 2.1208551e-15 0)
(3 3.176294578e-15 0)
(3 3.502175436e-15 0)
(3 2.187141104e-15 0)
(3 3.143099504e-15 0)
(3 2.623377169e-15 0)
(3 2.041855893e-15 0)
(3 1.789097124e-15 0)
(3 2.240993155e-15 0)
(3 2.574786464e-15 0)
(3 2.06324537e-15 0)
(3 7.002321729e-16 0)
(3 -2.342867621e-15 0)
(3 -3.55867969e-15 0)
(3 -3.086543703e-15 0)
(3 -3.784359958e-15 0)
(3 -2.859210486e-15 0)
(3 -3.123211727e-15 0)
(3 -3.595988324e-15 0)
(3 -4.380823005e-15 0)
(3 -5.682475515e-15 0)
(3 1.456865745e-15 0)
(3 7.178035253e-17 0)
(3 -2.425040629e-15 0)
(3 -2.999309383e-15 0)
(3 -2.828106099e-15 0)
(3 -4.835023242e-15 0)
(3 -5.966886654e-15 0)
(3 -5.985210053e-15 0)
(3 -4.916168562e-15 0)
(3 -3.082001409e-15 0)
(3 5.038082759e-16 0)
(3 2.172821145e-15 0)
(3 4.208820577e-15 0)
(3 6.466921333e-15 0)
(3 6.856856331e-15 0)
(3 4.814073233e-15 0)
(3 3.569276093e-15 0)
(3 4.239596977e-15 0)
(3 3.976012992e-15 0)
(3 5.768007194e-15 0)
(3 5.949179537e-15 0)
(3 4.917916098e-15 0)
(3 2.999082098e-15 0)
(3 6.605581111e-16 0)
(3 -1.720407496e-16 0)
(3 -3.845210361e-16 0)
(3 2.172898324e-16 0)
(3 1.257435381e-15 0)
(3 1.877146401e-15 0)
(3 9.584856252e-16 0)
(3 -3.034780227e-15 0)
(3 -5.790325983e-15 0)
(3 -6.22015028e-15 0)
(3 4.489466809e-15 0)
(3 3.206868974e-15 0)
(3 1.371635425e-15 0)
(3 -9.502836346e-16 0)
(3 -3.675108943e-15 0)
(3 -4.065534973e-15 0)
(3 -2.917846521e-15 0)
(3 -1.313272547e-15 0)
(3 -8.956417462e-16 0)
(3 -2.553087991e-15 0)
(3 -3.05981831e-15 0)
(3 -1.425212347e-15 0)
(3 1.192101104e-15 0)
(3 2.021919414e-15 0)
(3 5.125247923e-15 0)
(3 6.818502083e-15 0)
(3 5.593893936e-15 0)
(3 5.255400843e-15 0)
(3 6.306987899e-15 0)
(3 7.068390684e-15 0)
(3 7.033075093e-15 0)
(3 5.925563569e-15 0)
(3 3.772462105e-15 0)
(3 3.514301299e-15 0)
(3 3.836606702e-15 0)
(3 3.397543264e-15 0)
(3 2.475184386e-15 0)
(3 2.835604247e-15 0)
(3 1.234340583e-15 0)
(3 -1.56079598e-15 0)
(3 -3.02071014e-15 0)
(3 -4.919156764e-15 0)
(3 -6.491814733e-15 0)
(3 2.111248958e-15 0)
(3 3.60394391e-15 0)
(3 3.864114227e-15 0)
(3 2.188471086e-15 0)
(3 -2.208937621e-16 0)
(3 -1.282325673e-15 0)
(3 -6.165900602e-16 0)
(3 -5.453352476e-16 0)
(3 -5.512058721e-16 0)
(3 -2.542091494e-16 0)
(3 -7.707315258e-16 0)
(3 -4.378449049e-16 0)
(3 4.499697067e-16 0)
(3 2.205161575e-15 0)
(3 3.468761001e-15 0)
(3 4.267875565e-15 0)
(3 7.107621176e-15 0)
(3 8.588664093e-15 0)
(3 9.62516063e-15 0)
(3 8.787300127e-15 0)
(3 8.904380043e-15 0)
(3 9.183632852e-15 0)
(3 8.213989939e-15 0)
(3 5.803480228e-15 0)
(3 4.779396852e-15 0)
(3 2.696996446e-15 0)
(3 2.184683757e-15 0)
(3 7.147127583e-16 0)
(3 -2.307687133e-15 0)
(3 -4.523192463e-15 0)
(3 -4.10797791e-15 0)
(3 -4.845918677e-15 0)
(3 -6.605519357e-15 0)
(3 1.759823802e-15 0)
(3 2.325500903e-15 0)
(3 1.803064704e-15 0)
(3 7.979786076e-16 0)
(3 2.377070278e-16 0)
(3 1.49367646e-15 0)
(3 -1.080242801e-16 0)
(3 -1.185982402e-15 0)
(3 -1.235441559e-15 0)
(3 8.633501712e-16 0)
(3 1.820719511e-15 0)
(3 1.194537214e-15 0)
(3 2.526946854e-15 0)
(3 2.87029842e-15 0)
(3 4.393827587e-15 0)
(3 5.362299056e-15 0)
(3 7.208491766e-15 0)
(3 8.750217154e-15 0)
(3 1.134901647e-14 0)
(3 1.137413001e-14 0)
(3 1.132632508e-14 0)
(3 9.941642293e-15 0)
(3 8.494844158e-15 0)
(3 6.018572248e-15 0)
(3 3.549759706e-15 0)
(3 1.086415999e-15 0)
(3 -4.26427779e-16 0)
(3 -4.007356049e-15 0)
(3 -6.267321411e-15 0)
(3 -6.921330654e-15 0)
(3 -6.853735173e-15 0)
(3 -6.884996506e-15 0)
(3 -8.316243073e-15 0)
(3 1.00748664e-15 0)
(3 -2.155877011e-16 0)
(3 -1.043710027e-15 0)
(3 -2.58101813e-16 0)
(3 -3.517811867e-16 0)
(3 -2.525043235e-16 0)
(3 -7.096347414e-16 0)
(3 -1.947003345e-16 0)
(3 1.705616385e-16 0)
(3 1.621604452e-15 0)
(3 2.499751493e-15 0)
(3 4.079417901e-15 0)
(3 4.395891015e-15 0)
(3 3.224215274e-15 0)
(3 3.594569957e-15 0)
(3 5.032651349e-15 0)
(3 6.92547536e-15 0)
(3 6.71843302e-15 0)
(3 8.857692165e-15 0)
(3 9.179427195e-15 0)
(3 7.146903429e-15 0)
(3 5.52227317e-15 0)
(3 3.855933198e-15 0)
(3 1.573856343e-15 0)
(3 6.218901032e-16 0)
(3 -7.68769519e-16 0)
(3 -2.57943299e-15 0)
(3 -5.169806024e-15 0)
(3 -6.547233415e-15 0)
(3 -8.106509786e-15 0)
(3 -8.810020772e-15 0)
(3 -7.957454805e-15 0)
(3 -9.156992783e-15 0)
(3 -1.774920151e-15 0)
(3 -2.491416095e-15 0)
(3 -1.208486832e-15 0)
(3 4.441125165e-16 0)
(3 1.453655331e-15 0)
(3 -8.723976348e-16 0)
(3 -2.743159307e-16 0)
(3 2.853765907e-16 0)
(3 4.157633861e-16 0)
(3 1.115825201e-16 0)
(3 -8.482154227e-17 0)
(3 1.110007038e-15 0)
(3 1.474678376e-15 0)
(3 1.002025125e-15 0)
(3 1.04935154e-15 0)
(3 2.189035981e-15 0)
(3 5.811849435e-15 0)
(3 5.568159018e-15 0)
(3 4.785128775e-15 0)
(3 5.449868725e-15 0)
(3 4.89772964e-15 0)
(3 3.600445363e-15 0)
(3 4.578863979e-16 0)
(3 -2.535384684e-16 0)
(3 -1.691187211e-15 0)
(3 -3.448259036e-15 0)
(3 -4.851098048e-15 0)
(3 -5.619086563e-15 0)
(3 -5.641783925e-15 0)
(3 -8.491977929e-15 0)
(3 -9.641149977e-15 0)
(3 -9.177209797e-15 0)
(3 -7.607586543e-15 0)
(3 -8.399724027e-16 0)
(3 -4.554757267e-16 0)
(3 -5.933414966e-17 0)
(3 4.735576719e-16 0)
(3 1.652101976e-15 0)
(3 2.607829116e-15 0)
(3 2.677095143e-15 0)
(3 2.926846951e-15 0)
(3 1.969572731e-15 0)
(3 3.725797788e-16 0)
(3 -4.333214409e-16 0)
(3 -7.322287653e-16 0)
(3 -1.099183696e-16 0)
(3 9.784479875e-16 0)
(3 7.430802797e-16 0)
(3 8.145960684e-16 0)
(3 4.023545405e-16 0)
(3 2.234957479e-15 0)
(3 1.573590809e-15 0)
(3 2.36381556e-15 0)
(3 4.474739264e-15 0)
(3 5.129742536e-15 0)
(3 4.499876169e-15 0)
(3 3.459453606e-15 0)
(3 1.43659002e-15 0)
(3 3.958168288e-16 0)
(3 -4.82685449e-16 0)
(3 -1.52917291e-15 0)
(3 -2.838177014e-15 0)
(3 -6.058220875e-15 0)
(3 -9.018107185e-15 0)
(3 -1.084491853e-14 0)
(3 -1.013824896e-14 0)
(3 -1.138477925e-15 0)
(3 -9.705999933e-16 0)
(3 -8.59400326e-16 0)
(3 -1.220749815e-16 0)
(3 2.110875199e-15 0)
(3 3.143384177e-15 0)
(3 3.490308751e-15 0)
(3 4.061315622e-15 0)
(3 4.434098161e-15 0)
(3 3.487344761e-15 0)
(3 3.08547274e-15 0)
(3 2.055982456e-15 0)
(3 9.666096223e-16 0)
(3 -1.691994956e-15 0)
(3 -3.268212806e-15 0)
(3 -4.645439492e-15 0)
(3 -5.071404682e-15 0)
(3 -3.022940804e-15 0)
(3 -1.689581756e-15 0)
(3 8.101327243e-16 0)
(3 2.180473989e-15 0)
(3 6.732148794e-15 0)
(3 9.549630093e-15 0)
(3 7.259009683e-15 0)
(3 6.188798773e-15 0)
(3 5.186396907e-15 0)
(3 3.697006277e-15 0)
(3 1.152145308e-15 0)
(3 -4.725321131e-16 0)
(3 -1.754406021e-15 0)
(3 -6.362528066e-15 0)
(3 -1.185631428e-14 0)
(3 -1.174243239e-14 0)
(3 1.317032719e-16 0)
(3 -5.515556183e-16 0)
(3 -1.384211984e-15 0)
(3 -2.517807121e-15 0)
(3 -1.792906267e-15 0)
(3 1.847900995e-16 0)
(3 1.511342374e-15 0)
(3 2.118513469e-15 0)
(3 2.546275355e-15 0)
(3 2.807393973e-15 0)
(3 3.14495147e-15 0)
(3 2.180339348e-15 0)
(3 -8.310761446e-16 0)
(3 -3.614125924e-15 0)
(3 -7.249243618e-15 0)
(3 -8.070773188e-15 0)
(3 -8.016817916e-15 0)
(3 -6.401337831e-15 0)
(3 -2.988922006e-15 0)
(3 3.119264397e-16 0)
(3 2.394507434e-15 0)
(3 5.180779516e-15 0)
(3 7.697656437e-15 0)
(3 4.202217807e-15 0)
(3 2.808990212e-15 0)
(3 2.997289522e-15 0)
(3 2.055174687e-15 0)
(3 -8.533580123e-16 0)
(3 -3.387457934e-15 0)
(3 -4.050777148e-15 0)
(3 -5.773966908e-15 0)
(3 -7.24890858e-15 0)
(3 -8.277479064e-15 0)
(3 2.074688895e-15 0)
(3 -9.059993206e-16 0)
(3 -1.409133541e-15 0)
(3 -1.837960749e-15 0)
(3 -2.202606756e-15 0)
(3 -1.40167744e-15 0)
(3 7.565514964e-16 0)
(3 2.770486211e-15 0)
(3 3.23967831e-15 0)
(3 3.153988791e-15 0)
(3 9.42116508e-16 0)
(3 -1.119975254e-15 0)
(3 -5.75616262e-15 0)
(3 -8.234352293e-15 0)
(3 -9.622281414e-15 0)
(3 -9.425702732e-15 0)
(3 -7.796580847e-15 0)
(3 -6.900831076e-15 0)
(3 -4.773724741e-15 0)
(3 -6.041107779e-16 0)
(3 -5.046673102e-16 0)
(3 7.32081989e-16 0)
(3 8.537026756e-16 0)
(3 2.397659897e-15 0)
(3 1.281598345e-15 0)
(3 1.097132704e-15 0)
(3 2.659225148e-16 0)
(3 -1.591409054e-15 0)
(3 -3.732733923e-15 0)
(3 -5.397181804e-15 0)
(3 -4.835688049e-15 0)
(3 -2.910515567e-15 0)
(3 -8.605847601e-16 0)
(3 1.18926299e-15 0)
(3 1.204510724e-15 0)
(3 1.570307007e-15 0)
(3 2.325711945e-15 0)
(3 3.454365386e-15 0)
(3 4.082569048e-15 0)
(3 4.967877839e-15 0)
(3 5.197534032e-15 0)
(3 4.618451069e-15 0)
(3 2.640356985e-15 0)
(3 8.139562231e-16 0)
(3 -1.6178271e-15 0)
(3 -5.324660898e-15 0)
(3 -6.209896527e-15 0)
(3 -7.523896078e-15 0)
(3 -7.751308468e-15 0)
(3 -7.586124108e-15 0)
(3 -6.379803603e-15 0)
(3 -5.531252935e-15 0)
(3 -4.293611168e-15 0)
(3 -3.517557988e-15 0)
(3 -2.533652376e-15 0)
(3 -1.615486953e-15 0)
(3 -6.952740175e-16 0)
(3 2.170372751e-16 0)
(3 -6.05812176e-16 0)
(3 -1.977261267e-15 0)
(3 -1.952980644e-15 0)
(3 -2.048842974e-15 0)
(3 -1.977618112e-15 0)
(3 -5.108726758e-16 0)
(3 7.071333782e-16 0)
(3 8.328776998e-16 0)
(3 -1.610207306e-15 0)
(3 -1.380896205e-16 0)
(3 1.485853944e-15 0)
(3 3.455145592e-15 0)
(3 6.928873173e-15 0)
(3 8.342726249e-15 0)
(3 7.316046565e-15 0)
(3 4.521114462e-15 0)
(3 2.615620745e-15 0)
(3 -4.466908449e-16 0)
(3 -5.350781532e-15 0)
(3 -5.625313755e-15 0)
(3 -4.924738717e-15 0)
(3 -5.445150705e-15 0)
(3 -5.185523781e-15 0)
(3 -4.628757832e-15 0)
(3 -5.247498005e-15 0)
(3 -5.262135787e-15 0)
(3 -4.169379611e-15 0)
(3 -5.058108586e-15 0)
(3 -4.453907116e-15 0)
(3 -3.791776541e-15 0)
(3 -1.728890363e-15 0)
(3 -1.660364738e-15 0)
(3 -9.311422995e-16 0)
(3 -8.986571257e-16 0)
(3 -7.827262774e-16 0)
(3 -1.127055379e-15 0)
(3 -8.975186409e-16 0)
(3 -1.181024336e-15 0)
(3 4.592692217e-16 0)
(3 1.216902404e-16 0)
(3 -8.094229378e-16 0)
(3 -3.173547122e-15 0)
(3 -1.448128267e-15 0)
(3 1.829741819e-15 0)
(3 5.56592172e-15 0)
(3 6.66264539e-15 0)
(3 5.672867702e-15 0)
(3 3.067492975e-15 0)
(3 3.989680432e-15 0)
(3 1.396307287e-15 0)
(3 -2.301858823e-16 0)
(3 -2.931138006e-15 0)
(3 -4.140714694e-15 0)
(3 -3.577443666e-15 0)
(3 -3.830939606e-15 0)
(3 -3.777497412e-15 0)
(3 -3.803815951e-15 0)
(3 -3.75063504e-15 0)
(3 -3.54074191e-15 0)
(3 -2.624101203e-15 0)
(3 -2.185717273e-15 0)
(3 -2.671967504e-15 0)
(3 -3.745927828e-15 0)
(3 -4.785549236e-15 0)
(3 -3.048154454e-15 0)
(3 -1.249504883e-15 0)
(3 1.629433225e-16 0)
(3 3.366162548e-16 0)
(3 -7.870942124e-16 0)
(3 -5.35394953e-16 0)
(3 6.027302874e-17 0)
(3 2.982273152e-16 0)
(3 -2.681283725e-17 0)
(3 8.272113617e-17 0)
(3 1.147912652e-15 0)
(3 2.647668481e-15 0)
(3 3.810465683e-15 0)
(3 4.772514851e-15 0)
(3 4.920434773e-15 0)
(3 4.017300634e-15 0)
(3 -2.408007854e-18 0)
(3 -2.238587037e-15 0)
(3 -3.056046165e-15 0)
(3 -2.42878541e-15 0)
(3 -1.75056816e-15 0)
(3 -2.399067005e-15 0)
(3 -3.475889402e-15 0)
(3 -2.23375752e-15 0)
(3 -1.224812734e-15 0)
(3 -2.011475631e-15 0)
(3 -1.559437349e-15 0)
(3 -1.150196291e-15 0)
(3 -1.259393269e-15 0)
(3 -2.960804095e-15 0)
(3 -2.639567622e-15 0)
(3 -2.579645238e-15 0)
(3 -1.880166835e-15 0)
(3 -9.396731869e-16 0)
(3 2.919069334e-16 0)
(3 9.124999899e-16 0)
(3 2.638436043e-16 0)
(3 1.383263047e-15 0)
(3 2.498528566e-15 0)
(3 3.821726901e-15 0)
(3 4.413937172e-15 0)
(3 3.336716151e-15 0)
(3 9.890435578e-16 0)
(3 1.880776512e-15 0)
(3 1.514607054e-15 0)
(3 1.122970297e-15 0)
(3 1.348737482e-15 0)
(3 9.403921783e-16 0)
(3 -1.837885733e-16 0)
(3 -3.761293795e-15 0)
(3 -4.296927659e-15 0)
(3 -4.114811808e-15 0)
(3 -2.021849627e-15 0)
(3 -8.68473286e-16 0)
(3 1.286169184e-15 0)
(3 -6.754966863e-16 0)
(3 -1.096680757e-15 0)
(3 -3.410635914e-19 0)
(3 4.416101037e-16 0)
(3 -5.402024781e-16 0)
(3 -1.525591724e-15 0)
(3 -3.401668604e-15 0)
(3 -6.093071328e-15 0)
(3 -5.846336563e-15 0)
(3 -4.41359928e-15 0)
(3 -2.833477564e-15 0)
(3 -2.81397946e-15 0)
(3 -2.001024784e-15 0)
(3 -5.388684099e-16 0)
(3 1.904725786e-15 0)
(3 4.019264211e-15 0)
(3 5.457853569e-15 0)
(3 6.514188447e-15 0)
(3 6.731496613e-15 0)
(3 6.744258156e-15 0)
(3 5.06594559e-15 0)
(3 8.094442632e-16 0)
(3 1.347960064e-15 0)
(3 1.291229432e-15 0)
(3 -3.508082707e-17 0)
(3 -1.521868552e-15 0)
(3 -1.828670346e-15 0)
(3 -1.364086985e-15 0)
(3 -1.994099946e-15 0)
(3 -2.38216521e-15 0)
(3 -2.188727413e-15 0)
(3 -3.494042168e-17 0)
(3 1.482208996e-15 0)
(3 2.697309215e-15 0)
(3 2.391346309e-15 0)
(3 2.33163777e-15 0)
(3 1.735725277e-15 0)
(3 2.037226565e-15 0)
(3 -1.304108546e-15 0)
(3 -6.781374446e-15 0)
(3 -1.029217485e-14 0)
(3 -1.117152816e-14 0)
(3 -9.741925035e-15 0)
(3 -5.25668848e-15 0)
(3 -3.273594578e-15 0)
(3 -1.334520849e-15 0)
(3 6.113623529e-16 0)
(3 3.095659927e-15 0)
(3 5.277649931e-15 0)
(3 6.32862938e-15 0)
(3 6.104206347e-15 0)
(3 6.618944109e-15 0)
(3 5.670188485e-15 0)
(3 5.878344878e-15 0)
(3 2.257032539e-16 0)
(3 1.179719087e-15 0)
(3 7.435284205e-16 0)
(3 -9.666009767e-16 0)
(3 -1.755357338e-15 0)
(3 -7.554076603e-16 0)
(3 -4.459885475e-16 0)
(3 -4.346753375e-17 0)
(3 1.571549943e-15 0)
(3 2.363139816e-15 0)
(3 2.245277869e-15 0)
(3 2.587568742e-15 0)
(3 4.202054891e-15 0)
(3 4.640711993e-15 0)
(3 4.303891921e-15 0)
(3 3.174200823e-15 0)
(3 3.35297273e-15 0)
(3 5.553547671e-16 0)
(3 -3.215220158e-15 0)
(3 -5.579127561e-15 0)
(3 -8.299180965e-15 0)
(3 -9.421495502e-15 0)
(3 -7.923728176e-15 0)
(3 -3.049958591e-15 0)
(3 7.855326987e-16 0)
(3 3.945449659e-16 0)
(3 -4.78665485e-16 0)
(3 1.46383208e-16 0)
(3 3.836873766e-15 0)
(3 6.666145178e-15 0)
(3 5.674364788e-15 0)
(3 3.105940173e-15 0)
(3 1.125272885e-15 0)
(3 -1.091948217e-15 0)
(3 -1.637627528e-15 0)
(3 -2.600555222e-15 0)
(3 -2.729087999e-15 0)
(3 -3.043702051e-15 0)
(3 -2.952837329e-15 0)
(3 -9.152856544e-16 0)
(3 8.876078472e-16 0)
(3 1.64638478e-15 0)
(3 2.336000296e-15 0)
(3 4.3571445e-16 0)
(3 9.711484293e-16 0)
(3 3.354628196e-15 0)
(3 4.657901857e-15 0)
(3 4.202853199e-15 0)
(3 2.77962525e-15 0)
(3 2.140588892e-15 0)
(3 1.592905549e-15 0)
(3 9.343605556e-16 0)
(3 1.340882171e-15 0)
(3 -2.989508567e-16 0)
(3 -2.806581731e-15 0)
(3 -4.038861683e-15 0)
(3 -3.90351793e-15 0)
(3 -2.451898919e-15 0)
(3 -1.732206313e-15 0)
(3 -1.002098978e-15 0)
(3 -1.205380641e-16 0)
(3 1.192375106e-15 0)
(3 2.559688326e-15 0)
(3 5.778980763e-16 0)
(3 -5.22235813e-16 0)
(3 -1.158244214e-15 0)
(3 -1.063167551e-15 0)
(3 -2.959621127e-15 0)
(3 -5.024196144e-15 0)
(3 -4.468609721e-15 0)
(3 -3.549265104e-15 0)
(3 -2.535850189e-15 0)
(3 -7.007924322e-16 0)
(3 6.468812364e-16 0)
(3 2.085380885e-15 0)
(3 1.457738972e-15 0)
(3 1.739618359e-15 0)
(3 2.003926808e-15 0)
(3 2.487763296e-15 0)
(3 1.934290337e-15 0)
(3 2.396266758e-15 0)
(3 1.64439417e-15 0)
(3 2.119931849e-16 0)
(3 3.705684739e-16 0)
(3 3.936743614e-16 0)
(3 7.524655167e-16 0)
(3 8.956150049e-16 0)
(3 3.876801955e-16 0)
(3 -8.993865164e-16 0)
(3 -4.278003391e-15 0)
(3 -5.139541651e-15 0)
(3 -3.267775635e-15 0)
(3 3.865080724e-16 0)
(3 3.105534682e-15 0)
(3 2.031364571e-15 0)
(3 -4.78142353e-16 0)
(3 -2.969424531e-15 0)
(3 -3.022081592e-15 0)
(3 -2.064224794e-15 0)
(3 -6.904159868e-16 0)
(3 -2.064188207e-15 0)
(3 -3.468123408e-15 0)
(3 -3.345942913e-15 0)
(3 -2.458768696e-15 0)
(3 -6.338366173e-17 0)
(3 6.417110607e-16 0)
(3 1.372825116e-16 0)
(3 7.735041131e-16 0)
(3 1.463296665e-15 0)
(3 2.255104952e-15 0)
(3 2.122038187e-15 0)
(3 1.296093509e-15 0)
(3 3.537950265e-16 0)
(3 8.858272392e-16 0)
(3 4.027345639e-16 0)
(3 -1.207116825e-15 0)
(3 -1.112009193e-15 0)
(3 -8.579817744e-16 0)
(3 -1.131894429e-15 0)
(3 -1.573869216e-15 0)
(3 -1.482716316e-15 0)
(3 -1.350031687e-15 0)
(3 -2.921176959e-15 0)
(3 -3.739277649e-15 0)
(3 -2.904092351e-15 0)
(3 -2.219551144e-15 0)
(3 -8.836873703e-16 0)
(3 -1.454419426e-15 0)
(3 -2.088154169e-15 0)
(3 -2.739633901e-15 0)
(3 -3.339200376e-15 0)
(3 -2.958849352e-15 0)
(3 2.680398917e-15 0)
(3 1.430417275e-15 0)
(3 2.346507961e-16 0)
(3 -1.188066181e-15 0)
(3 -2.310038465e-15 0)
(3 -2.847057414e-15 0)
(3 -3.319228356e-15 0)
(3 -2.736810586e-15 0)
(3 -2.012226387e-15 0)
(3 -1.999676955e-16 0)
(3 -4.462746569e-16 0)
(3 -6.571732606e-16 0)
(3 -9.983281397e-16 0)
(3 -3.783963957e-16 0)
(3 -8.766699033e-16 0)
(3 -8.578227548e-16 0)
(3 -3.505523595e-15 0)
(3 -3.172567813e-15 0)
(3 -2.823876567e-15 0)
(3 -2.701161119e-15 0)
(3 -3.293601191e-15 0)
(3 -3.167711712e-15 0)
(3 -2.541235798e-15 0)
(3 -2.970292601e-15 0)
(3 -4.315832484e-15 0)
(3 -5.465542614e-15 0)
(3 -6.978078394e-15 0)
(3 -8.030314656e-15 0)
(3 -7.252829422e-15 0)
(3 -5.440570965e-15 0)
(3 -4.432675323e-15 0)
(3 -1.924578376e-15 0)
(3 -4.909428496e-16 0)
(3 5.499814578e-15 0)
(3 3.57923356e-15 0)
(3 2.891217896e-15 0)
(3 -3.902572084e-16 0)
(3 -4.187325356e-15 0)
(3 -6.065363327e-15 0)
(3 -5.486933722e-15 0)
(3 -3.72049888e-15 0)
(3 -2.670635161e-15 0)
(3 -2.67701775e-15 0)
(3 -2.214124607e-15 0)
(3 -1.969391913e-15 0)
(3 -2.56147239e-15 0)
(3 -2.020409367e-15 0)
(3 -2.55127058e-15 0)
(3 -3.376280198e-15 0)
(3 -2.513034304e-15 0)
(3 -2.730201615e-15 0)
(3 -3.851467179e-15 0)
(3 -3.674684563e-15 0)
(3 -2.985241165e-15 0)
(3 -3.076418788e-15 0)
)
;

boundaryField
{
    inlet
    {
        type            fixedValue;
        value           nonuniform 0();
    }
    outlet
    {
        type            inletOutlet;
        inletValue      nonuniform 0();
        value           nonuniform 0();
    }
    bottom
    {
        type            slip;
    }
    top
    {
        type            slip;
    }
    obstacle
    {
        type            slip;
    }
    defaultFaces
    {
        type            empty;
    }
    procBoundary19to13
    {
        type            processor;
        value           nonuniform List<vector> 
35
(
(3 4.912005444e-15 0)
(3 3.987708543e-15 0)
(3 2.559144865e-15 0)
(3 9.506343117e-16 0)
(3 -3.853635535e-16 0)
(3 2.120889315e-15 0)
(3 4.694766067e-15 0)
(3 4.646494819e-15 0)
(3 3.537897049e-15 0)
(3 3.323579504e-15 0)
(3 1.461291599e-15 0)
(3 -2.428275398e-16 0)
(3 -4.297697305e-16 0)
(3 7.642523416e-16 0)
(3 1.345020268e-15 0)
(3 9.655474223e-16 0)
(3 6.944318194e-16 0)
(3 1.049243444e-15 0)
(3 8.467129656e-16 0)
(3 1.684424755e-15 0)
(3 2.717626333e-15 0)
(3 3.79798474e-15 0)
(3 3.560378034e-15 0)
(3 3.708591952e-15 0)
(3 4.75525296e-15 0)
(3 5.458742821e-15 0)
(3 5.306200849e-15 0)
(3 4.905323926e-15 0)
(3 5.076914896e-15 0)
(3 5.178581942e-15 0)
(3 5.524507143e-15 0)
(3 4.914557706e-15 0)
(3 4.028750203e-15 0)
(3 4.028750203e-15 0)
(2.957694156 -0.01045053013 0)
)
;
    }
    procBoundary19to18
    {
        type            processor;
        value           nonuniform List<vector> 
33
(
(3 3.296529953e-15 0)
(3 2.31503257e-16 0)
(3 -4.31414821e-16 0)
(3 3.252546445e-15 0)
(3 5.517207582e-15 0)
(3 3.841898973e-15 0)
(3 1.121629711e-15 0)
(3 -1.193419142e-15 0)
(3 -3.003950542e-15 0)
(3 -1.559174716e-15 0)
(3 -8.419800511e-16 0)
(3 -2.679852106e-16 0)
(3 -8.092402047e-16 0)
(3 1.797024946e-15 0)
(3 2.754333145e-15 0)
(3 7.018502253e-16 0)
(3 2.865652696e-15 0)
(3 2.74448838e-15 0)
(3 -4.375531317e-17 0)
(3 6.219526177e-16 0)
(3 -4.624865988e-16 0)
(3 1.398262366e-15 0)
(3 3.870194134e-15 0)
(3 1.146274263e-15 0)
(3 -2.075227578e-15 0)
(3 -3.554947157e-15 0)
(3 -1.165855141e-15 0)
(3 -1.441888103e-15 0)
(3 -8.508207825e-16 0)
(3 -3.520976727e-16 0)
(3 5.431943829e-16 0)
(3 3.836068819e-17 0)
(3 1.477670772e-15 0)
)
;
    }
    procBoundary19to20
    {
        type            processor;
        value           nonuniform List<vector> 
31
(
(2.548191889 0.679550241 0)
(2.562052454 0.6823703422 0)
(2.577979432 0.6782057759 0)
(2.585376549 0.6696592899 0)
(2.569176114 0.7013138604 0)
(2.541697953 0.7336302356 0)
(2.573325138 0.6790639455 0)
(2.687678524 0.4937554543 0)
(2.931888622 0.1040099107 0)
(2.999180087 0.001185136009 0)
(2.999999834 1.317666544e-07 0)
(3.000000001 -8.525579163e-10 0)
(3 -8.985911393e-11 0)
(3 -5.775772892e-13 0)
(3 -7.607520789e-15 0)
(3 -8.290636087e-15 0)
(3 -7.385083527e-15 0)
(3 -8.204556359e-15 0)
(3 -5.229116424e-15 0)
(3 -2.553245506e-15 0)
(3 -3.627992235e-15 0)
(3 -2.757357962e-15 0)
(3 2.160618206e-15 0)
(3 4.029213178e-15 0)
(3 2.743375236e-15 0)
(3 4.166144393e-15 0)
(3 2.125914528e-15 0)
(3 1.098240401e-15 0)
(3 7.423737716e-16 0)
(3 -2.474629144e-15 0)
(3 -4.183539612e-15 0)
)
;
    }
    procBoundary19to24
    {
        type            processor;
        value           nonuniform List<vector> 2((3 5.069734363e-15 0) (3 5.144730318e-15 0));
    }
    procBoundary19to25
    {
        type            processor;
        value           nonuniform List<vector> 
70
(
(3 -4.743200531e-15 0)
(3 -4.72320735e-15 0)
(3 -4.31999643e-15 0)
(3 -4.95933492e-15 0)
(3 -5.116012365e-15 0)
(3 -5.342025741e-15 0)
(3 3.707477166e-15 0)
(3 3.369207282e-15 0)
(3 2.966303086e-15 0)
(3 1.898931217e-15 0)
(3 5.749141387e-16 0)
(3 4.285304518e-16 0)
(3 1.54329128e-16 0)
(3 1.114616253e-16 0)
(3 -4.743200531e-15 0)
(3 1.168579776e-16 0)
(3 9.702150184e-15 0)
(3 9.106184983e-15 0)
(3 8.309307943e-15 0)
(3 5.286901855e-15 0)
(3 3.647846696e-15 0)
(3 1.965532401e-15 0)
(3 1.737808314e-15 0)
(3 2.171765665e-15 0)
(3 3.707477166e-15 0)
(3 1.905042752e-15 0)
(3 6.658175366e-15 0)
(3 7.766982117e-15 0)
(3 8.477558013e-15 0)
(3 9.15648691e-15 0)
(3 9.521831374e-15 0)
(3 9.952931805e-15 0)
(3 1.05506376e-14 0)
(3 1.021057962e-14 0)
(3 9.702150184e-15 0)
(3 1.007885922e-14 0)
(3 -3.065439527e-15 0)
(3 -2.961916419e-15 0)
(3 -3.281589898e-15 0)
(3 -4.213608974e-15 0)
(3 -5.763984634e-15 0)
(3 -6.753821155e-15 0)
(3 -7.076747979e-15 0)
(3 -6.409255479e-15 0)
(3 -3.038709512e-15 0)
(3 -1.695702322e-16 0)
(3 3.264797569e-15 0)
(3 3.802898471e-15 0)
(3 3.75144655e-15 0)
(3 2.1983368e-15 0)
(3 3.23594676e-16 0)
(3 -1.666038819e-15 0)
(3 -2.453589776e-15 0)
(3 -1.838179856e-15 0)
(3 -2.095506557e-15 0)
(3 -2.738816969e-15 0)
(3 -3.21528243e-15 0)
(3 -2.714025418e-15 0)
(3 -2.892916063e-15 0)
(3 -3.239340476e-15 0)
(3 -4.218619756e-15 0)
(3 -4.204604811e-15 0)
(3 -2.353461934e-15 0)
(3 -1.53698349e-16 0)
(3 1.34538798e-15 0)
(3 1.645680069e-15 0)
(3 5.182282172e-16 0)
(3 -1.450738403e-16 0)
(3 -3.065439527e-15 0)
(3 -7.638698607e-16 0)
)
;
    }
}


// ************************************************************************* //
