/*--------------------------------*- C++ -*----------------------------------*\
  =========                 |
  \\      /  F ield         | OpenFOAM: The Open Source CFD Toolbox
   \\    /   O peration     | Website:  https://openfoam.org
    \\  /    A nd           | Version:  7
     \\/     M anipulation  |
\*---------------------------------------------------------------------------*/
FoamFile
{
    version     2.0;
    format      ascii;
    class       volVectorField;
    location    "0.7";
    object      U;
}
// * * * * * * * * * * * * * * * * * * * * * * * * * * * * * * * * * * * * * //

dimensions      [0 1 -1 0 0 0 0];

internalField   nonuniform List<vector> 
2222
(
(3 2.484456761e-16 0)
(3 -2.027094276e-15 0)
(3 -2.585823194e-15 0)
(3 -4.444154145e-15 0)
(3 -4.426765495e-15 0)
(3 -2.168132854e-15 0)
(3 7.647567123e-16 0)
(3 -5.250044103e-16 0)
(3 -2.118041407e-15 0)
(3 -4.572098973e-15 0)
(3 -5.405812942e-15 0)
(3 -3.753651188e-15 0)
(3 -2.092576089e-15 0)
(3 -1.170875389e-15 0)
(3 1.954558912e-16 0)
(3 3.96686413e-16 0)
(3 1.17820646e-15 0)
(3 -4.572522797e-15 0)
(3 -3.73714905e-15 0)
(3 -1.904812854e-15 0)
(3 -1.034289445e-16 0)
(3 9.038607167e-16 0)
(3 2.586336211e-15 0)
(3 2.032111821e-15 0)
(3 1.769950121e-15 0)
(3 2.507054806e-15 0)
(3 2.732744665e-15 0)
(3 2.979646689e-15 0)
(3 9.392558918e-17 0)
(3 -1.324133696e-15 0)
(3 -3.318086313e-15 0)
(3 -2.41680222e-15 0)
(3 -2.74784708e-15 0)
(3 -2.260166601e-15 0)
(3 -1.446463715e-15 0)
(3 -2.669248596e-16 0)
(3 6.146140722e-16 0)
(3 5.340388019e-15 0)
(3 1.649104107e-15 0)
(3 1.773351347e-17 0)
(3 -2.991539303e-15 0)
(3 -5.597803181e-15 0)
(3 -6.411082885e-15 0)
(3 -4.508756202e-15 0)
(3 -5.757323553e-15 0)
(3 -7.184494769e-15 0)
(3 -8.226242817e-15 0)
(3 -6.685485944e-15 0)
(3 -5.384488403e-15 0)
(3 -3.440380591e-15 0)
(3 -2.85442723e-15 0)
(3 2.338804952e-15 0)
(3 7.41148668e-15 0)
(3 4.819248789e-15 0)
(3 3.773650937e-15 0)
(3 1.679802859e-15 0)
(3 1.342971842e-15 0)
(3 -1.890933322e-15 0)
(3 -3.425909605e-15 0)
(3 -2.411363936e-15 0)
(3 -2.915873508e-15 0)
(3 1.23550318e-15 0)
(3 3.673340402e-15 0)
(3 4.77755238e-15 0)
(3 8.52446085e-15 0)
(3 7.626288144e-15 0)
(3 1.239690814e-15 0)
(3 -8.62813854e-17 0)
(3 -2.119192676e-15 0)
(3 -2.934547932e-15 0)
(3 -3.597895584e-15 0)
(3 1.994397472e-15 0)
(3 2.093075956e-15 0)
(3 -9.240746575e-16 0)
(3 -4.153198197e-15 0)
(3 -6.110383159e-15 0)
(3 -6.601702882e-15 0)
(3 -3.684964833e-15 0)
(3 -2.314818364e-15 0)
(3 -1.598245793e-15 0)
(3 6.038717664e-16 0)
(3 5.420965121e-16 0)
(3 1.392617597e-15 0)
(3 -1.218299535e-15 0)
(3 -2.323329356e-15 0)
(3 -4.169300624e-16 0)
(3 2.864295626e-15 0)
(3 3.025772464e-15 0)
(3 1.736499734e-15 0)
(3 -8.913554868e-16 0)
(3 -2.585299016e-15 0)
(3 -1.00265292e-15 0)
(3 -7.67663873e-16 0)
(3 -9.072822588e-16 0)
(3 -1.845378883e-15 0)
(3 -2.666945961e-15 0)
(3 -4.530377621e-15 0)
(3 -2.95646795e-15 0)
(3 -1.454829836e-15 0)
(3 -8.108106068e-16 0)
(3 -4.192392607e-16 0)
(3 5.966286842e-16 0)
(3 1.927661262e-15 0)
(3 2.436342379e-15 0)
(3 -8.436979935e-16 0)
(3 -5.965835065e-15 0)
(3 -8.219615537e-15 0)
(3 -1.231362246e-14 0)
(3 -1.181897658e-14 0)
(3 -8.913097993e-15 0)
(3 -1.523544501e-14 0)
(3 -1.906965033e-14 0)
(3 -1.425430654e-14 0)
(3 -9.178334465e-15 0)
(3 -4.061737945e-15 0)
(3 -2.802216839e-16 0)
(3 -6.923894851e-16 0)
(3 5.057230968e-15 0)
(3 1.301873459e-14 0)
(3 4.887545999e-15 0)
(3 1.499404086e-15 0)
(3 -2.156370474e-15 0)
(3 -5.625445614e-16 0)
(3 -2.734096593e-15 0)
(3 -3.324078203e-15 0)
(3 -2.630625513e-15 0)
(3 -2.045514086e-15 0)
(3 -3.387170197e-16 0)
(3 1.151026876e-15 0)
(3 8.595114466e-16 0)
(3 -1.162661772e-15 0)
(3 -1.204221708e-15 0)
(3 1.964851637e-15 0)
(3 1.983497888e-15 0)
(3 8.818551445e-16 0)
(3 2.790545216e-15 0)
(3 4.874912828e-15 0)
(3 6.255390378e-15 0)
(3 4.996949844e-15 0)
(3 4.91409288e-15 0)
(3 3.846471793e-15 0)
(3 -3.07608628e-16 0)
(3 -1.274492552e-15 0)
(3 -2.488758098e-16 0)
(3 -1.031951371e-15 0)
(3 -9.022613402e-16 0)
(3 1.258427774e-15 0)
(3 1.974816201e-15 0)
(3 3.085110643e-16 0)
(3 1.32714574e-15 0)
(3 -1.480164046e-15 0)
(3 -3.10322958e-15 0)
(3 -4.471549589e-15 0)
(3 -3.425397649e-15 0)
(3 -1.276198556e-15 0)
(3 -4.382078846e-16 0)
(3 -1.198553887e-15 0)
(3 -6.053826393e-16 0)
(3 -2.034480806e-15 0)
(3 -1.777045373e-15 0)
(3 5.805676982e-16 0)
(3 -2.161065023e-15 0)
(3 -2.151211872e-16 0)
(3 1.981708783e-15 0)
(3 3.350904591e-15 0)
(3 3.009073914e-15 0)
(3 1.577726741e-15 0)
(3 1.275024422e-15 0)
(3 -5.515202431e-18 0)
(3 -4.581734791e-15 0)
(3 -2.530367463e-16 0)
(3 -9.450899246e-17 0)
(3 -2.394046949e-15 0)
(3 -4.283454346e-15 0)
(3 -6.849236575e-15 0)
(3 -9.43279969e-15 0)
(3 -1.478369797e-14 0)
(3 -1.450248449e-14 0)
(3 -9.379510849e-15 0)
(3 -4.025320568e-15 0)
(3 -3.037348182e-15 0)
(3 2.399608627e-15 0)
(3 3.555311242e-15 0)
(3 8.566336832e-15 0)
(3 1.245290698e-14 0)
(3 1.19465125e-14 0)
(3 1.009181466e-14 0)
(3 4.864346329e-15 0)
(3 1.476960435e-15 0)
(3 3.010235004e-15 0)
(3 4.919820534e-15 0)
(3 3.910778114e-15 0)
(3 6.614159601e-15 0)
(3 6.441602184e-15 0)
(3 8.581851929e-15 0)
(3 9.575164474e-15 0)
(3 1.177936829e-14 0)
(3 1.021182839e-14 0)
(3 1.750428589e-16 0)
(3 1.458282056e-15 0)
(3 2.769950214e-15 0)
(3 1.118900451e-15 0)
(3 2.065101221e-15 0)
(3 3.851324909e-16 0)
(3 1.284964346e-15 0)
(3 2.737183089e-15 0)
(3 5.315178627e-15 0)
(3 3.808330415e-15 0)
(3 3.652746174e-15 0)
(3 2.282350774e-15 0)
(3 2.978657362e-15 0)
(3 2.122026095e-15 0)
(3 3.857941908e-16 0)
(3 -2.705222931e-15 0)
(3 -5.718288754e-15 0)
(3 -6.308402135e-15 0)
(3 -4.733974669e-15 0)
(3 -4.279801112e-15 0)
(3 -4.26863632e-15 0)
(3 -3.877348713e-15 0)
(3 -4.314704598e-15 0)
(3 -3.352968986e-15 0)
(3 -3.624283463e-15 0)
(3 -1.195228471e-15 0)
(3 -1.162231967e-15 0)
(3 -3.444312524e-15 0)
(3 -2.112996193e-15 0)
(3 -2.68725645e-15 0)
(3 -1.077769187e-15 0)
(3 -5.005035419e-15 0)
(3 -5.292206742e-15 0)
(3 -5.180546457e-15 0)
(3 -2.813381785e-15 0)
(3 -3.578296875e-15 0)
(3 -3.71527865e-15 0)
(3 -1.300553556e-15 0)
(3 -1.325694435e-15 0)
(3 -1.394448293e-15 0)
(3 -2.223798056e-15 0)
(3 -5.390996402e-15 0)
(3 -9.371326663e-15 0)
(3 -1.373822888e-14 0)
(3 -1.128765709e-14 0)
(3 -8.500005708e-15 0)
(3 -6.229156833e-15 0)
(3 -4.184718984e-15 0)
(3 -2.864158129e-15 0)
(3 1.321153562e-15 0)
(3 6.583753369e-15 0)
(3 1.204696113e-14 0)
(3 1.378215936e-14 0)
(3 1.475488336e-14 0)
(3 1.296496339e-14 0)
(3 9.454713253e-15 0)
(3 2.177247236e-15 0)
(3 3.553585699e-15 0)
(3 3.035145185e-15 0)
(3 3.899492096e-15 0)
(3 8.141640451e-15 0)
(3 1.384249909e-14 0)
(3 1.434644955e-14 0)
(3 1.582539918e-14 0)
(3 1.698771039e-14 0)
(3 1.723966596e-14 0)
(3 -1.245518687e-16 0)
(3 6.782055131e-16 0)
(3 1.945329614e-16 0)
(3 3.236472464e-17 0)
(3 1.261997693e-15 0)
(3 -2.330564061e-16 0)
(3 -1.82249025e-15 0)
(3 -2.95727461e-15 0)
(3 -1.23890694e-15 0)
(3 4.713759772e-16 0)
(3 2.947634892e-15 0)
(3 2.672751324e-15 0)
(3 3.343620286e-15 0)
(3 6.61575191e-16 0)
(3 -4.191017236e-17 0)
(3 -3.438242184e-15 0)
(3 -5.613804346e-15 0)
(3 -4.30791125e-15 0)
(3 -7.093280353e-16 0)
(3 1.912385118e-15 0)
(3 1.299098423e-15 0)
(3 -7.97635817e-16 0)
(3 -3.334344862e-15 0)
(3 -5.191942473e-15 0)
(3 -6.030867093e-15 0)
(3 -4.895159143e-15 0)
(3 -4.699671132e-15 0)
(3 -2.934384079e-15 0)
(3 -5.104224704e-15 0)
(3 -4.265891304e-15 0)
(3 -7.42668246e-15 0)
(3 -9.308576682e-15 0)
(3 -7.587262235e-15 0)
(3 -9.554679681e-15 0)
(3 -7.027998449e-15 0)
(3 -6.41307555e-15 0)
(3 -6.190178168e-15 0)
(3 -3.969232024e-15 0)
(3 -6.037357817e-15 0)
(3 -4.81789083e-15 0)
(3 -6.954455199e-16 0)
(3 -2.58741278e-15 0)
(3 -4.594274117e-15 0)
(3 -6.687270214e-15 0)
(3 -7.68944396e-15 0)
(3 -3.331276942e-15 0)
(3 -6.438166489e-15 0)
(3 -8.806197585e-15 0)
(3 -2.417966189e-15 0)
(3 -2.473954865e-17 0)
(3 1.905992004e-15 0)
(3 4.02203626e-15 0)
(3 1.017748598e-14 0)
(3 1.190390862e-14 0)
(3 7.91176419e-15 0)
(3 3.094103894e-15 0)
(3 3.944565583e-16 0)
(3 -1.832017724e-15 0)
(3 -8.083965067e-16 0)
(3 2.17568451e-15 0)
(3 5.222854829e-15 0)
(3 7.137010028e-15 0)
(3 6.409604131e-15 0)
(3 6.540201251e-15 0)
(3 7.171961881e-15 0)
(3 5.745515936e-15 0)
(3 5.896871252e-16 0)
(3 1.482850386e-15 0)
(3 -2.495159454e-15 0)
(3 -2.694073751e-15 0)
(3 -2.177035225e-15 0)
(3 -1.411302942e-15 0)
(3 9.301993013e-16 0)
(3 5.201810854e-16 0)
(3 -3.851693835e-16 0)
(3 1.030619791e-15 0)
(3 2.951268924e-15 0)
(3 9.817691074e-16 0)
(3 3.667078673e-15 0)
(3 5.227646329e-15 0)
(3 3.444335201e-15 0)
(3 1.421945839e-16 0)
(3 3.458017059e-16 0)
(3 1.011706178e-15 0)
(3 2.451448064e-15 0)
(3 1.046713908e-15 0)
(3 2.494188794e-15 0)
(3 3.900567325e-15 0)
(3 2.701165065e-15 0)
(3 2.046384323e-15 0)
(3 1.667535489e-15 0)
(3 -2.578287098e-15 0)
(3 -4.29897928e-15 0)
(3 -5.423095491e-16 0)
(3 -1.149814819e-15 0)
(3 -1.233957714e-15 0)
(3 -4.731526667e-15 0)
(3 -6.072711085e-15 0)
(3 -7.238260315e-15 0)
(3 -8.015248096e-15 0)
(3 -7.534895929e-15 0)
(3 -3.722016344e-15 0)
(3 -2.147636421e-15 0)
(3 -1.67278601e-15 0)
(3 5.966579465e-16 0)
(3 9.09045852e-16 0)
(3 3.129511967e-16 0)
(3 1.617945003e-15 0)
(3 -3.334382878e-16 0)
(3 4.813108497e-16 0)
(3 7.727318068e-16 0)
(3 2.557013643e-15 0)
(3 -3.422557929e-16 0)
(3 -1.870085928e-15 0)
(3 -1.70256073e-15 0)
(3 6.654455506e-17 0)
(3 3.949569993e-16 0)
(3 7.407280639e-16 0)
(3 2.425428776e-15 0)
(3 3.561225133e-15 0)
(3 -2.139936576e-15 0)
(3 1.780289633e-16 0)
(3 1.065075061e-15 0)
(3 -1.326362517e-15 0)
(3 -2.138664853e-15 0)
(3 -1.534117737e-15 0)
(3 -1.227900207e-15 0)
(3 -1.838271425e-15 0)
(3 -1.383335681e-15 0)
(3 6.442537251e-16 0)
(3 2.125047264e-15 0)
(3 9.358417043e-16 0)
(3 -1.202062579e-15 0)
(3 -3.176266279e-15 0)
(3 -5.339581743e-15 0)
(3 -9.013932181e-15 0)
(3 -1.17279636e-14 0)
(3 -1.095718288e-14 0)
(3 -9.578370186e-15 0)
(3 -5.39756661e-15 0)
(3 -2.331536806e-15 0)
(3 -6.781068119e-16 0)
(3 -3.754241718e-16 0)
(3 3.121582897e-15 0)
(3 2.201781739e-15 0)
(3 4.233808264e-16 0)
(3 -1.665330402e-15 0)
(3 -8.85624226e-16 0)
(3 2.642951422e-15 0)
(3 1.103825781e-15 0)
(3 -3.658929283e-16 0)
(3 -4.681450407e-16 0)
(3 1.02034982e-15 0)
(3 4.174892469e-15 0)
(3 5.128929348e-15 0)
(3 2.919063816e-15 0)
(3 7.728802796e-16 0)
(3 1.178219545e-16 0)
(3 -1.290405511e-16 0)
(3 3.803346096e-15 0)
(3 6.810764129e-15 0)
(3 3.864637303e-15 0)
(3 -1.154645831e-15 0)
(3 -5.159565552e-15 0)
(3 -1.087197493e-14 0)
(3 -7.427604069e-15 0)
(3 -6.308633729e-15 0)
(3 -7.059703326e-15 0)
(3 -5.920756956e-15 0)
(3 -4.600244693e-15 0)
(3 -9.439956742e-16 0)
(3 -3.145684544e-16 0)
(3 -3.580452814e-15 0)
(3 -8.98632864e-16 0)
(3 1.326776932e-16 0)
(3 1.559183132e-15 0)
(3 2.461273001e-15 0)
(3 3.610926987e-15 0)
(3 2.583969279e-15 0)
(3 3.732839362e-15 0)
(3 2.19027244e-15 0)
(3 -1.324091225e-15 0)
(3 -3.470666486e-15 0)
(3 -1.136250626e-15 0)
(3 -2.607133006e-15 0)
(3 -3.955605482e-15 0)
(3 -1.751476144e-15 0)
(3 2.198168296e-15 0)
(3 1.21837591e-15 0)
(3 -2.837805119e-16 0)
(3 -3.405923873e-15 0)
(3 -3.797191566e-15 0)
(3 -4.207375868e-15 0)
(3 -3.417538021e-15 0)
(3 -1.833127363e-15 0)
(3 -6.803773964e-16 0)
(3 -2.126463907e-15 0)
(3 2.401774763e-16 0)
(3 -2.773548396e-15 0)
(3 -4.723464552e-15 0)
(3 -1.650872998e-15 0)
(3 -2.272174458e-15 0)
(3 -3.317030652e-15 0)
(3 -6.114111458e-15 0)
(3 -8.818156943e-15 0)
(3 -8.98426928e-15 0)
(3 -6.747440531e-15 0)
(3 -5.546164234e-15 0)
(3 -5.40523282e-15 0)
(3 -2.242026016e-15 0)
(3 -5.297649928e-15 0)
(3 -5.929587159e-15 0)
(3 -3.901898343e-15 0)
(3 -9.449320738e-16 0)
(3 -1.520857656e-15 0)
(3 -2.928931802e-15 0)
(3 -1.76701992e-15 0)
(3 1.290012545e-15 0)
(3 3.188221174e-15 0)
(3 3.634621826e-15 0)
(3 1.982082586e-15 0)
(3 2.597464054e-15 0)
(3 1.535092053e-15 0)
(3 1.824761166e-15 0)
(3 -4.07014358e-16 0)
(3 -3.019397251e-15 0)
(3 -4.556875073e-15 0)
(3 -6.030560765e-15 0)
(3 -1.775592196e-15 0)
(3 2.110208599e-15 0)
(3 5.625630273e-16 0)
(3 2.597613636e-16 0)
(3 8.415224169e-16 0)
(3 3.654801193e-19 0)
(3 8.214594084e-17 0)
(3 -1.499800095e-16 0)
(3 -3.355226773e-15 0)
(3 -2.658338402e-15 0)
(3 -7.977909548e-15 0)
(3 -8.304597604e-15 0)
(3 -4.003564008e-15 0)
(3 -9.110733511e-16 0)
(3 -1.759774169e-15 0)
(3 5.933760981e-16 0)
(3 2.061381992e-15 0)
(3 6.98480354e-15 0)
(3 6.101490865e-15 0)
(3 2.185965701e-15 0)
(3 -3.584211511e-15 0)
(3 -5.946711036e-15 0)
(3 -1.039742059e-14 0)
(3 -9.894324692e-15 0)
(3 -7.033929846e-15 0)
(3 -8.444435495e-15 0)
(3 -6.919874177e-15 0)
(3 -5.892972525e-15 0)
(3 -4.569058797e-15 0)
(3 -3.739494964e-15 0)
(3 -2.828962955e-15 0)
(3 -2.916989358e-15 0)
(3 -3.592394133e-15 0)
(3 -4.363358408e-15 0)
(3 -4.320612677e-15 0)
(3 1.155819987e-15 0)
(3 7.35044946e-17 0)
(3 1.534298938e-15 0)
(3 3.242919252e-15 0)
(3 3.871553866e-15 0)
(3 2.718820633e-15 0)
(3 -7.895218847e-16 0)
(3 -4.513740878e-15 0)
(3 -7.042822585e-15 0)
(3 -8.369510733e-15 0)
(3 -1.068814197e-14 0)
(3 -1.230701472e-14 0)
(3 -1.225339942e-14 0)
(3 -1.04863138e-14 0)
(3 -5.190152261e-15 0)
(3 -1.344732275e-15 0)
(3 -1.801484884e-15 0)
(3 -5.749544273e-15 0)
(3 -3.055888398e-15 0)
(3 -8.485350587e-16 0)
(3 1.177500918e-15 0)
(3 2.066138584e-15 0)
(3 5.214961577e-16 0)
(3 -7.651564299e-16 0)
(3 1.36926209e-15 0)
(3 1.19193915e-15 0)
(3 -3.217576889e-15 0)
(3 -6.893045111e-15 0)
(3 -1.476478398e-14 0)
(3 -1.686471837e-14 0)
(3 -1.372768845e-14 0)
(3 -1.048489812e-14 0)
(3 -2.241841798e-15 0)
(3 2.956156785e-15 0)
(3 3.377071418e-15 0)
(3 2.019004604e-15 0)
(3 7.913682439e-15 0)
(3 6.955446162e-15 0)
(3 2.198961334e-15 0)
(3 1.00512033e-15 0)
(3 -8.609623033e-16 0)
(3 -3.429997816e-15 0)
(3 -3.128363748e-15 0)
(3 -1.672621456e-15 0)
(3 1.90189044e-15 0)
(3 2.75604225e-15 0)
(3 4.335939484e-15 0)
(3 5.231961158e-15 0)
(3 5.026230194e-15 0)
(3 1.680664507e-15 0)
(3 1.00416235e-15 0)
(3 -1.289924957e-15 0)
(3 -7.960997566e-15 0)
(3 -1.21402973e-14 0)
(3 -1.022517526e-14 0)
(3 -9.252039969e-15 0)
(3 -8.601823458e-15 0)
(3 -1.078927155e-14 0)
(3 -1.0407425e-14 0)
(3 -5.671369164e-15 0)
(3 -6.894625384e-15 0)
(3 -4.16679079e-15 0)
(3 -7.538005159e-15 0)
(3 -8.101831175e-15 0)
(3 -5.543988911e-15 0)
(3 -6.912785852e-16 0)
(3 8.218390101e-16 0)
(3 -3.141591522e-16 0)
(3 9.146668988e-16 0)
(3 -3.673789276e-17 0)
(3 1.049840402e-15 0)
(3 -3.978332409e-17 0)
(3 -1.934692962e-15 0)
(3 -4.339254079e-15 0)
(3 -4.503382466e-15 0)
(3 -6.159015353e-15 0)
(3 -1.158021418e-14 0)
(3 -1.256977318e-14 0)
(3 -1.142463537e-14 0)
(3 -9.263724287e-15 0)
(3 -7.903654478e-15 0)
(3 -5.325807997e-15 0)
(3 -5.616574703e-15 0)
(3 -5.422002307e-15 0)
(3 -2.664808542e-15 0)
(3 -3.385667086e-15 0)
(3 -6.953723548e-18 0)
(3 -2.57800432e-15 0)
(3 -5.379111125e-15 0)
(3 -3.667961872e-15 0)
(3 -4.401112223e-15 0)
(3 -4.418840389e-15 0)
(3 -4.713665481e-15 0)
(3 -5.161379475e-15 0)
(3 -4.177915431e-15 0)
(3 -2.982441922e-15 0)
(3 -3.708674787e-15 0)
(3 -5.336344208e-15 0)
(3 -3.228808314e-15 0)
(3 1.84485736e-16 0)
(3 2.743481642e-15 0)
(3 9.465305324e-16 0)
(3 4.950479349e-15 0)
(3 4.710569108e-15 0)
(3 3.543956745e-15 0)
(3 5.224732061e-16 0)
(3 -1.940739883e-15 0)
(3 3.076314639e-15 0)
(3 2.366702982e-15 0)
(3 7.886986996e-16 0)
(3 -2.663812649e-16 0)
(3 7.081768476e-17 0)
(3 -2.91286854e-16 0)
(3 5.3947281e-16 0)
(3 -3.210715995e-16 0)
(3 -2.173869103e-15 0)
(3 -2.712128851e-15 0)
(3 -3.429356122e-15 0)
(3 -7.670389449e-15 0)
(3 -7.467150825e-15 0)
(3 -7.670184551e-15 0)
(3 -4.938626937e-15 0)
(3 -8.445316325e-15 0)
(3 -1.358376317e-14 0)
(3 -9.266352385e-15 0)
(3 -6.051390993e-15 0)
(3 -5.418710231e-15 0)
(3 -4.696122467e-15 0)
(3 -2.560671763e-15 0)
(3 -2.645981405e-15 0)
(3 -1.826633152e-15 0)
(3 2.018555414e-15 0)
(3 4.326303361e-15 0)
(3 -1.729183743e-16 0)
(3 -2.143086856e-15 0)
(3 -3.891644274e-15 0)
(3 -4.167124346e-15 0)
(3 -5.961353631e-15 0)
(3 -4.72046516e-15 0)
(3 -2.331200579e-15 0)
(3 -2.769286242e-15 0)
(3 -4.298801889e-15 0)
(3 -4.005425935e-15 0)
(3 -5.945717967e-15 0)
(3 -4.412637409e-15 0)
(3 -4.787498396e-15 0)
(3 -7.834055867e-15 0)
(3 -7.04654378e-15 0)
(3 -4.383394488e-15 0)
(3 -6.54711308e-16 0)
(3 -1.159191906e-15 0)
(3 -3.466064606e-16 0)
(3 -5.063867094e-15 0)
(3 -7.234214679e-15 0)
(3 -7.14975445e-15 0)
(3 -7.890016933e-15 0)
(3 -1.014548489e-14 0)
(3 -1.049507042e-14 0)
(3 -9.204422178e-15 0)
(3 -7.159441521e-15 0)
(3 -3.011726542e-15 0)
(3 -1.598563282e-15 0)
(3 -1.439507167e-16 0)
(3 -5.192326671e-16 0)
(3 3.652463115e-16 0)
(3 1.992274059e-15 0)
(3 2.513922788e-15 0)
(3 6.732607532e-17 0)
(3 -3.788725871e-15 0)
(3 1.488890704e-15 0)
(3 4.89673059e-15 0)
(3 1.921031044e-15 0)
(3 8.348510827e-16 0)
(3 2.275300851e-15 0)
(3 4.549441195e-15 0)
(3 4.496776321e-15 0)
(3 1.877299629e-15 0)
(3 5.535970143e-16 0)
(3 -5.063609613e-16 0)
(3 -2.51383481e-15 0)
(3 -2.031975069e-15 0)
(3 -1.834935272e-15 0)
(3 -3.650901639e-16 0)
(3 2.374857721e-15 0)
(3 -8.554307095e-16 0)
(3 -3.390902872e-15 0)
(3 -6.768965369e-15 0)
(3 -9.705311604e-15 0)
(3 -1.092319683e-14 0)
(3 -1.107127683e-14 0)
(3 -9.748156326e-15 0)
(3 -1.146228782e-14 0)
(3 -1.473573734e-14 0)
(3 -1.266187446e-14 0)
(3 -7.12618285e-15 0)
(3 2.016650244e-16 0)
(3 5.515013455e-15 0)
(3 7.764260457e-15 0)
(3 6.022147054e-15 0)
(3 -2.319590603e-16 0)
(3 -3.059946279e-15 0)
(3 -2.829935284e-15 0)
(3 -3.63587037e-15 0)
(3 -6.531825684e-15 0)
(3 -3.408000988e-15 0)
(3 -2.440722103e-15 0)
(3 -3.922776924e-15 0)
(3 -3.804723475e-15 0)
(3 -3.754706697e-15 0)
(3 -1.19258942e-15 0)
(3 -1.429778008e-15 0)
(3 -1.993304245e-15 0)
(3 -2.294055446e-15 0)
(3 -1.802047605e-15 0)
(3 -1.152817579e-15 0)
(3 -2.199120765e-15 0)
(3 2.167829212e-15 0)
(3 4.15617184e-15 0)
(3 -3.249677738e-15 0)
(3 -3.488665659e-15 0)
(3 -5.844803689e-15 0)
(3 -7.004992279e-15 0)
(3 -5.701776831e-15 0)
(3 -4.738773985e-15 0)
(3 -1.866217331e-15 0)
(3 -9.784680642e-16 0)
(3 -3.850355126e-15 0)
(3 -6.297620835e-15 0)
(3 -6.390464399e-15 0)
(3 -5.221697246e-15 0)
(3 -6.639035543e-15 0)
(3 -6.129769351e-15 0)
(3 -5.177250773e-15 0)
(3 -5.079822184e-15 0)
(3 -5.312428065e-15 0)
(3 -4.260300508e-15 0)
(3 1.055183173e-15 0)
(3 3.229980794e-15 0)
(3 6.758668141e-15 0)
(3 5.128643623e-15 0)
(3 3.381106658e-15 0)
(3 1.531265802e-15 0)
(3 1.408832017e-16 0)
(3 -6.237947455e-16 0)
(3 1.011743193e-15 0)
(3 3.409044445e-15 0)
(3 3.325422244e-15 0)
(3 5.964048738e-15 0)
(3 4.677467872e-15 0)
(3 3.963820533e-15 0)
(3 3.170841378e-15 0)
(3 -4.539535621e-15 0)
(3 -7.907234837e-15 0)
(3 -1.352050891e-14 0)
(3 -1.891810746e-14 0)
(3 -1.972456937e-14 0)
(3 -2.127736702e-14 0)
(3 -2.424907858e-14 0)
(3 -2.088475616e-14 0)
(3 -1.604686649e-14 0)
(3 -1.143886139e-14 0)
(3 -7.00915476e-15 0)
(3 1.547878488e-15 0)
(3 6.589637527e-15 0)
(3 3.525832577e-15 0)
(3 -3.597352104e-16 0)
(3 -3.562999758e-16 0)
(3 -1.045065478e-15 0)
(3 -2.544095032e-15 0)
(3 -3.176842511e-15 0)
(3 -4.709981851e-15 0)
(3 -4.33274309e-15 0)
(3 -3.214631811e-15 0)
(3 -2.033370267e-15 0)
(3 1.049091307e-15 0)
(3 1.512915726e-15 0)
(3 -2.750589515e-16 0)
(3 1.063953817e-15 0)
(3 1.323442574e-15 0)
(3 1.599694721e-15 0)
(3 2.027492237e-15 0)
(3 -3.9164244e-15 0)
(3 -5.86284257e-15 0)
(3 -7.815967748e-15 0)
(3 -9.226969124e-15 0)
(3 -9.149877367e-15 0)
(3 -9.13982622e-15 0)
(3 -8.82411683e-15 0)
(3 -5.277420661e-15 0)
(3 -5.83232037e-15 0)
(3 -4.935052412e-15 0)
(3 -8.966357532e-16 0)
(3 1.369224326e-15 0)
(3 2.847349583e-15 0)
(3 2.028714098e-15 0)
(3 -6.963893877e-16 0)
(3 -7.52492534e-15 0)
(3 -1.114590536e-14 0)
(3 -1.03484498e-14 0)
(3 -9.353264201e-15 0)
(3 -5.978257547e-15 0)
(3 -3.218154359e-15 0)
(3 -2.822632263e-15 0)
(3 1.283693347e-15 0)
(3 7.895453816e-16 0)
(3 5.926256798e-16 0)
(3 -2.980704644e-15 0)
(3 -2.736018968e-15 0)
(3 -2.25818514e-15 0)
(3 -3.314078393e-16 0)
(3 5.012735544e-15 0)
(3 7.216918362e-15 0)
(3 8.838858058e-15 0)
(3 1.292041274e-14 0)
(3 1.255707626e-14 0)
(3 6.532352013e-15 0)
(3 4.165502098e-15 0)
(3 1.199107235e-15 0)
(3 -4.601767726e-15 0)
(3 -1.427930864e-14 0)
(3 -2.310969638e-14 0)
(3 -2.701676605e-14 0)
(3 -2.383336833e-14 0)
(3 -2.013659727e-14 0)
(3 -1.525737098e-14 0)
(3 -8.12913567e-15 0)
(3 -4.804304671e-15 0)
(3 -2.812412993e-15 0)
(3 -2.377323291e-16 0)
(3 1.973119194e-15 0)
(3 -1.064338922e-17 0)
(3 4.1556132e-16 0)
(3 -4.153549644e-16 0)
(3 -1.763822844e-15 0)
(3 -2.183243755e-15 0)
(3 -8.603569913e-16 0)
(3 -2.588874206e-15 0)
(3 -3.380452084e-15 0)
(3 -1.231248561e-15 0)
(3 -9.691221372e-16 0)
(3 1.105390436e-15 0)
(3 -1.985465798e-15 0)
(3 -1.347143723e-15 0)
(3 -1.315881249e-15 0)
(3 -4.024265688e-15 0)
(3 -4.456198189e-15 0)
(3 -5.493943027e-15 0)
(3 -4.754582764e-15 0)
(3 -9.985076385e-15 0)
(3 -1.363307531e-14 0)
(3 -1.406313999e-14 0)
(3 -1.412881164e-14 0)
(3 -1.305237843e-14 0)
(3 -1.344855981e-14 0)
(3 -1.371343908e-14 0)
(3 -1.325811318e-14 0)
(3 -1.306821012e-14 0)
(3 -7.801248355e-15 0)
(3 -6.05777108e-15 0)
(3 -5.311496709e-15 0)
(3 -2.311632275e-15 0)
(3 -3.930810932e-15 0)
(3 -5.800744752e-15 0)
(3 -8.108192043e-15 0)
(3 -1.080044097e-14 0)
(3 -7.390581243e-15 0)
(3 -4.061320848e-15 0)
(3 -3.666652977e-15 0)
(3 -6.444224135e-15 0)
(3 -6.396097538e-15 0)
(3 -8.037426257e-15 0)
(3 -8.167757098e-15 0)
(3 -6.224663561e-15 0)
(3 -2.372287111e-15 0)
(3 1.606383416e-16 0)
(3 -4.880435684e-16 0)
(3 3.039807873e-15 0)
(3 1.508049623e-15 0)
(3 6.740385781e-15 0)
(3 1.22310273e-14 0)
(3 1.106425819e-14 0)
(3 9.147667598e-15 0)
(3 8.682737638e-15 0)
(3 5.715044589e-15 0)
(3 5.006901636e-15 0)
(3 -3.208723211e-15 0)
(3 -5.342951004e-15 0)
(3 -1.19662179e-14 0)
(3 -1.915726746e-14 0)
(3 -1.681304558e-14 0)
(3 -1.12838978e-14 0)
(3 -9.296050281e-15 0)
(3 -7.330210805e-15 0)
(3 -4.215762616e-15 0)
(3 -6.027749789e-15 0)
(3 -3.448677786e-15 0)
(3 1.194207501e-15 0)
(3 5.598986135e-17 0)
(3 -5.266325369e-16 0)
(3 3.926380283e-16 0)
(3 8.298642142e-16 0)
(3 2.501185496e-15 0)
(3 5.484024045e-16 0)
(3 -1.377368996e-15 0)
(3 -9.853547731e-16 0)
(3 1.11835969e-15 0)
(3 8.309620853e-17 0)
(3 -2.804598379e-16 0)
(3 -1.486637628e-15 0)
(3 -4.844697916e-15 0)
(3 -5.754314619e-15 0)
(3 -7.846789829e-15 0)
(3 -7.980291453e-15 0)
(3 -7.11764587e-15 0)
(3 -5.793735982e-15 0)
(3 -6.53847059e-15 0)
(3 -7.276874458e-15 0)
(3 -7.460618404e-15 0)
(3 -8.162518533e-15 0)
(3 -1.03830368e-14 0)
(3 -9.67577023e-15 0)
(3 -7.219253847e-15 0)
(3 -7.097040459e-15 0)
(3 -6.246963124e-15 0)
(3 -6.213822557e-15 0)
(3 -6.532997523e-15 0)
(3 -4.487939331e-15 0)
(3 -3.246884203e-15 0)
(3 -3.174323901e-15 0)
(3 -6.333206098e-15 0)
(3 -5.723829695e-15 0)
(3 -4.314632999e-15 0)
(3 -3.681720531e-15 0)
(3 -9.327807581e-15 0)
(3 -1.31183621e-14 0)
(3 -1.229092654e-14 0)
(3 -1.300990762e-14 0)
(3 -1.07833405e-14 0)
(3 -1.168231325e-14 0)
(3 -1.156022743e-14 0)
(3 -7.732165877e-15 0)
(3 -5.406224264e-15 0)
(3 -2.224084305e-15 0)
(3 -1.226564466e-15 0)
(3 1.959203905e-15 0)
(3 3.59957692e-15 0)
(3 2.613620831e-15 0)
(3 4.080444817e-15 0)
(3 8.710880327e-15 0)
(3 1.010385292e-14 0)
(3 1.123041226e-14 0)
(3 1.195213799e-14 0)
(3 1.090362195e-14 0)
(3 3.814349627e-15 0)
(3 -4.969479811e-15 0)
(3 -7.452091111e-15 0)
(3 -6.637590017e-15 0)
(3 -5.035992761e-15 0)
(3 -5.943209658e-15 0)
(3 -4.74333816e-15 0)
(3 -9.600693535e-15 0)
(3 -1.222446437e-14 0)
(3 -8.548869466e-15 0)
(3 1.188871279e-15 0)
(3 3.439061128e-15 0)
(3 -1.285539702e-16 0)
(3 6.354355827e-16 0)
(3 2.727642223e-15 0)
(3 3.133904336e-15 0)
(3 4.69268732e-15 0)
(3 3.533034005e-15 0)
(3 4.46576895e-15 0)
(3 7.079282406e-15 0)
(3 6.268285362e-15 0)
(3 2.661770411e-15 0)
(3 -2.416533404e-15 0)
(3 -2.385293788e-15 0)
(3 -4.57978692e-15 0)
(3 -2.834092223e-15 0)
(3 -2.971439561e-15 0)
(3 -1.243707524e-15 0)
(3 -2.320231606e-15 0)
(3 -1.330381637e-15 0)
(3 -2.559673077e-15 0)
(3 -2.843352988e-15 0)
(3 -3.229215916e-15 0)
(3 -3.99846112e-15 0)
(3 -3.281252085e-15 0)
(3 -4.270077616e-16 0)
(3 -4.409367784e-16 0)
(3 -7.947994177e-16 0)
(3 2.516903809e-16 0)
(3 5.221493359e-16 0)
(3 2.186284629e-15 0)
(3 -1.574069956e-15 0)
(3 -3.048638065e-15 0)
(3 -5.670839632e-15 0)
(3 -5.77545517e-15 0)
(3 -1.17786908e-14 0)
(3 -1.706671659e-14 0)
(3 -1.566805655e-14 0)
(3 -1.487978027e-14 0)
(3 -1.214882323e-14 0)
(3 -1.382911368e-14 0)
(3 -1.369727669e-14 0)
(3 -1.376969531e-14 0)
(3 -1.086283021e-14 0)
(3 -6.557225796e-15 0)
(3 -3.459970868e-15 0)
(3 -2.119140682e-15 0)
(3 -1.995263965e-15 0)
(3 -2.366078958e-15 0)
(3 -7.088083859e-16 0)
(3 2.156957392e-16 0)
(3 5.335292516e-15 0)
(3 9.0920591e-15 0)
(3 1.421882567e-14 0)
(3 1.770107336e-14 0)
(3 1.807768048e-14 0)
(3 1.48256268e-14 0)
(3 7.013987805e-15 0)
(3 9.774601505e-15 0)
(3 3.315773221e-15 0)
(3 5.416833044e-16 0)
(3 -3.388141452e-15 0)
(3 -4.689827232e-15 0)
(3 -5.401264203e-15 0)
(3 -6.478454439e-15 0)
(3 -5.01792688e-15 0)
(3 1.175204546e-15 0)
(3 1.040820226e-15 0)
(3 -1.020379118e-15 0)
(3 2.777674428e-15 0)
(3 3.446575745e-15 0)
(3 6.810542057e-15 0)
(3 1.000317015e-14 0)
(3 1.026166701e-14 0)
(3 7.952736719e-15 0)
(3 4.712721879e-15 0)
(3 4.648472643e-15 0)
(3 4.587091056e-15 0)
(3 3.465388355e-15 0)
(3 -2.103208487e-15 0)
(3 -2.419555314e-15 0)
(3 -3.350109507e-15 0)
(3 -1.258922117e-15 0)
(3 -1.644052069e-15 0)
(3 -3.881259593e-15 0)
(3 -3.036635829e-15 0)
(3 -2.634977321e-15 0)
(3 -2.278866244e-15 0)
(3 -1.154868373e-15 0)
(3 -9.95899318e-16 0)
(3 -1.317705234e-16 0)
(3 3.834589204e-16 0)
(3 -3.16402711e-15 0)
(3 -4.205934511e-15 0)
(3 -4.039219594e-16 0)
(3 3.339893485e-16 0)
(3 3.07576082e-15 0)
(3 1.766549167e-15 0)
(3 1.017188299e-15 0)
(3 -2.376040452e-15 0)
(3 -5.711098766e-15 0)
(3 -1.116504088e-14 0)
(3 -1.014134968e-14 0)
(3 -8.688039814e-15 0)
(3 -1.068422578e-14 0)
(3 -1.150767801e-14 0)
(3 -1.203529918e-14 0)
(3 -9.165609515e-15 0)
(3 -6.641698781e-15 0)
(3 -6.809525285e-15 0)
(3 -6.970163712e-15 0)
(3 -6.685655236e-15 0)
(3 -4.455195211e-15 0)
(3 -2.797206178e-15 0)
(3 2.697397826e-16 0)
(3 2.261057641e-15 0)
(3 3.845291991e-15 0)
(3 6.025296831e-15 0)
(3 9.60841454e-15 0)
(3 1.187006055e-14 0)
(3 1.438589811e-14 0)
(3 1.770638034e-14 0)
(3 1.946718982e-14 0)
(3 2.272680985e-14 0)
(3 2.086022735e-14 0)
(3 1.295418466e-14 0)
(3 4.098658229e-15 0)
(3 -4.317477488e-15 0)
(3 -4.793305822e-15 0)
(3 -4.05348052e-15 0)
(3 -1.879834404e-15 0)
(3 -4.768868574e-15 0)
(3 5.916732148e-17 0)
(3 -2.090731706e-15 0)
(3 2.541902957e-15 0)
(3 2.93588791e-15 0)
(3 2.503991101e-15 0)
(3 4.195621667e-15 0)
(3 6.239810095e-15 0)
(3 6.599797419e-15 0)
(3 3.679454895e-15 0)
(3 1.111952994e-15 0)
(3 -9.254860956e-16 0)
(3 3.649411743e-16 0)
(3 3.00862293e-16 0)
(3 -1.645611134e-15 0)
(3 -6.777899775e-16 0)
(3 -2.127389208e-15 0)
(3 -1.56506187e-15 0)
(3 -2.039005653e-15 0)
(3 4.960877665e-16 0)
(3 -8.272164676e-16 0)
(3 1.881531861e-16 0)
(3 3.781876786e-15 0)
(3 4.876249606e-15 0)
(3 4.678887517e-15 0)
(3 4.16613928e-15 0)
(3 4.437298954e-15 0)
(3 2.149347724e-15 0)
(3 4.339580036e-16 0)
(3 -1.16992205e-15 0)
(3 -3.054772844e-15 0)
(3 -1.918955877e-15 0)
(3 2.840333472e-15 0)
(3 6.171218707e-15 0)
(3 4.931549007e-15 0)
(3 -4.084485087e-16 0)
(3 -4.991538628e-15 0)
(3 -5.973233232e-15 0)
(3 -7.752904741e-15 0)
(3 -1.048492585e-14 0)
(3 -1.014040234e-14 0)
(3 -8.414784717e-15 0)
(3 -8.562138293e-15 0)
(3 -6.213885437e-15 0)
(3 -3.982373226e-15 0)
(3 -4.359467251e-15 0)
(3 -6.87647913e-15 0)
(3 -5.273021958e-15 0)
(3 -7.161438833e-15 0)
(3 -6.274886119e-15 0)
(3 7.320320977e-16 0)
(3 8.99925152e-15 0)
(3 1.191342423e-14 0)
(3 1.246245845e-14 0)
(3 1.268038609e-14 0)
(3 1.41895512e-14 0)
(3 1.828102779e-14 0)
(3 2.572275911e-14 0)
(3 3.260126615e-14 0)
(3 3.121320469e-14 0)
(3 2.738788901e-14 0)
(3 1.693908788e-14 0)
(3 1.098643166e-14 0)
(3 7.474885538e-16 0)
(3 -9.341727451e-15 0)
(3 -1.466152247e-14 0)
(3 -1.381770847e-14 0)
(3 2.695263945e-15 0)
(3 5.374236534e-15 0)
(3 9.530955249e-15 0)
(3 6.95031657e-15 0)
(3 5.83169109e-15 0)
(3 3.774733682e-15 0)
(3 4.15043409e-15 0)
(3 2.884100726e-15 0)
(3 2.072253063e-15 0)
(3 2.607433871e-15 0)
(3 1.653621712e-15 0)
(3 2.414631841e-15 0)
(3 1.680414317e-15 0)
(3 1.186215506e-15 0)
(3 -2.555033986e-15 0)
(3 -5.154906071e-15 0)
(3 -3.818395258e-15 0)
(3 -3.446452448e-15 0)
(3 1.196950071e-15 0)
(3 4.011123247e-15 0)
(3 6.798445248e-15 0)
(3 6.69281014e-15 0)
(3 8.831326172e-15 0)
(3 7.506378239e-15 0)
(3 5.25926663e-15 0)
(3 3.573881385e-15 0)
(3 5.474149188e-15 0)
(3 5.211148504e-15 0)
(3 2.689369966e-16 0)
(3 -3.116816197e-15 0)
(3 -2.225807925e-15 0)
(3 -3.149273181e-16 0)
(3 2.611570929e-16 0)
(3 8.152458554e-16 0)
(3 1.828586118e-15 0)
(3 1.031461368e-15 0)
(3 -1.297283749e-15 0)
(3 -5.344785531e-16 0)
(3 -1.32269972e-15 0)
(3 -2.450119372e-15 0)
(3 -2.583858098e-15 0)
(3 -4.54787022e-15 0)
(3 -8.107994462e-15 0)
(3 -6.97141819e-15 0)
(3 -7.712494332e-15 0)
(3 -9.616119757e-15 0)
(3 -1.266574704e-14 0)
(3 -1.443489968e-14 0)
(3 -1.481464333e-14 0)
(3 -6.873654125e-15 0)
(3 -3.229272871e-15 0)
(3 1.784281254e-15 0)
(3 2.272980485e-15 0)
(3 1.972825974e-15 0)
(3 3.219515185e-15 0)
(3 5.52159558e-15 0)
(3 7.386371082e-15 0)
(3 1.28188546e-14 0)
(3 1.477743729e-14 0)
(3 1.297652479e-14 0)
(3 8.392166108e-15 0)
(3 1.038825177e-14 0)
(3 2.655297978e-15 0)
(3 -3.294821598e-16 0)
(3 -1.051823309e-14 0)
(3 -4.863242944e-15 0)
(3 1.194710006e-15 0)
(3 7.196442068e-15 0)
(3 8.280960586e-15 0)
(3 1.348981912e-14 0)
(3 1.312916179e-14 0)
(3 1.006435361e-14 0)
(3 3.733267447e-15 0)
(3 3.453100379e-15 0)
(3 4.686316465e-15 0)
(3 6.892236227e-15 0)
(3 1.166668608e-14 0)
(3 1.18484104e-14 0)
(3 1.127500982e-14 0)
(3 9.611752055e-15 0)
(3 5.232988113e-15 0)
(3 7.830832898e-15 0)
(3 4.571976179e-15 0)
(3 1.744416413e-15 0)
(3 1.914836852e-16 0)
(3 2.906045129e-15 0)
(3 4.778417828e-15 0)
(3 3.807600966e-15 0)
(3 3.937153263e-15 0)
(3 3.824148886e-15 0)
(3 3.195641873e-15 0)
(3 1.607110915e-15 0)
(3 1.535604261e-15 0)
(3 2.229544639e-15 0)
(3 1.866504993e-15 0)
(3 2.364157799e-15 0)
(3 4.47421458e-15 0)
(3 1.153480843e-15 0)
(3 -2.704252108e-15 0)
(3 -3.756359432e-15 0)
(3 -1.859319082e-15 0)
(3 9.187768336e-16 0)
(3 3.855356416e-16 0)
(3 2.998308457e-15 0)
(3 7.367603385e-15 0)
(3 5.392503454e-15 0)
(3 4.809256128e-15 0)
(3 1.456008963e-15 0)
(3 -5.891300986e-15 0)
(3 -1.493087897e-14 0)
(3 -1.951448257e-14 0)
(3 -2.118916056e-14 0)
(3 -2.141589406e-14 0)
(3 -1.54397541e-14 0)
(3 -1.473649744e-14 0)
(3 -1.204607496e-14 0)
(3 -8.587623166e-15 0)
(3 -2.622294934e-15 0)
(3 -1.624963849e-16 0)
(3 3.365712124e-15 0)
(3 5.544387044e-15 0)
(3 3.722843062e-15 0)
(3 1.111023408e-15 0)
(3 1.827618145e-15 0)
(3 5.292845563e-15 0)
(3 7.007074268e-15 0)
(3 9.381064794e-15 0)
(3 8.397703225e-15 0)
(3 4.776095676e-15 0)
(3 7.716566986e-15 0)
(3 1.166642533e-14 0)
(3 4.782999575e-15 0)
(3 -1.679900767e-15 0)
(3 -2.982257075e-15 0)
(3 -3.444917161e-15 0)
(3 9.002135487e-17 0)
(3 6.365450855e-16 0)
(3 1.973319426e-15 0)
(3 1.393081422e-15 0)
(3 4.335837766e-15 0)
(3 5.495804404e-15 0)
(3 6.273151657e-15 0)
(3 5.155913461e-15 0)
(3 3.012574029e-15 0)
(3 3.058864695e-15 0)
(3 4.424380467e-15 0)
(3 5.636858756e-15 0)
(3 1.231751422e-14 0)
(3 1.138972695e-14 0)
(3 9.667736728e-15 0)
(3 7.011235178e-15 0)
(3 2.859037607e-15 0)
(3 2.802153872e-15 0)
(3 2.010475711e-15 0)
(3 3.351282872e-16 0)
(3 -7.339758156e-16 0)
(3 6.07681744e-16 0)
(3 1.175842798e-15 0)
(3 -1.115562801e-16 0)
(3 -3.0308458e-15 0)
(3 -2.176455376e-15 0)
(3 2.625535036e-15 0)
(3 5.777265941e-16 0)
(3 -2.175502012e-15 0)
(3 -3.056551562e-15 0)
(3 -4.109704013e-15 0)
(3 -4.611422723e-15 0)
(3 -8.146471978e-16 0)
(3 1.240043406e-16 0)
(3 -2.015069644e-15 0)
(3 -6.572305841e-15 0)
(3 -3.440549948e-15 0)
(3 -2.978585473e-15 0)
(3 -5.330913976e-15 0)
(3 -9.30577164e-15 0)
(3 -1.615256988e-14 0)
(3 -1.792054379e-14 0)
(3 -2.074211675e-14 0)
(3 -1.768900123e-14 0)
(3 -1.230813554e-14 0)
(3 -1.196384554e-14 0)
(3 -1.267565368e-14 0)
(3 -1.045893808e-14 0)
(3 -1.108947636e-14 0)
(3 -6.009823397e-15 0)
(3 -1.36112645e-15 0)
(3 5.193007255e-15 0)
(3 2.700496145e-15 0)
(3 3.087948702e-15 0)
(3 -1.927684633e-15 0)
(3 -1.657446221e-15 0)
(3 3.750693381e-15 0)
(3 5.352535967e-15 0)
(3 5.004393061e-15 0)
(3 8.312846007e-15 0)
(3 8.176353688e-15 0)
(3 7.47517449e-15 0)
(3 6.24105758e-15 0)
(3 7.953657099e-17 0)
(3 -1.547418847e-15 0)
(3 -5.904492194e-15 0)
(3 -7.76799551e-15 0)
(3 -5.816808471e-15 0)
(3 -2.466197956e-15 0)
(3 -1.350993695e-15 0)
(3 -2.461284699e-16 0)
(3 -1.601339839e-15 0)
(3 7.254657013e-16 0)
(3 -1.999746551e-15 0)
(3 -1.40972604e-15 0)
(3 -1.201398759e-15 0)
(3 7.570183092e-16 0)
(3 4.459387273e-15 0)
(3 5.634658272e-15 0)
(3 8.894044011e-15 0)
(3 1.588188806e-14 0)
(3 1.600692316e-14 0)
(3 1.202068599e-14 0)
(3 1.052013611e-14 0)
(3 8.226984741e-15 0)
(3 7.81661787e-15 0)
(3 5.543800278e-15 0)
(3 4.059450357e-15 0)
(3 7.557266702e-16 0)
(3 -5.130759214e-16 0)
(3 -5.290799435e-16 0)
(3 -1.309447757e-16 0)
(3 -1.278476472e-15 0)
(3 -4.459079429e-15 0)
(3 -4.8415996e-15 0)
(3 -3.658285186e-15 0)
(3 -4.416252783e-15 0)
(3 -1.836683474e-15 0)
(3 -2.572293171e-15 0)
(3 -8.242221241e-16 0)
(3 -4.332424003e-15 0)
(3 -8.423510733e-15 0)
(3 -7.752588884e-15 0)
(3 -7.756380246e-15 0)
(3 -6.863760508e-15 0)
(3 -7.088389809e-15 0)
(3 -6.206292293e-15 0)
(3 -9.507375793e-15 0)
(3 -9.907337076e-15 0)
(3 -3.34471504e-15 0)
(3 -6.165152653e-15 0)
(3 -6.129887259e-15 0)
(3 -8.986230871e-15 0)
(3 -9.504813558e-15 0)
(3 -1.344095718e-14 0)
(3 -1.014230512e-14 0)
(3 -1.16527767e-14 0)
(3 -9.897465376e-15 0)
(3 -8.065730201e-15 0)
(3 -6.492802369e-15 0)
(3 -1.004729571e-14 0)
(3 -9.917864711e-15 0)
(3 -8.274208139e-15 0)
(3 -4.190539533e-15 0)
(3 2.502239132e-15 0)
(3 9.964475691e-15 0)
(3 1.012247738e-14 0)
(3 8.715257483e-15 0)
(3 8.874100817e-15 0)
(3 5.77726772e-16 0)
(3 1.862645681e-15 0)
(3 7.670672557e-16 0)
(3 -3.235955776e-16 0)
(3 -3.257843669e-16 0)
(3 -2.273466213e-16 0)
(3 -1.074232128e-15 0)
(3 -2.118658707e-15 0)
(3 -3.32829335e-15 0)
(3 -2.771777118e-15 0)
(3 -3.270594599e-15 0)
(3 -1.344184907e-15 0)
(3 -6.890979372e-16 0)
(3 -7.236377474e-16 0)
(3 6.332606722e-16 0)
(3 4.996046671e-15 0)
(3 7.900767275e-15 0)
(3 1.360639578e-14 0)
(3 1.069646952e-14 0)
(3 1.094967734e-14 0)
(3 7.659436839e-15 0)
(3 4.106621893e-15 0)
(3 3.999492535e-15 0)
(3 3.696464743e-15 0)
(3 -2.149801801e-16 0)
(3 -1.603434125e-15 0)
(3 -3.493548374e-15 0)
(3 9.386649707e-16 0)
(3 -1.308676343e-15 0)
(3 -3.518438001e-15 0)
(3 -3.044608823e-15 0)
(3 -4.008040055e-15 0)
(3 -2.979380673e-15 0)
(3 -2.834567376e-15 0)
(3 -4.081054227e-15 0)
(3 -5.146833423e-15 0)
(3 -7.164999709e-15 0)
(3 -5.633037096e-15 0)
(3 -8.424356023e-15 0)
(3 -6.927481806e-15 0)
(3 -7.669585869e-15 0)
(3 -8.362278917e-15 0)
(3 -8.187830161e-15 0)
(3 -3.019729319e-15 0)
(3 -3.382385802e-18 0)
(3 2.749647493e-15 0)
(3 2.903752398e-15 0)
(3 7.622336032e-16 0)
(3 -2.941553408e-15 0)
(3 -7.901030576e-15 0)
(3 -1.228098115e-14 0)
(3 -1.230180262e-14 0)
(3 -1.213837284e-14 0)
(3 -1.25621402e-14 0)
(3 -1.278546921e-14 0)
(3 -1.341888395e-14 0)
(3 -1.730189695e-14 0)
(3 -1.504801984e-14 0)
(3 -1.312879207e-14 0)
(3 -3.241866898e-15 0)
(3 2.710600361e-15 0)
(3 6.82554776e-15 0)
(3 8.215721418e-15 0)
(3 7.91816375e-15 0)
(3 9.479359986e-15 0)
(3 8.893368663e-15 0)
(3 -3.530174934e-15 0)
(3 -1.776832033e-15 0)
(3 -1.001931417e-15 0)
(3 1.584898871e-15 0)
(3 1.597953416e-15 0)
(3 1.080069452e-15 0)
(3 8.541967213e-16 0)
(3 -2.523887585e-16 0)
(3 1.042970824e-15 0)
(3 4.493935244e-16 0)
(3 -1.503266731e-16 0)
(3 -1.613370245e-15 0)
(3 2.657302129e-15 0)
(3 1.552443929e-15 0)
(3 3.948953805e-15 0)
(3 3.757107097e-15 0)
(3 2.132019637e-15 0)
(3 -1.618960765e-16 0)
(3 2.630596515e-15 0)
(3 3.239165109e-15 0)
(3 2.6983949e-15 0)
(3 1.599868034e-15 0)
(3 1.287701185e-15 0)
(3 2.709544388e-15 0)
(3 3.743037816e-15 0)
(3 -1.554862498e-15 0)
(3 -4.407586304e-15 0)
(3 -3.175681094e-15 0)
(3 -3.919550219e-15 0)
(3 -3.821701433e-15 0)
(3 -5.791412141e-15 0)
(3 -4.625847754e-15 0)
(3 -2.850388944e-15 0)
(3 -4.639781302e-16 0)
(3 -1.791750706e-15 0)
(3 -3.094244481e-15 0)
(3 -6.946400981e-15 0)
(3 -6.00050736e-15 0)
(3 -3.599144286e-15 0)
(3 -3.089831422e-15 0)
(3 -5.466912357e-15 0)
(3 -4.215898359e-15 0)
(3 6.047386023e-17 0)
(3 1.620507675e-15 0)
(3 6.010006037e-15 0)
(3 4.676740101e-15 0)
(3 -7.085234799e-18 0)
(3 -4.547607844e-15 0)
(3 -7.416279199e-15 0)
(3 -5.122925346e-15 0)
(3 -5.66555068e-15 0)
(3 -6.655241195e-15 0)
(3 -1.20625552e-14 0)
(3 -8.133934281e-15 0)
(3 -7.363854136e-15 0)
(3 -7.319743051e-15 0)
(3 -5.73561813e-15 0)
(3 -4.812073334e-15 0)
(3 -5.161629312e-15 0)
(3 -6.090935641e-15 0)
(3 -8.233669708e-15 0)
(3 -7.717075657e-15 0)
(3 -1.864472636e-15 0)
(3 2.573789423e-15 0)
(3 4.117603825e-15 0)
(3 5.641903164e-15 0)
(3 -3.966683016e-17 0)
(3 -1.097583043e-15 0)
(3 -3.060358881e-15 0)
(3 -2.626644197e-15 0)
(3 -1.601882108e-15 0)
(3 7.926149187e-16 0)
(3 -1.620506123e-15 0)
(3 -3.215164923e-15 0)
(3 -2.048081042e-15 0)
(3 -2.379133447e-16 0)
(3 1.568396293e-15 0)
(3 3.556740817e-15 0)
(3 4.191758907e-15 0)
(3 4.691817792e-15 0)
(3 4.301548673e-15 0)
(3 1.448410874e-15 0)
(3 -1.792477805e-15 0)
(3 -2.404657058e-15 0)
(3 -1.250531133e-16 0)
(3 1.325355482e-15 0)
(3 1.122799893e-15 0)
(3 -1.03023543e-15 0)
(3 -2.617990505e-16 0)
(3 -3.359884539e-16 0)
(3 -2.358755455e-16 0)
(3 1.565759532e-15 0)
(3 -2.979527744e-16 0)
(3 -3.921633012e-15 0)
(3 -3.12431657e-15 0)
(3 -4.142942195e-15 0)
(3 -5.227947906e-15 0)
(3 -2.095673536e-15 0)
(3 -1.315281203e-15 0)
(3 -6.306011252e-16 0)
(3 1.001372975e-15 0)
(3 -2.152012729e-16 0)
(3 1.171403176e-15 0)
(3 -3.246046154e-16 0)
(3 -1.208121682e-15 0)
(3 -4.616353184e-15 0)
(3 -3.226049959e-15 0)
(3 -1.685476896e-15 0)
(3 2.747876532e-15 0)
(3 2.537664794e-15 0)
(3 3.178304268e-15 0)
(3 1.221114762e-15 0)
(3 -5.554806918e-15 0)
(3 -6.67982826e-15 0)
(3 -7.817275694e-15 0)
(3 -6.926774397e-15 0)
(3 -4.474464763e-15 0)
(3 -5.889948707e-15 0)
(3 -1.067977773e-14 0)
(3 -1.408827852e-14 0)
(3 -1.307711153e-14 0)
(3 -1.036449447e-14 0)
(3 -1.629391016e-15 0)
(3 2.45321323e-15 0)
(3 -2.058506953e-15 0)
(3 -6.477310448e-15 0)
(3 -9.421266109e-15 0)
(3 -8.7493035e-15 0)
(3 -6.45634185e-15 0)
(3 -5.053281448e-16 0)
(3 -3.177426975e-17 0)
(3 1.756771709e-15 0)
(3 3.937503823e-15 0)
(3 3.151852213e-15 0)
(3 2.387150751e-15 0)
(3 -7.035836078e-16 0)
(3 -1.719054253e-15 0)
(3 -8.925713266e-16 0)
(3 -8.893269292e-16 0)
(3 2.848652577e-16 0)
(3 -1.22981846e-15 0)
(3 -4.674988172e-16 0)
(3 -4.712965107e-16 0)
(3 1.422955418e-15 0)
(3 -8.415619299e-16 0)
(3 1.118136403e-16 0)
(3 8.566793137e-16 0)
(3 1.53871915e-15 0)
(3 -6.189371204e-16 0)
(3 -1.224553075e-15 0)
(3 -2.073294071e-15 0)
(3 -2.494195501e-15 0)
(3 -2.009410617e-15 0)
(3 -2.977106451e-15 0)
(3 -3.139184028e-15 0)
(3 -2.48955812e-15 0)
(3 -1.038556653e-15 0)
(3 -3.085901474e-16 0)
(3 1.643323192e-17 0)
(3 1.427867712e-15 0)
(3 1.71146956e-16 0)
(3 -1.395315319e-15 0)
(3 4.090626108e-16 0)
(3 -1.861220604e-15 0)
(3 -3.212910746e-15 0)
(3 -2.814543943e-15 0)
(3 -6.048064889e-16 0)
(3 -5.219970833e-17 0)
(3 1.871635907e-15 0)
(3 4.937667632e-15 0)
(3 4.180371302e-15 0)
(3 2.707548042e-15 0)
(3 4.218190373e-16 0)
(3 8.172588727e-17 0)
(3 -4.302216916e-17 0)
(3 -2.421899375e-15 0)
(3 -3.152316647e-15 0)
(3 -7.887723112e-15 0)
(3 -8.238109388e-15 0)
(3 -4.629804731e-15 0)
(3 -5.054146256e-15 0)
(3 -6.70793867e-15 0)
(3 -4.628379387e-15 0)
(3 -2.637459169e-15 0)
(3 -3.901940415e-15 0)
(3 -1.031805005e-14 0)
(3 -9.659232688e-15 0)
(3 -7.953457609e-15 0)
(3 -5.408483235e-15 0)
(3 -5.298662205e-15 0)
(3 -4.358442571e-15 0)
(3 -1.279502062e-15 0)
(3 1.011889554e-15 0)
(3 2.439141871e-16 0)
(3 -6.519139484e-16 0)
(3 -4.570744583e-15 0)
(3 -5.397127568e-15 0)
(3 -6.118019125e-15 0)
(3 -6.802752469e-16 0)
(3 -3.582726295e-15 0)
(3 -3.888115538e-15 0)
(3 -3.847320655e-15 0)
(3 -1.326325247e-15 0)
(3 -5.549558084e-16 0)
(3 4.602957478e-15 0)
(3 6.065238927e-15 0)
(3 4.417610318e-15 0)
(3 1.692739264e-15 0)
(3 -1.336959192e-15 0)
(3 -3.729874882e-15 0)
(3 -2.076890812e-15 0)
(3 5.411306292e-16 0)
(3 2.36462252e-15 0)
(3 4.612970587e-15 0)
(3 2.009237016e-15 0)
(3 -1.942256222e-15 0)
(3 -2.563026204e-15 0)
(3 -4.984174797e-15 0)
(3 -3.435149016e-15 0)
(3 -1.587975158e-15 0)
(3 -1.130750315e-15 0)
(3 -2.654500209e-15 0)
(3 -1.905446362e-15 0)
(3 -2.348567282e-15 0)
(3 -2.145886675e-15 0)
(3 1.031734314e-15 0)
(3 7.738719115e-16 0)
(3 1.507140836e-15 0)
(3 4.776094665e-15 0)
(3 6.591575123e-15 0)
(3 6.889233429e-15 0)
(3 5.134603881e-15 0)
(3 4.050746814e-15 0)
(3 3.761001316e-15 0)
(3 2.983706971e-15 0)
(3 1.324286018e-15 0)
(3 8.209563184e-16 0)
(3 1.629424712e-15 0)
(3 -3.43929798e-16 0)
(3 -4.721205224e-16 0)
(3 -4.480338439e-15 0)
(3 -4.195876067e-15 0)
(3 -3.889714585e-15 0)
(3 -5.428439138e-16 0)
(3 1.418961247e-15 0)
(3 9.913675629e-16 0)
(3 5.03957918e-16 0)
(3 2.829202613e-16 0)
(3 4.193542304e-16 0)
(3 6.729926885e-16 0)
(3 1.209072581e-15 0)
(3 1.517265879e-15 0)
(3 3.315641306e-15 0)
(3 1.7100764e-15 0)
(3 -1.035593972e-15 0)
(3 -3.602063143e-15 0)
(3 1.158310036e-15 0)
(3 -2.540194247e-15 0)
(3 -4.788355403e-15 0)
(3 -6.026095915e-15 0)
(3 -9.279558378e-15 0)
(3 -1.152381651e-14 0)
(3 -1.148637106e-14 0)
(3 -1.118363077e-14 0)
(3 -1.407532805e-15 0)
(3 -3.925371279e-15 0)
(3 -5.132717384e-15 0)
(3 -3.808914338e-15 0)
(3 -2.270255915e-15 0)
(3 -1.088538346e-16 0)
(3 8.089828485e-16 0)
(3 -6.189165815e-16 0)
(3 -1.24910239e-15 0)
(3 -3.442055187e-15 0)
(3 -1.621110106e-15 0)
(3 -3.405602046e-15 0)
(3 -1.20781344e-15 0)
(3 1.910649225e-15 0)
(3 1.438459969e-15 0)
(3 1.826100216e-15 0)
(3 1.262961268e-15 0)
(3 -3.454784878e-16 0)
(3 -2.667661119e-15 0)
(3 -4.946099801e-15 0)
(3 -5.156368984e-15 0)
(3 -3.214808212e-15 0)
(3 -1.501052896e-15 0)
(3 -1.991190606e-15 0)
(3 -3.87615098e-15 0)
(3 -2.424509437e-15 0)
(3 -1.06149025e-15 0)
(3 -2.999108721e-16 0)
(3 -9.263216025e-16 0)
(3 2.587264737e-15 0)
(3 5.335482413e-15 0)
(3 8.16603928e-15 0)
(3 7.395071027e-15 0)
(3 3.499955012e-15 0)
(3 2.591893457e-15 0)
(3 2.333420034e-15 0)
(3 5.46483703e-16 0)
(3 1.17719925e-15 0)
(3 1.360172281e-16 0)
(3 3.333455685e-16 0)
(3 2.399931897e-15 0)
(3 1.647401863e-15 0)
(3 2.502813524e-16 0)
(3 -3.556343139e-16 0)
(3 -5.054698063e-17 0)
(3 5.508800076e-15 0)
(3 6.853610414e-15 0)
(3 6.801046812e-15 0)
(3 6.604188218e-15 0)
(3 7.5716234e-15 0)
(3 4.636688283e-15 0)
(3 2.287986414e-15 0)
(3 1.195699073e-15 0)
(3 -1.384306014e-15 0)
(3 -3.445520202e-15 0)
(3 -2.815802258e-15 0)
(3 -2.646155355e-15 0)
(3 -3.268640535e-15 0)
(3 -4.544337283e-15 0)
(3 -8.455709426e-15 0)
(3 -1.100659e-14 0)
(3 -1.188234241e-14 0)
(3 -1.222838341e-14 0)
(3 -1.308167162e-14 0)
(3 -1.280391392e-14 0)
(3 -1.339001921e-14 0)
(3 1.187952358e-15 0)
(3 3.157571075e-15 0)
(3 3.490798308e-15 0)
(3 2.629727398e-15 0)
(3 -6.159649104e-17 0)
(3 -2.377667407e-15 0)
(3 -4.187283063e-15 0)
(3 -4.754935334e-15 0)
(3 -3.866166401e-15 0)
(3 -2.574016501e-15 0)
(3 -1.445978774e-15 0)
(3 1.438141604e-15 0)
(3 2.393174514e-15 0)
(3 -1.733570784e-15 0)
(3 -3.088110648e-15 0)
(3 -2.038193828e-15 0)
(3 -4.852150536e-15 0)
(3 -3.608995056e-15 0)
(3 -3.996298857e-15 0)
(3 -4.399572492e-15 0)
(3 -4.180562358e-15 0)
(3 -1.629893736e-15 0)
(3 -1.932451118e-15 0)
(3 -2.27330786e-15 0)
(3 -3.255113744e-15 0)
(3 2.761406931e-16 0)
(3 -6.099643933e-16 0)
(3 -1.16942242e-15 0)
(3 -7.905849194e-17 0)
(3 1.23712226e-15 0)
(3 1.603425053e-15 0)
(3 1.613911138e-15 0)
(3 -8.540316804e-17 0)
(3 1.531689986e-15 0)
(3 3.364650089e-15 0)
(3 2.102080967e-15 0)
(3 1.990362968e-15 0)
(3 6.399030261e-15 0)
(3 8.133395922e-15 0)
(3 1.027784428e-14 0)
(3 8.738703876e-15 0)
(3 7.308663169e-15 0)
(3 6.865705386e-15 0)
(3 6.442437577e-15 0)
(3 5.303351953e-15 0)
(3 3.865541779e-15 0)
(3 4.909884835e-15 0)
(3 6.499324625e-15 0)
(3 6.882837159e-15 0)
(3 5.545106872e-15 0)
(3 -7.183269834e-16 0)
(3 -3.332521523e-15 0)
(3 1.614922605e-16 0)
(3 -9.640372059e-16 0)
(3 -9.235892284e-15 0)
(3 -9.78349545e-15 0)
(3 -1.031965445e-14 0)
(3 -1.018881931e-14 0)
(3 -1.219681086e-14 0)
(3 -1.131609773e-14 0)
(3 -1.009643894e-14 0)
(3 -1.052117694e-14 0)
(3 -9.999800351e-15 0)
(3 -9.627065469e-15 0)
(3 -1.485769026e-14 0)
(3 -1.435702239e-14 0)
(3 9.469158603e-16 0)
(3 2.09575539e-15 0)
(3 3.533297538e-15 0)
(3 2.863233524e-15 0)
(3 6.685603935e-16 0)
(3 -1.387063901e-16 0)
(3 -3.705129988e-15 0)
(3 -3.798011782e-15 0)
(3 -4.651468117e-15 0)
(3 -4.483374125e-15 0)
(3 -4.355753338e-15 0)
(3 -2.44838421e-15 0)
(3 -2.623925656e-15 0)
(3 -5.181914938e-15 0)
(3 -5.637660116e-15 0)
(3 -6.65961688e-15 0)
(3 -8.827943684e-15 0)
(3 -7.203862255e-15 0)
(3 -4.795860365e-15 0)
(3 -3.057858077e-15 0)
(3 -3.405435737e-15 0)
(3 -4.221179403e-15 0)
(3 -3.490819329e-15 0)
(3 -3.719272437e-16 0)
(3 1.929418558e-16 0)
(3 -8.064952313e-16 0)
(3 -2.456047423e-16 0)
(3 6.909168043e-16 0)
(3 2.612322004e-15 0)
(3 3.454023605e-15 0)
(3 5.380516742e-15 0)
(3 1.175961662e-15 0)
(3 -6.924371688e-17 0)
(3 1.260674319e-15 0)
(3 1.071716256e-16 0)
(3 4.676444313e-15 0)
(3 5.169692679e-15 0)
(3 3.911843142e-15 0)
(3 3.255227672e-15 0)
(3 6.74730814e-15 0)
(3 6.650274447e-15 0)
(3 1.919637933e-15 0)
(3 4.575034175e-15 0)
(3 4.844836448e-15 0)
(3 2.968867875e-15 0)
(3 -2.005054774e-15 0)
(3 -4.268680022e-16 0)
(3 6.760436202e-16 0)
(3 -5.705444604e-16 0)
(3 -4.525410909e-15 0)
(3 -5.473661974e-15 0)
(3 -6.668254408e-15 0)
(3 -3.034437661e-15 0)
(3 -1.766764815e-15 0)
(3 -1.716230939e-15 0)
(3 -4.990155413e-15 0)
(3 -9.206812678e-15 0)
(3 -1.538459419e-14 0)
(3 -1.556698805e-14 0)
(3 -1.394621485e-14 0)
(3 -1.264197203e-14 0)
(3 -1.215689405e-14 0)
(3 -9.872588094e-15 0)
(3 -1.000432523e-14 0)
(3 -1.020804973e-14 0)
(3 -1.336724065e-14 0)
(3 -1.630773399e-16 0)
(3 1.34038951e-15 0)
(3 -2.516361009e-16 0)
(3 2.466333901e-16 0)
(3 -1.21155808e-15 0)
(3 -1.978711548e-15 0)
(3 -4.164176343e-15 0)
(3 -3.560862197e-15 0)
(3 -6.181507969e-15 0)
(3 -5.567759938e-15 0)
(3 -4.667979759e-15 0)
(3 -6.264810204e-15 0)
(3 -3.830754478e-15 0)
(3 -7.734326248e-16 0)
(3 -2.883795248e-15 0)
(3 -7.394731489e-15 0)
(3 -5.84037302e-15 0)
(3 -3.753981607e-15 0)
(3 -2.196261384e-15 0)
(3 -3.810477334e-17 0)
(3 -1.322759016e-15 0)
(3 -1.524157109e-15 0)
(3 2.135307982e-15 0)
(3 7.831943117e-15 0)
(3 4.865384004e-15 0)
(3 2.701074182e-15 0)
(3 3.168952824e-15 0)
(3 3.69603798e-15 0)
(3 7.707202241e-15 0)
(3 5.108063059e-15 0)
(3 3.406574598e-15 0)
(3 1.988216276e-15 0)
(3 2.981873383e-15 0)
(3 2.699993231e-15 0)
(3 -1.283863807e-15 0)
(3 1.151377031e-15 0)
(3 3.773768885e-15 0)
(3 4.486926818e-15 0)
(3 5.818120999e-15 0)
(3 6.966470456e-15 0)
(3 1.030400066e-14 0)
(3 1.212311685e-14 0)
(3 1.090804629e-14 0)
(3 1.003389169e-14 0)
(3 5.802477278e-15 0)
(3 6.485541999e-15 0)
(3 5.767012869e-15 0)
(3 2.760382795e-15 0)
(3 -8.870572501e-17 0)
(3 -7.021550458e-16 0)
(3 -1.777775215e-15 0)
(3 -4.92286931e-15 0)
(3 -6.430310041e-15 0)
(3 -6.165113114e-15 0)
(3 -4.159510058e-15 0)
(3 -6.406096228e-15 0)
(3 -1.015675162e-14 0)
(3 -1.306906778e-14 0)
(3 -1.083680052e-14 0)
(3 -5.764673014e-15 0)
(3 -5.989709229e-15 0)
(3 -9.732319667e-15 0)
(3 -7.414141584e-15 0)
(3 -6.448916859e-15 0)
(3 -5.363480661e-15 0)
(3 -1.246552e-15 0)
(3 -1.953945238e-15 0)
(3 -1.347858096e-15 0)
(3 -5.703520658e-15 0)
(3 -7.529434357e-15 0)
(3 -9.896394381e-15 0)
(3 -1.050967322e-14 0)
(3 -9.36467803e-15 0)
(3 -6.877776669e-15 0)
(3 -5.23719485e-15 0)
(3 -3.304201886e-15 0)
(3 -4.58729895e-15 0)
(3 -6.646357908e-15 0)
(3 -5.649096216e-15 0)
(3 -3.503385683e-15 0)
(3 -1.404608594e-15 0)
(3 -1.96891622e-15 0)
(3 3.056339923e-15 0)
(3 6.040534878e-15 0)
(3 5.067028338e-15 0)
(3 3.172551048e-15 0)
(3 2.830211287e-15 0)
(3 3.088968679e-15 0)
(3 3.999754153e-15 0)
(3 6.474879479e-15 0)
(3 6.57994442e-15 0)
(3 9.50162316e-15 0)
(3 8.512217627e-15 0)
(3 6.217596199e-15 0)
(3 5.103500152e-15 0)
(3 2.516527283e-15 0)
(3 8.983117506e-16 0)
(3 2.742502439e-15 0)
(3 1.48483098e-15 0)
(3 -1.036684702e-17 0)
(3 -7.137655443e-16 0)
(3 -3.678635296e-16 0)
(3 2.252598991e-15 0)
(3 5.582966235e-15 0)
(3 9.056590492e-15 0)
(3 1.029485993e-14 0)
(3 8.68417826e-15 0)
(3 1.078399706e-14 0)
(3 8.905654993e-15 0)
(3 6.747790533e-15 0)
(3 5.434723903e-15 0)
(3 5.070839063e-15 0)
(3 2.590434489e-15 0)
(3 -1.442258813e-15 0)
(3 -1.776193851e-15 0)
(3 -7.540525447e-16 0)
(3 -1.212622337e-15 0)
(3 -9.358673659e-18 0)
(3 -1.871865495e-15 0)
(3 -3.18875662e-15 0)
(3 -3.931178625e-15 0)
(3 -3.555309139e-15 0)
(3 -5.957062964e-15 0)
(3 -5.221891963e-15 0)
(3 -3.871342395e-15 0)
(3 -9.753147676e-16 0)
(3 -1.399198633e-17 0)
(3 2.049743121e-16 0)
(3 -2.503189473e-15 0)
(3 -1.804399659e-15 0)
(3 1.346989654e-15 0)
(3 4.643619025e-15 0)
(3 -6.923127671e-16 0)
(3 -2.570159128e-15 0)
(3 -1.063096783e-15 0)
(3 -3.093934795e-15 0)
(3 -5.739434089e-15 0)
(3 -6.445711307e-15 0)
(3 -5.518318187e-15 0)
(3 -3.731296052e-15 0)
(3 -2.745802179e-15 0)
(3 -5.73413906e-15 0)
(3 -4.806461434e-15 0)
(3 -6.520912639e-15 0)
(3 -6.290143556e-15 0)
(3 -6.239459032e-15 0)
(3 -2.588968575e-15 0)
(3 1.052816671e-15 0)
(3 2.419696291e-15 0)
(3 4.161050491e-15 0)
(3 3.89955998e-15 0)
(3 3.235253626e-15 0)
(3 6.455414641e-15 0)
(3 5.379293424e-15 0)
(3 3.862465732e-15 0)
(3 1.427622861e-15 0)
(3 2.841499806e-15 0)
(3 3.392271137e-15 0)
(3 4.48749133e-15 0)
(3 3.661333777e-15 0)
(3 4.495203715e-15 0)
(3 4.634516496e-15 0)
(3 5.265671328e-15 0)
(3 5.448939489e-15 0)
(3 6.361685616e-15 0)
(3 8.088954646e-15 0)
(3 1.019859871e-14 0)
(3 1.119188075e-14 0)
(3 1.131619285e-14 0)
(3 1.102408532e-14 0)
(3 1.292702166e-14 0)
(3 1.359510669e-14 0)
(3 1.051771807e-14 0)
(3 7.830501282e-15 0)
(3 4.900311605e-15 0)
(3 4.800982384e-15 0)
(3 5.344549249e-15 0)
(3 3.921624541e-15 0)
(3 1.746374622e-15 0)
(3 -2.213431517e-15 0)
(3 -2.634656279e-15 0)
(3 -1.992693384e-15 0)
(3 1.904889534e-16 0)
(3 3.819455839e-16 0)
(3 -3.885433222e-16 0)
(3 -7.860546046e-16 0)
(3 -1.008081525e-15 0)
(3 -1.498316175e-15 0)
(3 -1.00010653e-15 0)
(3 2.557667427e-15 0)
(3 1.42339906e-15 0)
(3 3.424576098e-15 0)
(3 2.859161727e-15 0)
(3 5.443674014e-15 0)
(3 4.865380352e-15 0)
(3 6.496693255e-15 0)
(3 6.121102625e-15 0)
(3 6.703744452e-15 0)
(3 5.119933186e-17 0)
(3 -8.424839846e-16 0)
(3 -8.149141516e-16 0)
(3 7.003754109e-16 0)
(3 -1.904449051e-16 0)
(3 -3.301843437e-16 0)
(3 -2.082493485e-15 0)
(3 -6.893189632e-16 0)
(3 -9.564513663e-16 0)
(3 -3.008598595e-15 0)
(3 -3.609869943e-15 0)
(3 -2.760540782e-15 0)
(3 -3.153826217e-15 0)
(3 -1.556691985e-15 0)
(3 -2.104332249e-16 0)
(3 5.290047666e-15 0)
(3 4.419333476e-15 0)
(3 4.272988162e-15 0)
(3 5.32564063e-15 0)
(3 7.006859825e-15 0)
(3 8.552183996e-15 0)
(3 9.241012843e-15 0)
(3 6.761959932e-15 0)
(3 3.25439667e-15 0)
(3 3.399838282e-15 0)
(3 3.514946447e-15 0)
(3 5.737699229e-15 0)
(3 7.108967286e-15 0)
(3 8.299318858e-15 0)
(3 9.442669153e-15 0)
(3 6.850321496e-15 0)
(3 5.735444252e-15 0)
(3 6.682459758e-15 0)
(3 1.173613997e-14 0)
(3 1.233623909e-14 0)
(3 1.433601897e-14 0)
(3 1.520239617e-14 0)
(3 1.142526078e-14 0)
(3 1.077303538e-14 0)
(3 1.067236691e-14 0)
(3 8.814393896e-15 0)
(3 4.894645412e-15 0)
(3 3.494232425e-15 0)
(3 1.102514912e-15 0)
)
;

boundaryField
{
    inlet
    {
        type            fixedValue;
        value           uniform (3 0 0);
    }
    outlet
    {
        type            inletOutlet;
        inletValue      nonuniform 0();
        value           nonuniform 0();
    }
    bottom
    {
        type            slip;
    }
    top
    {
        type            slip;
    }
    obstacle
    {
        type            slip;
    }
    defaultFaces
    {
        type            empty;
    }
    procBoundary0to1
    {
        type            processor;
        value           nonuniform List<vector> 
33
(
(3 4.143966359e-15 0)
(3 -4.534403466e-15 0)
(3 8.969204634e-15 0)
(3 1.099924641e-14 0)
(3 4.791328054e-15 0)
(3 4.68709528e-15 0)
(3 8.884163466e-15 0)
(3 4.589800274e-15 0)
(3 1.04540023e-15 0)
(3 2.872040111e-15 0)
(3 5.407249748e-15 0)
(3 -7.487868325e-16 0)
(3 -1.588009835e-15 0)
(3 3.548922504e-15 0)
(3 -2.779196599e-15 0)
(3 -3.966965892e-15 0)
(3 -4.046875541e-15 0)
(3 -1.104194154e-14 0)
(3 1.355616594e-17 0)
(3 1.172092022e-15 0)
(3 5.206391524e-15 0)
(3 1.028126665e-14 0)
(3 8.174484247e-15 0)
(3 7.814959912e-15 0)
(3 1.819082579e-15 0)
(3 -1.020773876e-14 0)
(3 -1.050208807e-14 0)
(3 -1.344718606e-14 0)
(3 -1.353434728e-14 0)
(3 -1.529800956e-14 0)
(3 -5.715846221e-15 0)
(3 5.842570461e-15 0)
(3 6.603476863e-15 0)
)
;
    }
    procBoundary0to6
    {
        type            processor;
        value           nonuniform List<vector> 
67
(
(3 9.388079408e-16 0)
(3 3.661554224e-15 0)
(3 3.732018331e-15 0)
(3 4.89237517e-15 0)
(3 5.397380471e-15 0)
(3 4.548118582e-15 0)
(3 -9.022795593e-16 0)
(3 -3.512866346e-15 0)
(3 -6.64647308e-15 0)
(3 -7.843868334e-15 0)
(3 -7.249626827e-15 0)
(3 -6.06186466e-15 0)
(3 1.255906487e-15 0)
(3 6.235248286e-15 0)
(3 1.035207865e-14 0)
(3 8.254803106e-15 0)
(3 7.129793446e-15 0)
(3 9.081524899e-15 0)
(3 7.166554143e-15 0)
(3 3.134081878e-15 0)
(3 3.487627472e-15 0)
(3 7.182263551e-15 0)
(3 1.065247027e-16 0)
(3 -2.766595371e-15 0)
(3 -3.100599511e-15 0)
(3 -1.323018562e-15 0)
(3 -5.787083289e-16 0)
(3 2.649955037e-15 0)
(3 3.619405867e-15 0)
(3 2.435000904e-15 0)
(3 1.609915837e-15 0)
(3 7.243648965e-16 0)
(3 -7.603553047e-16 0)
(3 -9.318427885e-17 0)
(3 -4.318129034e-17 0)
(3 1.935297497e-15 0)
(3 3.084778243e-15 0)
(3 5.219580662e-15 0)
(3 6.318771925e-15 0)
(3 6.625450547e-15 0)
(3 6.960398428e-15 0)
(3 4.711993162e-15 0)
(3 3.517019805e-15 0)
(3 4.682656411e-15 0)
(3 4.328839284e-15 0)
(3 3.802349336e-15 0)
(3 4.706769022e-15 0)
(3 6.637832838e-15 0)
(3 7.280409924e-15 0)
(3 7.076864905e-15 0)
(3 6.830214878e-15 0)
(3 6.960169496e-15 0)
(3 4.233275603e-15 0)
(3 5.420833539e-15 0)
(3 1.073889555e-14 0)
(3 1.277433056e-14 0)
(3 1.450327207e-14 0)
(3 1.469926717e-14 0)
(3 1.034139803e-14 0)
(3 1.160685234e-14 0)
(3 9.498303157e-15 0)
(3 5.216079616e-15 0)
(3 5.040267369e-15 0)
(3 5.415715233e-15 0)
(3 6.766663352e-15 0)
(3 9.388079408e-16 0)
(3 9.090401371e-15 0)
)
;
    }
}


// ************************************************************************* //
