/*--------------------------------*- C++ -*----------------------------------*\
  =========                 |
  \\      /  F ield         | OpenFOAM: The Open Source CFD Toolbox
   \\    /   O peration     | Website:  https://openfoam.org
    \\  /    A nd           | Version:  7
     \\/     M anipulation  |
\*---------------------------------------------------------------------------*/
FoamFile
{
    version     2.0;
    format      ascii;
    class       volVectorField;
    location    "4.8";
    object      U;
}
// * * * * * * * * * * * * * * * * * * * * * * * * * * * * * * * * * * * * * //

dimensions      [0 1 -1 0 0 0 0];

internalField   nonuniform List<vector> 
2222
(
(3 4.657113004e-16 0)
(3 -2.463918935e-15 0)
(3 -2.496820762e-15 0)
(3 -3.869723945e-15 0)
(3 -4.21853472e-15 0)
(3 -6.061773569e-15 0)
(3 -7.213254159e-15 0)
(3 -7.776835379e-15 0)
(3 -7.92259302e-15 0)
(3 -8.445783837e-15 0)
(3 -9.085805874e-15 0)
(3 -9.04482745e-15 0)
(3 -7.997979158e-15 0)
(3 -9.380796799e-15 0)
(3 -1.017762022e-14 0)
(3 -1.162169999e-14 0)
(3 -1.120377763e-14 0)
(3 -9.17005585e-15 0)
(3 -7.042813357e-15 0)
(3 -5.045144074e-15 0)
(3 -3.175534352e-15 0)
(3 -1.813964208e-15 0)
(3 -8.330192794e-16 0)
(3 3.727453719e-17 0)
(3 9.432124575e-16 0)
(3 1.425363955e-15 0)
(3 7.6086758e-16 0)
(3 -5.287137051e-15 0)
(3 -4.310699863e-15 0)
(3 -3.711787647e-15 0)
(3 -3.184157726e-15 0)
(3 -3.501016622e-15 0)
(3 -5.311168609e-15 0)
(3 -8.699585886e-15 0)
(3 -8.075691187e-15 0)
(3 -8.106314195e-15 0)
(3 -8.412475431e-15 0)
(3 -5.442755097e-15 0)
(3 -2.382767581e-15 0)
(3 -1.235222883e-15 0)
(3 -1.535144267e-15 0)
(3 -2.581390372e-15 0)
(3 -3.327684431e-15 0)
(3 -3.456251708e-15 0)
(3 -1.807814622e-15 0)
(3 -3.731582262e-15 0)
(3 -5.455422547e-15 0)
(3 -4.901598383e-15 0)
(3 -3.774315866e-15 0)
(3 -1.499956651e-15 0)
(3 1.091237702e-15 0)
(3 2.299100794e-15 0)
(3 3.001337546e-15 0)
(3 2.725709671e-15 0)
(3 2.134903494e-15 0)
(3 -1.763911552e-15 0)
(3 -2.262531708e-15 0)
(3 -2.963780979e-15 0)
(3 -3.247074852e-15 0)
(3 -4.509773282e-15 0)
(3 -5.787266661e-15 0)
(3 -5.42815516e-15 0)
(3 -5.459164318e-15 0)
(3 -3.925084088e-15 0)
(3 -1.88862673e-15 0)
(3 -8.600190216e-16 0)
(3 -7.604275227e-16 0)
(3 -9.88560512e-16 0)
(3 -1.295677512e-15 0)
(3 -2.684988243e-15 0)
(3 -3.16339561e-15 0)
(3 -3.780726006e-15 0)
(3 -3.574395539e-15 0)
(3 -2.69858246e-15 0)
(3 -2.348487924e-15 0)
(3 -3.937362927e-15 0)
(3 -5.434826719e-15 0)
(3 -3.644865823e-15 0)
(3 -5.5442144e-16 0)
(3 1.190529534e-15 0)
(3 3.571018171e-15 0)
(3 4.477924733e-15 0)
(3 4.71157308e-15 0)
(3 3.32817041e-15 0)
(3 -2.036744018e-17 0)
(3 -6.221722838e-16 0)
(3 -6.660583801e-16 0)
(3 -2.623325205e-16 0)
(3 1.43859296e-15 0)
(3 2.881619345e-15 0)
(3 5.972931659e-15 0)
(3 6.408620642e-15 0)
(3 6.956460663e-15 0)
(3 -5.621301945e-15 0)
(3 -5.123369852e-15 0)
(3 -5.141460363e-15 0)
(3 -5.343678916e-15 0)
(3 -4.644352447e-15 0)
(3 -4.011498206e-15 0)
(3 -2.828781961e-15 0)
(3 -3.122949453e-15 0)
(3 -1.634930134e-15 0)
(3 1.040050808e-16 0)
(3 1.975155193e-15 0)
(3 1.325924073e-15 0)
(3 -2.038613447e-15 0)
(3 -3.461300838e-15 0)
(3 -4.759291213e-15 0)
(3 -5.051228169e-15 0)
(3 -5.099755179e-15 0)
(3 -4.694559324e-15 0)
(3 -3.16063718e-15 0)
(3 -2.500340926e-15 0)
(3 -2.146798258e-15 0)
(3 -6.432464794e-16 0)
(3 -2.635947124e-15 0)
(3 -2.732996271e-15 0)
(3 -1.376586674e-15 0)
(3 -7.892934716e-16 0)
(3 9.531081469e-16 0)
(3 2.441915047e-15 0)
(3 3.384462906e-15 0)
(3 2.58854148e-15 0)
(3 9.05273733e-16 0)
(3 8.81925278e-16 0)
(3 2.657294907e-15 0)
(3 4.741942868e-15 0)
(3 5.93729582e-15 0)
(3 6.387657787e-15 0)
(3 4.884888212e-15 0)
(3 4.485051752e-15 0)
(3 2.170226856e-15 0)
(3 1.213566298e-15 0)
(3 2.224649451e-15 0)
(3 1.32462041e-15 0)
(3 -3.774189871e-15 0)
(3 -6.336770214e-15 0)
(3 -5.837774224e-15 0)
(3 -6.374672829e-15 0)
(3 -6.158406837e-15 0)
(3 -6.767487287e-15 0)
(3 -6.897337905e-15 0)
(3 -6.224706485e-15 0)
(3 -4.393554152e-15 0)
(3 -4.014169557e-15 0)
(3 -4.253292786e-15 0)
(3 -3.055123467e-15 0)
(3 6.087058041e-16 0)
(3 1.568068895e-15 0)
(3 1.308921375e-15 0)
(3 1.479521064e-16 0)
(3 -3.190868916e-16 0)
(3 -1.466972516e-15 0)
(3 -1.701177798e-15 0)
(3 -1.206841427e-15 0)
(3 -2.141091563e-15 0)
(3 -4.136335753e-15 0)
(3 -3.989276507e-15 0)
(3 -2.792440057e-15 0)
(3 -6.589606595e-16 0)
(3 -2.601775345e-17 0)
(3 -4.941708698e-16 0)
(3 7.876664135e-16 0)
(3 7.762577871e-16 0)
(3 1.907925629e-15 0)
(3 2.091426028e-15 0)
(3 2.930905764e-15 0)
(3 3.232219551e-15 0)
(3 4.067579349e-15 0)
(3 3.848099292e-15 0)
(3 4.11920366e-15 0)
(3 5.531189377e-15 0)
(3 5.182857884e-15 0)
(3 4.034599453e-15 0)
(3 3.038323168e-15 0)
(3 3.47599529e-15 0)
(3 2.635856322e-15 0)
(3 2.390032632e-15 0)
(3 5.219684481e-16 0)
(3 -1.541832201e-15 0)
(3 -6.012746328e-15 0)
(3 -8.273730646e-15 0)
(3 -1.010271912e-14 0)
(3 -1.013354487e-14 0)
(3 -8.965867014e-15 0)
(3 -9.154631548e-15 0)
(3 -1.098242492e-14 0)
(3 -1.194746376e-14 0)
(3 -1.268302049e-14 0)
(3 -1.225116907e-14 0)
(3 -1.145645611e-14 0)
(3 -1.023757945e-14 0)
(3 -9.997719192e-15 0)
(3 -1.04478703e-14 0)
(3 -5.422998286e-15 0)
(3 -7.355636974e-15 0)
(3 -8.617861018e-15 0)
(3 -9.688990681e-15 0)
(3 -9.988869181e-15 0)
(3 -7.971269426e-15 0)
(3 -4.577223877e-15 0)
(3 -1.182590408e-15 0)
(3 -2.902442178e-16 0)
(3 -2.420356047e-15 0)
(3 -2.899643846e-15 0)
(3 -4.343749844e-15 0)
(3 -6.484946223e-15 0)
(3 -7.946086438e-15 0)
(3 -7.340133415e-15 0)
(3 -5.402693866e-15 0)
(3 -2.627618596e-15 0)
(3 -2.352263438e-15 0)
(3 -3.765416917e-15 0)
(3 -2.438651184e-15 0)
(3 1.106044771e-15 0)
(3 2.17725801e-15 0)
(3 2.6101507e-15 0)
(3 3.467687054e-15 0)
(3 3.437303258e-15 0)
(3 2.437392916e-15 0)
(3 1.289073245e-15 0)
(3 5.229251562e-16 0)
(3 2.039889797e-15 0)
(3 3.800854226e-15 0)
(3 6.577516361e-15 0)
(3 7.106877331e-15 0)
(3 7.012616362e-15 0)
(3 5.539411809e-15 0)
(3 2.555433317e-15 0)
(3 1.560893738e-15 0)
(3 2.316132624e-15 0)
(3 3.330557907e-15 0)
(3 2.511546971e-15 0)
(3 -2.923029672e-16 0)
(3 -5.369980217e-15 0)
(3 -7.729660409e-15 0)
(3 -7.664048344e-15 0)
(3 -7.642815172e-15 0)
(3 -6.824472817e-15 0)
(3 -4.801769651e-15 0)
(3 -3.897762911e-15 0)
(3 -4.884029401e-15 0)
(3 -7.506926596e-15 0)
(3 -9.558077421e-15 0)
(3 -1.006149776e-14 0)
(3 -1.059413455e-14 0)
(3 -1.087552901e-14 0)
(3 -1.051336485e-14 0)
(3 -8.857344701e-15 0)
(3 -6.577876157e-15 0)
(3 -5.253779915e-15 0)
(3 -2.163511552e-15 0)
(3 -4.504084752e-16 0)
(3 -8.69495111e-16 0)
(3 -9.635518792e-17 0)
(3 -7.249459253e-16 0)
(3 -3.481208953e-15 0)
(3 -3.028608352e-15 0)
(3 -2.633072818e-15 0)
(3 -3.358858407e-15 0)
(3 -3.908525169e-15 0)
(3 -3.071423435e-15 0)
(3 -1.500881125e-15 0)
(3 -6.951442334e-17 0)
(3 -9.582382179e-16 0)
(3 -3.21631329e-15 0)
(3 -3.493660855e-15 0)
(3 -3.929233169e-15 0)
(3 -5.204390194e-15 0)
(3 -6.3390554e-15 0)
(3 -7.759946772e-15 0)
(3 -3.358230852e-15 0)
(3 -1.634747308e-15 0)
(3 -1.16122905e-15 0)
(3 -9.99024561e-16 0)
(3 2.970687557e-15 0)
(3 5.549576048e-15 0)
(3 5.901293892e-15 0)
(3 5.919241308e-15 0)
(3 5.442412941e-15 0)
(3 4.837889071e-15 0)
(3 1.213072633e-15 0)
(3 -1.927572962e-15 0)
(3 -2.040234081e-15 0)
(3 7.09846905e-16 0)
(3 3.295361187e-15 0)
(3 5.072962368e-15 0)
(3 5.000119509e-15 0)
(3 4.57617691e-15 0)
(3 3.192260514e-15 0)
(3 2.777003141e-15 0)
(3 1.778466145e-15 0)
(3 1.260681733e-16 0)
(3 -2.626959132e-17 0)
(3 -3.148186681e-15 0)
(3 -3.187417373e-15 0)
(3 -4.157951056e-15 0)
(3 -5.628430569e-15 0)
(3 -6.680065553e-15 0)
(3 -5.352648444e-15 0)
(3 -3.625595022e-15 0)
(3 -3.301874899e-15 0)
(3 -2.67338178e-15 0)
(3 -1.610270221e-15 0)
(3 -2.114668003e-15 0)
(3 -2.858239953e-15 0)
(3 -3.362705769e-15 0)
(3 -2.439712755e-15 0)
(3 -5.070168843e-16 0)
(3 1.677530892e-15 0)
(3 2.732635295e-15 0)
(3 3.855341746e-15 0)
(3 5.27036487e-15 0)
(3 5.995613989e-15 0)
(3 6.562768061e-15 0)
(3 5.710735723e-15 0)
(3 5.043800299e-15 0)
(3 3.126966197e-15 0)
(3 1.207656904e-15 0)
(3 -6.256167883e-16 0)
(3 -3.042958206e-15 0)
(3 -5.816163998e-15 0)
(3 -7.120606953e-15 0)
(3 -2.051916474e-15 0)
(3 -1.049430617e-15 0)
(3 2.249122839e-16 0)
(3 2.03120462e-16 0)
(3 -3.676661417e-16 0)
(3 -7.257339209e-16 0)
(3 -1.445798053e-15 0)
(3 -2.460377122e-15 0)
(3 -3.382660148e-15 0)
(3 -1.543003236e-16 0)
(3 5.786480186e-16 0)
(3 1.635920179e-15 0)
(3 8.735078435e-16 0)
(3 1.17250539e-15 0)
(3 -3.710502461e-16 0)
(3 -2.355668131e-15 0)
(3 -7.363995284e-16 0)
(3 1.804165713e-15 0)
(3 3.613725907e-15 0)
(3 4.146093709e-15 0)
(3 3.213906375e-15 0)
(3 1.435297005e-15 0)
(3 -4.830766304e-16 0)
(3 -2.088106118e-15 0)
(3 -2.741221977e-15 0)
(3 -3.552590107e-15 0)
(3 -3.301371276e-15 0)
(3 -2.767784454e-15 0)
(3 -1.41181186e-15 0)
(3 2.577195443e-16 0)
(3 1.30529446e-15 0)
(3 1.095672433e-15 0)
(3 1.692809587e-15 0)
(3 1.496252141e-15 0)
(3 1.147213377e-16 0)
(3 -8.57893759e-16 0)
(3 -2.740224403e-15 0)
(3 -7.046010333e-15 0)
(3 -1.060447711e-14 0)
(3 -1.18448297e-14 0)
(3 -1.089633437e-14 0)
(3 -8.593659034e-15 0)
(3 -7.284068366e-15 0)
(3 -4.40297559e-15 0)
(3 -4.024741202e-15 0)
(3 -3.260520401e-15 0)
(3 -2.97520298e-15 0)
(3 -3.041049514e-15 0)
(3 -1.845173065e-15 0)
(3 2.610534166e-16 0)
(3 1.435652504e-15 0)
(3 2.372099367e-15 0)
(3 3.660014009e-15 0)
(3 5.574586502e-15 0)
(3 5.232164311e-15 0)
(3 5.714869909e-15 0)
(3 5.432843908e-15 0)
(3 6.499126541e-15 0)
(3 6.97912377e-15 0)
(3 6.379797497e-15 0)
(3 4.73744119e-15 0)
(3 1.413141459e-15 0)
(3 -4.313385775e-16 0)
(3 -5.323393477e-15 0)
(3 -6.479075442e-15 0)
(3 -1.121401416e-14 0)
(3 -1.436825965e-14 0)
(3 -4.414504127e-15 0)
(3 -4.979137772e-15 0)
(3 -4.250417775e-15 0)
(3 -2.317528488e-15 0)
(3 -1.46025103e-15 0)
(3 -1.592074226e-15 0)
(3 -1.315037542e-15 0)
(3 -4.142584043e-15 0)
(3 -5.190008059e-15 0)
(3 -5.144722453e-15 0)
(3 -4.902610377e-15 0)
(3 -3.326528914e-15 0)
(3 -5.855365107e-16 0)
(3 2.041030096e-16 0)
(3 7.883379681e-17 0)
(3 -2.215742141e-16 0)
(3 -6.812983774e-16 0)
(3 9.518916711e-17 0)
(3 5.915210113e-16 0)
(3 2.304869839e-16 0)
(3 -7.541161114e-16 0)
(3 -1.422287161e-15 0)
(3 -1.474416483e-15 0)
(3 -7.386247707e-16 0)
(3 8.098852239e-16 0)
(3 2.986043076e-15 0)
(3 3.587799458e-15 0)
(3 1.89972405e-15 0)
(3 -4.405629891e-17 0)
(3 -1.804683577e-15 0)
(3 -2.037278753e-15 0)
(3 -4.068074162e-15 0)
(3 -5.302803205e-15 0)
(3 -7.283320782e-15 0)
(3 -8.821635218e-15 0)
(3 -8.770370214e-15 0)
(3 -9.761818116e-15 0)
(3 -1.130219229e-14 0)
(3 -1.170449914e-14 0)
(3 -1.186496456e-14 0)
(3 -8.011619346e-15 0)
(3 -5.892531382e-15 0)
(3 -2.603095242e-15 0)
(3 -1.960862469e-15 0)
(3 -1.282007294e-15 0)
(3 -1.909437008e-15 0)
(3 -3.954322938e-15 0)
(3 -3.593403217e-15 0)
(3 -1.986853356e-15 0)
(3 -8.561600051e-16 0)
(3 2.733869244e-16 0)
(3 1.021916155e-15 0)
(3 8.87005222e-16 0)
(3 -6.51466643e-16 0)
(3 -1.250528189e-16 0)
(3 3.185563109e-15 0)
(3 5.988849109e-15 0)
(3 7.095633021e-15 0)
(3 7.150424648e-15 0)
(3 5.021244784e-15 0)
(3 2.17936757e-15 0)
(3 -2.798057025e-15 0)
(3 -9.353908924e-15 0)
(3 -1.065409463e-14 0)
(3 -1.146409404e-14 0)
(3 -1.286840977e-14 0)
(3 -1.1952999e-14 0)
(3 -3.100803122e-15 0)
(3 -4.832549381e-15 0)
(3 -5.330747525e-15 0)
(3 -4.329063503e-15 0)
(3 -2.561754441e-15 0)
(3 -1.710290643e-15 0)
(3 -1.580072796e-15 0)
(3 -4.767192458e-16 0)
(3 3.234071545e-16 0)
(3 8.649327059e-16 0)
(3 1.82884719e-16 0)
(3 1.426961498e-15 0)
(3 2.367432255e-15 0)
(3 2.309926465e-15 0)
(3 4.44438067e-15 0)
(3 5.900228772e-15 0)
(3 5.247509756e-15 0)
(3 5.033191357e-15 0)
(3 5.375466165e-15 0)
(3 4.488491225e-15 0)
(3 2.321952339e-15 0)
(3 2.203237548e-16 0)
(3 -1.979347196e-15 0)
(3 -2.810542878e-15 0)
(3 -2.179373838e-15 0)
(3 -1.863981194e-16 0)
(3 3.095451392e-15 0)
(3 4.588669991e-15 0)
(3 3.541524589e-15 0)
(3 5.831960199e-16 0)
(3 -1.475291541e-15 0)
(3 -3.428400068e-15 0)
(3 -7.018143324e-15 0)
(3 -8.079101323e-15 0)
(3 -8.311546989e-15 0)
(3 -8.848884084e-15 0)
(3 -9.8315298e-15 0)
(3 -9.287492825e-15 0)
(3 -7.681221851e-15 0)
(3 -6.269956705e-15 0)
(3 -4.813990864e-15 0)
(3 -3.463849174e-15 0)
(3 -1.805770555e-15 0)
(3 -1.552063355e-15 0)
(3 -2.087623505e-15 0)
(3 -1.977203803e-15 0)
(3 -1.98310348e-15 0)
(3 -2.295027313e-15 0)
(3 -2.435564122e-15 0)
(3 -1.641822823e-15 0)
(3 -6.820647879e-16 0)
(3 7.643554315e-16 0)
(3 3.916265297e-16 0)
(3 1.183243124e-15 0)
(3 3.259772901e-15 0)
(3 4.770396471e-15 0)
(3 7.036503879e-15 0)
(3 6.747841925e-15 0)
(3 5.963096919e-15 0)
(3 3.845519179e-15 0)
(3 -2.024054465e-15 0)
(3 -7.080389513e-15 0)
(3 -1.160255519e-14 0)
(3 -1.282843603e-14 0)
(3 -1.406054039e-14 0)
(3 -1.307060001e-14 0)
(3 -8.584624454e-15 0)
(3 3.489741719e-15 0)
(3 2.501114862e-15 0)
(3 1.618227468e-15 0)
(3 2.559692437e-15 0)
(3 3.042457445e-15 0)
(3 5.551914802e-15 0)
(3 5.993905497e-15 0)
(3 5.563100629e-15 0)
(3 5.503874627e-15 0)
(3 3.339787162e-15 0)
(3 1.899817194e-15 0)
(3 2.963220807e-15 0)
(3 3.070827618e-15 0)
(3 4.117868134e-15 0)
(3 6.127084763e-15 0)
(3 6.733407658e-15 0)
(3 6.567221594e-15 0)
(3 5.849482942e-15 0)
(3 5.041348052e-15 0)
(3 3.89377594e-15 0)
(3 3.581285478e-15 0)
(3 3.162520555e-15 0)
(3 3.243156348e-15 0)
(3 1.830362969e-15 0)
(3 -2.370754332e-16 0)
(3 1.880951973e-15 0)
(3 2.767904528e-15 0)
(3 5.00715667e-15 0)
(3 5.565727811e-15 0)
(3 5.980605414e-15 0)
(3 4.356078752e-15 0)
(3 2.109954823e-15 0)
(3 -9.503677603e-16 0)
(3 -5.171806816e-15 0)
(3 -7.400045707e-15 0)
(3 -8.672035619e-15 0)
(3 -8.530129797e-15 0)
(3 -9.004232888e-15 0)
(3 -7.871576799e-15 0)
(3 -5.386314756e-15 0)
(3 -3.708371503e-15 0)
(3 -1.729966555e-15 0)
(3 -2.379449065e-16 0)
(3 -1.936145128e-17 0)
(3 -1.084357279e-15 0)
(3 -9.638232019e-16 0)
(3 -7.945077618e-17 0)
(3 1.823052159e-15 0)
(3 2.267314853e-15 0)
(3 1.975698319e-15 0)
(3 1.154546633e-16 0)
(3 -2.366499629e-15 0)
(3 -3.088547287e-15 0)
(3 -6.870852203e-17 0)
(3 1.51271601e-15 0)
(3 2.249573121e-15 0)
(3 2.404618637e-15 0)
(3 -6.584386434e-17 0)
(3 -3.928460715e-15 0)
(3 -8.855589415e-15 0)
(3 -1.007739305e-14 0)
(3 -1.010568257e-14 0)
(3 -8.262050578e-15 0)
(3 -8.79602781e-15 0)
(3 -6.088081979e-15 0)
(3 -4.447196462e-15 0)
(3 -1.826243582e-15 0)
(3 9.488170022e-15 0)
(3 1.002722654e-14 0)
(3 7.852008288e-15 0)
(3 3.824378579e-15 0)
(3 1.367681549e-15 0)
(3 2.48143967e-15 0)
(3 3.923778683e-15 0)
(3 5.254450694e-15 0)
(3 4.600085677e-15 0)
(3 2.487766685e-15 0)
(3 2.167254531e-15 0)
(3 1.942628336e-15 0)
(3 2.464679267e-15 0)
(3 4.578503219e-15 0)
(3 5.3842416e-15 0)
(3 4.061146602e-15 0)
(3 3.924321382e-15 0)
(3 4.885126257e-15 0)
(3 5.893500114e-15 0)
(3 4.98575803e-15 0)
(3 3.503510456e-15 0)
(3 1.238735465e-15 0)
(3 1.12996937e-15 0)
(3 -1.642592956e-15 0)
(3 -2.435633812e-15 0)
(3 -5.026758062e-16 0)
(3 2.523106314e-15 0)
(3 6.958652061e-15 0)
(3 9.104029075e-15 0)
(3 7.764854747e-15 0)
(3 7.205296049e-15 0)
(3 5.914437198e-15 0)
(3 5.266507835e-15 0)
(3 1.516839949e-15 0)
(3 -2.728936488e-15 0)
(3 -4.572316605e-15 0)
(3 -6.889352776e-15 0)
(3 -7.074569898e-15 0)
(3 -5.874217218e-15 0)
(3 -5.561349197e-15 0)
(3 -5.200049323e-15 0)
(3 -4.192436939e-15 0)
(3 -3.068339134e-15 0)
(3 -2.821920968e-15 0)
(3 -2.395373679e-15 0)
(3 -2.01686848e-15 0)
(3 -2.237104336e-15 0)
(3 6.275824278e-17 0)
(3 9.081992271e-16 0)
(3 -5.451213572e-18 0)
(3 -6.586566042e-16 0)
(3 -2.376667602e-15 0)
(3 -3.5872116e-15 0)
(3 -2.133285666e-15 0)
(3 -3.218743965e-15 0)
(3 -4.556280437e-15 0)
(3 -7.314101203e-15 0)
(3 -1.044490293e-14 0)
(3 -1.04459394e-14 0)
(3 -9.784270582e-15 0)
(3 -7.925306379e-15 0)
(3 -5.91879098e-15 0)
(3 -3.563155611e-15 0)
(3 -9.23848239e-16 0)
(3 4.801867775e-15 0)
(3 6.907130668e-15 0)
(3 7.339962524e-15 0)
(3 5.565959531e-15 0)
(3 7.180584317e-15 0)
(3 8.215646729e-15 0)
(3 8.413579939e-15 0)
(3 7.060341523e-15 0)
(3 4.15543448e-15 0)
(3 6.385532072e-15 0)
(3 7.90313597e-15 0)
(3 6.460007534e-15 0)
(3 5.446240278e-15 0)
(3 6.00723889e-15 0)
(3 5.85062782e-15 0)
(3 6.826351751e-15 0)
(3 7.934808538e-15 0)
(3 7.80939579e-15 0)
(3 7.480424911e-15 0)
(3 7.54406284e-15 0)
(3 1.018823789e-14 0)
(3 7.424642351e-15 0)
(3 5.515593446e-15 0)
(3 4.872474486e-15 0)
(3 3.705803038e-15 0)
(3 3.747463048e-15 0)
(3 2.882793075e-15 0)
(3 2.145685002e-15 0)
(3 -1.204337397e-15 0)
(3 -2.382083293e-15 0)
(3 1.08233942e-15 0)
(3 6.893153127e-15 0)
(3 1.110159448e-14 0)
(3 1.018896128e-14 0)
(3 9.362151412e-15 0)
(3 9.070582645e-15 0)
(3 7.404475014e-15 0)
(3 5.844585513e-15 0)
(3 9.878904488e-16 0)
(3 -5.448187902e-17 0)
(3 7.555442196e-16 0)
(3 1.103226461e-15 0)
(3 1.320799091e-15 0)
(3 -8.905961444e-17 0)
(3 -1.387016084e-15 0)
(3 -1.67601968e-15 0)
(3 -2.004533667e-15 0)
(3 -1.511868857e-15 0)
(3 -1.32782715e-16 0)
(3 1.708631552e-15 0)
(3 2.735778024e-15 0)
(3 3.707868141e-15 0)
(3 4.999275786e-15 0)
(3 3.766361137e-15 0)
(3 3.146500546e-15 0)
(3 1.75383534e-15 0)
(3 -1.488327563e-15 0)
(3 -7.359728452e-15 0)
(3 -1.028639306e-14 0)
(3 -1.091915865e-14 0)
(3 -8.330345863e-15 0)
(3 -6.402494509e-15 0)
(3 -4.691609508e-15 0)
(3 -2.922605826e-15 0)
(3 1.239348396e-15 0)
(3 4.034672899e-15 0)
(3 6.82538111e-15 0)
(3 1.255597017e-14 0)
(3 1.537879098e-14 0)
(3 1.601162937e-14 0)
(3 -1.719475883e-15 0)
(3 -1.861840029e-15 0)
(3 -1.555093226e-15 0)
(3 -7.907326056e-17 0)
(3 8.296905769e-16 0)
(3 1.201573045e-15 0)
(3 7.458247592e-15 0)
(3 8.800008994e-15 0)
(3 9.61114716e-15 0)
(3 1.025964542e-14 0)
(3 9.655270074e-15 0)
(3 8.317485301e-15 0)
(3 7.338143524e-15 0)
(3 6.673160828e-15 0)
(3 6.09930959e-15 0)
(3 6.572524673e-15 0)
(3 7.931238172e-15 0)
(3 7.692996271e-15 0)
(3 5.333656847e-15 0)
(3 4.113234746e-15 0)
(3 8.651607797e-15 0)
(3 1.051669131e-14 0)
(3 8.988535774e-15 0)
(3 7.183144338e-15 0)
(3 4.022812819e-15 0)
(3 -6.871709226e-16 0)
(3 -2.824399899e-15 0)
(3 -2.263080515e-15 0)
(3 -5.14911994e-16 0)
(3 1.065293137e-15 0)
(3 5.245626662e-15 0)
(3 6.582219168e-15 0)
(3 6.597289733e-15 0)
(3 6.782410078e-15 0)
(3 5.189672477e-15 0)
(3 3.629338451e-15 0)
(3 1.815454208e-15 0)
(3 1.584418856e-15 0)
(3 -2.333037337e-16 0)
(3 -1.707320503e-15 0)
(3 -3.426401736e-15 0)
(3 -4.925706953e-15 0)
(3 -6.353408822e-15 0)
(3 -6.375230293e-15 0)
(3 -4.599884014e-15 0)
(3 -3.527642853e-16 0)
(3 3.121293173e-15 0)
(3 5.037451555e-15 0)
(3 5.206312143e-15 0)
(3 4.964399756e-15 0)
(3 4.180120858e-15 0)
(3 1.995281642e-15 0)
(3 -1.453372986e-15 0)
(3 -4.41419195e-15 0)
(3 -1.025987973e-14 0)
(3 -1.328463424e-14 0)
(3 -1.239604377e-14 0)
(3 -1.170887528e-14 0)
(3 -8.961826476e-15 0)
(3 -5.942401068e-15 0)
(3 -2.224270975e-15 0)
(3 -2.416921531e-16 0)
(3 2.897719653e-15 0)
(3 7.807382936e-15 0)
(3 1.194232949e-14 0)
(3 1.476835812e-14 0)
(3 1.535347017e-14 0)
(3 -4.161526793e-15 0)
(3 -5.157094226e-15 0)
(3 -4.029365058e-15 0)
(3 -2.658935306e-15 0)
(3 -1.654500587e-16 0)
(3 1.205239678e-15 0)
(3 2.923070451e-15 0)
(3 3.879792589e-15 0)
(3 5.627362529e-15 0)
(3 6.75541381e-15 0)
(3 6.831440696e-15 0)
(3 5.917785387e-15 0)
(3 5.505615999e-15 0)
(3 7.502130599e-15 0)
(3 8.406245403e-15 0)
(3 9.307688331e-15 0)
(3 8.593535992e-15 0)
(3 7.058712789e-15 0)
(3 5.954150042e-15 0)
(3 4.665528221e-15 0)
(3 5.676483669e-15 0)
(3 6.54561897e-15 0)
(3 6.437473624e-15 0)
(3 4.229767865e-15 0)
(3 7.053595916e-16 0)
(3 -1.338458866e-15 0)
(3 -2.953017962e-15 0)
(3 -3.7512018e-15 0)
(3 -4.270191396e-15 0)
(3 -6.218278119e-15 0)
(3 -4.692819404e-15 0)
(3 -3.389722473e-15 0)
(3 -1.532758829e-15 0)
(3 5.990981105e-17 0)
(3 2.249337394e-16 0)
(3 4.243627644e-16 0)
(3 1.330410991e-15 0)
(3 1.019081485e-15 0)
(3 -1.517476407e-15 0)
(3 -4.199565798e-15 0)
(3 -5.240913572e-15 0)
(3 -6.152303087e-15 0)
(3 -6.709781147e-15 0)
(3 -5.568095365e-15 0)
(3 -5.149296938e-15 0)
(3 -3.211785008e-15 0)
(3 -4.058955754e-16 0)
(3 1.406919402e-16 0)
(3 -1.72091441e-18 0)
(3 9.204615882e-17 0)
(3 1.493980882e-15 0)
(3 2.77274561e-15 0)
(3 1.841587298e-15 0)
(3 6.316173709e-17 0)
(3 -4.456443326e-15 0)
(3 -8.665745384e-15 0)
(3 -1.236989763e-14 0)
(3 -1.297532086e-14 0)
(3 -1.145052066e-14 0)
(3 -9.140208477e-15 0)
(3 -6.445015171e-15 0)
(3 -5.322052301e-16 0)
(3 2.752547057e-15 0)
(3 5.674091831e-15 0)
(3 7.250966414e-15 0)
(3 8.972238926e-15 0)
(3 9.453758998e-15 0)
(3 4.612659617e-15 0)
(3 5.775403767e-15 0)
(3 5.75482117e-15 0)
(3 4.399015384e-15 0)
(3 1.944768526e-15 0)
(3 2.132075057e-15 0)
(3 1.49307164e-15 0)
(3 2.739896983e-15 0)
(3 3.322576072e-15 0)
(3 4.094938111e-15 0)
(3 5.461585246e-15 0)
(3 6.778446757e-15 0)
(3 8.300963445e-15 0)
(3 7.219116818e-15 0)
(3 6.902777026e-15 0)
(3 6.642701541e-15 0)
(3 6.448445575e-15 0)
(3 3.598908065e-15 0)
(3 1.546077777e-15 0)
(3 9.489222849e-16 0)
(3 2.905618438e-15 0)
(3 5.614535881e-15 0)
(3 7.385899115e-15 0)
(3 5.271205975e-15 0)
(3 3.73949748e-15 0)
(3 4.115254699e-15 0)
(3 1.989475743e-15 0)
(3 7.208784049e-17 0)
(3 -2.103023668e-15 0)
(3 -3.151501277e-15 0)
(3 -3.930032008e-15 0)
(3 -3.554491738e-15 0)
(3 -3.022914361e-15 0)
(3 -4.223174857e-15 0)
(3 -3.807982684e-15 0)
(3 -2.208700977e-15 0)
(3 -4.385458746e-15 0)
(3 -5.597740384e-15 0)
(3 -7.039761058e-15 0)
(3 -7.542878472e-15 0)
(3 -8.173039681e-15 0)
(3 -7.581434287e-15 0)
(3 -6.604023848e-15 0)
(3 -4.924288876e-15 0)
(3 -3.763566769e-15 0)
(3 -3.653176342e-15 0)
(3 -3.443852274e-15 0)
(3 -2.839295543e-15 0)
(3 -1.853674733e-15 0)
(3 -1.237678508e-15 0)
(3 -1.489463797e-15 0)
(3 -1.77965808e-15 0)
(3 -2.990549923e-15 0)
(3 -3.571192723e-15 0)
(3 -4.250573871e-15 0)
(3 -4.703908894e-15 0)
(3 -7.184770574e-15 0)
(3 -1.02232799e-14 0)
(3 -1.023354906e-14 0)
(3 -8.983730721e-15 0)
(3 -7.288036494e-15 0)
(3 -5.349007908e-15 0)
(3 -4.087936295e-15 0)
(3 -1.191431287e-15 0)
(3 -1.31470824e-15 0)
(3 -1.453723339e-15 0)
(3 -2.033777517e-16 0)
(3 4.766630134e-16 0)
(3 2.479883051e-15 0)
(3 5.563443757e-15 0)
(3 6.129136709e-15 0)
(3 4.449875914e-15 0)
(3 2.416144194e-15 0)
(3 -2.402848718e-15 0)
(3 -5.8904702e-15 0)
(3 -8.647894941e-15 0)
(3 -7.644525932e-15 0)
(3 -4.698260063e-15 0)
(3 9.905844035e-16 0)
(3 3.589878854e-15 0)
(3 5.018729102e-15 0)
(3 4.625448054e-15 0)
(3 4.42178724e-15 0)
(3 4.456602927e-15 0)
(3 4.476834948e-15 0)
(3 5.435546369e-15 0)
(3 5.70570225e-15 0)
(3 6.319367e-15 0)
(3 8.009116297e-15 0)
(3 9.468094196e-15 0)
(3 1.010513555e-14 0)
(3 9.118870717e-15 0)
(3 6.744898331e-15 0)
(3 1.392136513e-15 0)
(3 -5.117018275e-15 0)
(3 -8.277360008e-15 0)
(3 -9.8586651e-15 0)
(3 -9.565064909e-15 0)
(3 -8.452220651e-15 0)
(3 -8.362589163e-15 0)
(3 -1.09805247e-14 0)
(3 -1.120238029e-14 0)
(3 -1.102821002e-14 0)
(3 -1.123605638e-14 0)
(3 -9.777361809e-15 0)
(3 -8.561874229e-15 0)
(3 -8.032223274e-15 0)
(3 -8.036095266e-15 0)
(3 -7.170328286e-15 0)
(3 -6.166425101e-15 0)
(3 -4.205003173e-15 0)
(3 1.160668567e-16 0)
(3 3.271334929e-15 0)
(3 3.104840454e-15 0)
(3 3.904818311e-15 0)
(3 4.607370767e-15 0)
(3 4.145576273e-15 0)
(3 3.654010715e-15 0)
(3 3.088715066e-15 0)
(3 1.924796158e-15 0)
(3 -6.824441225e-16 0)
(3 -1.001330951e-15 0)
(3 -2.746745638e-15 0)
(3 -4.823272641e-15 0)
(3 -9.619742379e-15 0)
(3 -1.03655399e-14 0)
(3 -9.838970969e-15 0)
(3 -8.721266528e-15 0)
(3 -7.307359495e-15 0)
(3 -5.152160324e-15 0)
(3 -3.910403933e-15 0)
(3 -1.603915183e-15 0)
(3 4.319159412e-16 0)
(3 2.776983622e-16 0)
(3 -1.340326355e-15 0)
(3 -1.408873033e-15 0)
(3 -1.871956332e-15 0)
(3 -1.802679587e-16 0)
(3 2.390544802e-15 0)
(3 3.443447027e-15 0)
(3 2.053557669e-15 0)
(3 1.221398979e-15 0)
(3 -2.175711769e-15 0)
(3 -5.529877672e-15 0)
(3 -7.344575864e-15 0)
(3 -6.344265503e-15 0)
(3 -1.56944828e-15 0)
(3 1.473956701e-15 0)
(3 3.721021478e-15 0)
(3 3.901668162e-15 0)
(3 4.177646554e-15 0)
(3 5.085632809e-15 0)
(3 6.518301199e-15 0)
(3 6.630844157e-15 0)
(3 7.662155939e-15 0)
(3 6.951129148e-15 0)
(3 6.505022245e-15 0)
(3 3.586567744e-15 0)
(3 1.920261824e-15 0)
(3 -4.270165459e-16 0)
(3 -1.528052721e-15 0)
(3 -5.477486801e-15 0)
(3 -1.145315752e-14 0)
(3 -1.404082322e-14 0)
(3 -1.769086195e-14 0)
(3 -1.915955773e-14 0)
(3 -1.886659647e-14 0)
(3 -1.789326959e-14 0)
(3 -1.581040424e-14 0)
(3 -1.507900639e-14 0)
(3 -1.407954566e-14 0)
(3 -1.331895156e-14 0)
(3 -1.197414716e-14 0)
(3 -1.093895295e-14 0)
(3 -9.405063433e-15 0)
(3 -6.899630067e-15 0)
(3 -3.885752629e-15 0)
(3 -2.880053059e-15 0)
(3 -9.593091507e-16 0)
(3 7.847349759e-16 0)
(3 3.186122013e-15 0)
(3 3.484139994e-15 0)
(3 2.66031919e-15 0)
(3 1.050903199e-15 0)
(3 -1.522915734e-15 0)
(3 -2.979266896e-15 0)
(3 -2.950871347e-15 0)
(3 9.468205988e-16 0)
(3 -2.714038694e-16 0)
(3 -1.437585414e-15 0)
(3 -3.4420638e-15 0)
(3 -4.306644287e-15 0)
(3 -4.466659213e-15 0)
(3 -1.754809298e-15 0)
(3 -8.785044145e-16 0)
(3 1.571197734e-18 0)
(3 3.394318349e-15 0)
(3 4.917882405e-15 0)
(3 6.6152939e-15 0)
(3 7.504305018e-15 0)
(3 7.57381515e-15 0)
(3 3.046719719e-15 0)
(3 1.277717764e-15 0)
(3 2.733132899e-16 0)
(3 -6.825732932e-17 0)
(3 -3.233805053e-16 0)
(3 -5.523159178e-16 0)
(3 3.394511013e-16 0)
(3 3.621248269e-16 0)
(3 -3.752105234e-16 0)
(3 -1.069666003e-15 0)
(3 -1.688815246e-15 0)
(3 -1.106531739e-15 0)
(3 5.574670862e-16 0)
(3 5.1091415e-15 0)
(3 6.762284716e-15 0)
(3 6.170639285e-15 0)
(3 1.253540444e-15 0)
(3 -2.272919469e-15 0)
(3 -1.721412513e-15 0)
(3 -1.339352582e-15 0)
(3 -2.846179222e-16 0)
(3 -5.114255616e-16 0)
(3 -5.591555829e-15 0)
(3 -8.166192955e-15 0)
(3 -7.740866749e-15 0)
(3 -6.683647403e-15 0)
(3 -4.732711795e-15 0)
(3 -5.830515119e-15 0)
(3 -1.126516266e-14 0)
(3 -1.78435053e-14 0)
(3 -1.814702072e-14 0)
(3 -1.977895316e-14 0)
(3 -2.082871116e-14 0)
(3 -1.942733367e-14 0)
(3 -1.86069046e-14 0)
(3 -1.587263461e-14 0)
(3 -1.475615497e-14 0)
(3 -1.148481381e-14 0)
(3 -1.044754702e-14 0)
(3 -8.755000832e-15 0)
(3 -6.63198832e-15 0)
(3 -3.77828809e-15 0)
(3 -1.604213554e-15 0)
(3 -2.306978342e-16 0)
(3 -4.747066753e-16 0)
(3 -3.089520431e-15 0)
(3 -3.88126309e-15 0)
(3 -4.524662416e-15 0)
(3 -4.708619433e-15 0)
(3 -3.846206601e-15 0)
(3 -2.979710214e-15 0)
(3 -3.684189932e-15 0)
(3 -1.212711429e-15 0)
(3 1.305028853e-15 0)
(3 3.825052114e-15 0)
(3 3.86779773e-15 0)
(3 5.008515607e-15 0)
(3 6.963342344e-15 0)
(3 6.985610995e-15 0)
(3 6.454704131e-15 0)
(3 6.572347524e-15 0)
(3 8.703590068e-15 0)
(3 9.991836922e-15 0)
(3 1.088898428e-14 0)
(3 1.006388562e-14 0)
(3 1.0046923e-14 0)
(3 1.096806764e-14 0)
(3 7.964543824e-15 0)
(3 8.169411443e-15 0)
(3 7.421595775e-15 0)
(3 8.266167752e-15 0)
(3 8.978390959e-15 0)
(3 9.602650356e-15 0)
(3 1.006236618e-14 0)
(3 1.03269791e-14 0)
(3 1.126788544e-14 0)
(3 1.118186712e-14 0)
(3 8.197456083e-15 0)
(3 6.781504272e-15 0)
(3 6.275510856e-15 0)
(3 6.835276033e-15 0)
(3 3.690765588e-15 0)
(3 2.015515154e-15 0)
(3 1.808823917e-15 0)
(3 1.248411383e-15 0)
(3 6.292707138e-16 0)
(3 6.553610024e-16 0)
(3 -1.488322389e-16 0)
(3 -5.371152858e-16 0)
(3 -9.776481457e-16 0)
(3 -4.014946072e-15 0)
(3 -2.890610309e-15 0)
(3 -2.729599254e-15 0)
(3 -3.575369209e-15 0)
(3 -1.450165707e-15 0)
(3 -1.025699155e-15 0)
(3 -5.051119826e-15 0)
(3 -6.032138376e-15 0)
(3 -1.040031418e-14 0)
(3 -1.583928189e-14 0)
(3 -1.452357147e-14 0)
(3 -1.426204504e-14 0)
(3 -1.338142176e-14 0)
(3 -1.000972453e-14 0)
(3 -6.780865638e-15 0)
(3 -6.420064551e-15 0)
(3 -7.313666703e-15 0)
(3 -9.498531989e-15 0)
(3 -9.077703961e-15 0)
(3 -7.419092777e-15 0)
(3 -6.175637923e-15 0)
(3 -6.807140945e-15 0)
(3 -7.2153886e-15 0)
(3 -7.566610472e-15 0)
(3 -7.321687727e-15 0)
(3 -7.071926449e-15 0)
(3 -6.623612996e-15 0)
(3 -4.941943099e-15 0)
(3 -3.497209715e-15 0)
(3 -1.347118742e-15 0)
(3 3.047851447e-18 0)
(3 1.572451905e-15 0)
(3 4.956070279e-15 0)
(3 7.367542479e-15 0)
(3 8.562406489e-15 0)
(3 9.096733643e-15 0)
(3 9.451387417e-15 0)
(3 8.959806471e-15 0)
(3 9.068840174e-15 0)
(3 8.098514627e-15 0)
(3 7.757089481e-15 0)
(3 7.540211927e-15 0)
(3 7.58617057e-15 0)
(3 6.743389026e-15 0)
(3 9.740393937e-15 0)
(3 1.061689746e-14 0)
(3 1.305039536e-14 0)
(3 1.261861401e-14 0)
(3 1.212098935e-14 0)
(3 1.04750042e-14 0)
(3 1.050950562e-14 0)
(3 1.273697468e-14 0)
(3 1.376652924e-14 0)
(3 1.411094909e-14 0)
(3 1.292648655e-14 0)
(3 1.143876488e-14 0)
(3 9.211530977e-15 0)
(3 6.675214287e-15 0)
(3 3.537945394e-15 0)
(3 4.763239792e-15 0)
(3 7.037022309e-15 0)
(3 7.50155252e-15 0)
(3 5.708843526e-15 0)
(3 2.512600666e-15 0)
(3 -3.493494789e-16 0)
(3 -1.192849131e-15 0)
(3 -8.781824989e-16 0)
(3 -1.814656509e-15 0)
(3 -1.802025299e-15 0)
(3 -2.408394174e-15 0)
(3 -2.115553337e-15 0)
(3 -2.420260576e-15 0)
(3 -2.450392375e-15 0)
(3 -1.593108105e-15 0)
(3 -4.100108586e-15 0)
(3 -4.387279251e-15 0)
(3 -8.253836982e-15 0)
(3 -1.15567185e-14 0)
(3 -1.105292285e-14 0)
(3 -9.910994931e-15 0)
(3 -8.238985537e-15 0)
(3 -5.960457956e-15 0)
(3 -3.634097451e-15 0)
(3 -3.443567126e-15 0)
(3 -4.732159996e-15 0)
(3 -4.827927089e-15 0)
(3 -5.644392476e-15 0)
(3 -5.335901699e-15 0)
(3 -4.664560992e-15 0)
(3 -2.778624763e-15 0)
(3 -2.183820712e-15 0)
(3 -1.371506496e-15 0)
(3 4.058103226e-16 0)
(3 2.922904281e-16 0)
(3 1.125733204e-15 0)
(3 1.212170423e-15 0)
(3 1.159374426e-15 0)
(3 2.838958518e-15 0)
(3 4.390536235e-15 0)
(3 6.017112465e-15 0)
(3 8.369883872e-15 0)
(3 1.07381499e-14 0)
(3 1.108397673e-14 0)
(3 7.50094021e-15 0)
(3 3.183389838e-15 0)
(3 7.964769949e-16 0)
(3 8.106864292e-16 0)
(3 -1.281103976e-17 0)
(3 -3.284547983e-15 0)
(3 -6.713872026e-15 0)
(3 -7.78141929e-15 0)
(3 9.395766951e-15 0)
(3 1.030139415e-14 0)
(3 1.125827076e-14 0)
(3 1.155157917e-14 0)
(3 1.157219524e-14 0)
(3 1.160997782e-14 0)
(3 1.22847251e-14 0)
(3 1.150965999e-14 0)
(3 1.037082272e-14 0)
(3 8.742282849e-15 0)
(3 7.896776693e-15 0)
(3 6.661691646e-15 0)
(3 3.570668356e-15 0)
(3 2.15250998e-16 0)
(3 -2.260680178e-15 0)
(3 9.699222341e-16 0)
(3 3.782882435e-15 0)
(3 6.997629586e-15 0)
(3 8.499675702e-15 0)
(3 7.351659611e-15 0)
(3 5.499870077e-15 0)
(3 3.405285228e-15 0)
(3 2.624991479e-15 0)
(3 3.538327474e-15 0)
(3 3.030749434e-15 0)
(3 3.036394829e-15 0)
(3 2.225785609e-15 0)
(3 7.550290071e-16 0)
(3 1.699929385e-17 0)
(3 1.016144991e-17 0)
(3 -1.124635895e-15 0)
(3 9.409062231e-16 0)
(3 -7.965728343e-17 0)
(3 -2.118114265e-15 0)
(3 -1.561973216e-15 0)
(3 -1.685706224e-15 0)
(3 8.655762446e-17 0)
(3 1.069501037e-15 0)
(3 1.353964552e-15 0)
(3 1.299723657e-15 0)
(3 9.932332854e-16 0)
(3 -3.035370414e-16 0)
(3 -1.306625159e-15 0)
(3 -4.37757346e-15 0)
(3 -6.353760849e-15 0)
(3 -6.243080555e-15 0)
(3 -4.110987657e-15 0)
(3 -2.410147833e-15 0)
(3 -5.884329545e-16 0)
(3 1.179683085e-15 0)
(3 1.387106346e-15 0)
(3 8.768301266e-16 0)
(3 5.071242906e-15 0)
(3 6.329769694e-15 0)
(3 9.63691399e-15 0)
(3 1.211985325e-14 0)
(3 1.275669149e-14 0)
(3 1.233647549e-14 0)
(3 1.147674408e-14 0)
(3 8.65346674e-15 0)
(3 3.700685483e-15 0)
(3 -3.460394469e-15 0)
(3 -7.020484872e-15 0)
(3 -9.504723946e-15 0)
(3 -8.961699415e-15 0)
(3 -8.582949949e-15 0)
(3 -8.193624341e-15 0)
(3 8.404779697e-15 0)
(3 1.076626569e-14 0)
(3 1.120071658e-14 0)
(3 1.444146644e-14 0)
(3 1.423556585e-14 0)
(3 1.675475908e-14 0)
(3 1.715529748e-14 0)
(3 1.574118685e-14 0)
(3 1.227128674e-14 0)
(3 9.884276051e-15 0)
(3 1.161908956e-14 0)
(3 1.243292463e-14 0)
(3 5.306970493e-15 0)
(3 -1.387450368e-15 0)
(3 -2.375879639e-15 0)
(3 1.463184048e-15 0)
(3 4.963986623e-15 0)
(3 8.432843283e-15 0)
(3 9.032825955e-15 0)
(3 8.917936558e-15 0)
(3 8.171286413e-15 0)
(3 7.110333821e-15 0)
(3 5.255519898e-15 0)
(3 4.309689312e-15 0)
(3 4.264452711e-15 0)
(3 4.468033593e-15 0)
(3 5.189662038e-15 0)
(3 4.264513492e-15 0)
(3 3.816846746e-15 0)
(3 2.941968813e-15 0)
(3 7.877833956e-16 0)
(3 -1.695216875e-16 0)
(3 2.373086463e-15 0)
(3 2.408683046e-15 0)
(3 1.018602765e-15 0)
(3 2.00353633e-16 0)
(3 -2.946450159e-16 0)
(3 3.57316618e-16 0)
(3 1.207196648e-16 0)
(3 -7.764159642e-16 0)
(3 -4.738894476e-17 0)
(3 -6.54731229e-16 0)
(3 -2.032615734e-15 0)
(3 -5.024645948e-15 0)
(3 -5.543025513e-15 0)
(3 -6.414693199e-15 0)
(3 -6.705558292e-15 0)
(3 -7.026314913e-15 0)
(3 -7.274596398e-15 0)
(3 -5.276719234e-15 0)
(3 -2.136144122e-15 0)
(3 3.125547276e-15 0)
(3 4.978979066e-15 0)
(3 8.187036856e-15 0)
(3 1.235747643e-14 0)
(3 1.455272059e-14 0)
(3 1.499955991e-14 0)
(3 1.446744223e-14 0)
(3 1.256748088e-14 0)
(3 7.355531066e-15 0)
(3 1.933694356e-15 0)
(3 -4.430777246e-15 0)
(3 -5.854952113e-15 0)
(3 -8.526948982e-15 0)
(3 -8.875684286e-15 0)
(3 -8.23305236e-15 0)
(3 -9.442231907e-15 0)
(3 4.388262291e-15 0)
(3 4.164394239e-15 0)
(3 6.077167785e-15 0)
(3 9.255731226e-15 0)
(3 1.329974361e-14 0)
(3 1.700754716e-14 0)
(3 2.017919042e-14 0)
(3 2.170799167e-14 0)
(3 1.727406605e-14 0)
(3 1.524291235e-14 0)
(3 1.265379913e-14 0)
(3 1.108940262e-14 0)
(3 8.202059448e-15 0)
(3 7.679443011e-15 0)
(3 7.831661366e-15 0)
(3 9.630749703e-15 0)
(3 9.197450758e-15 0)
(3 6.639822867e-15 0)
(3 3.283416224e-15 0)
(3 3.921204854e-15 0)
(3 4.323529427e-15 0)
(3 4.557015006e-15 0)
(3 5.885320141e-15 0)
(3 6.086476941e-15 0)
(3 6.069510292e-15 0)
(3 5.673974262e-15 0)
(3 6.711619172e-15 0)
(3 6.595524913e-15 0)
(3 6.302722498e-15 0)
(3 6.029716777e-15 0)
(3 7.393566063e-15 0)
(3 7.938192926e-15 0)
(3 5.633142666e-15 0)
(3 6.304857581e-15 0)
(3 5.64643603e-15 0)
(3 3.951342895e-15 0)
(3 1.31697038e-15 0)
(3 7.084674253e-16 0)
(3 4.690433355e-16 0)
(3 1.795771438e-15 0)
(3 2.410152837e-15 0)
(3 2.724763773e-15 0)
(3 3.153266387e-15 0)
(3 2.583197297e-15 0)
(3 -4.235603215e-16 0)
(3 -2.919592492e-15 0)
(3 -3.719152855e-15 0)
(3 -3.182401906e-15 0)
(3 -2.37640268e-15 0)
(3 -4.758538266e-16 0)
(3 2.2020601e-15 0)
(3 4.976771154e-15 0)
(3 1.042860533e-14 0)
(3 1.445840174e-14 0)
(3 1.620766367e-14 0)
(3 1.506590127e-14 0)
(3 1.303331863e-14 0)
(3 1.234893821e-14 0)
(3 7.645087384e-15 0)
(3 5.74212143e-15 0)
(3 1.087445382e-15 0)
(3 -5.334084939e-16 0)
(3 -3.971207911e-15 0)
(3 -8.4468867e-15 0)
(3 -3.677964609e-14 0)
(3 6.482416073e-15 0)
(3 1.139608477e-12 0)
(3 7.513359371e-16 0)
(3 -3.901744489e-16 0)
(3 -1.622077285e-15 0)
(3 -2.078921383e-15 0)
(3 1.833741008e-15 0)
(3 5.974264442e-15 0)
(3 1.090387193e-14 0)
(3 1.29981216e-14 0)
(3 1.728869941e-14 0)
(3 1.983839702e-14 0)
(3 1.758657566e-14 0)
(3 1.313378259e-14 0)
(3 1.190600451e-14 0)
(3 1.086934058e-14 0)
(3 9.858916136e-15 0)
(3 8.912935789e-15 0)
(3 7.54512138e-15 0)
(3 6.129508224e-15 0)
(3 5.301023895e-15 0)
(3 2.463947209e-15 0)
(3 1.13590791e-15 0)
(3 2.124637292e-15 0)
(3 3.567413336e-15 0)
(3 4.115176282e-15 0)
(3 4.42467795e-15 0)
(3 5.567632991e-15 0)
(3 3.284425613e-15 0)
(3 2.768965324e-15 0)
(3 3.90439709e-15 0)
(3 4.719530056e-15 0)
(3 6.796695701e-15 0)
(3 1.155970638e-14 0)
(3 1.188733244e-14 0)
(3 1.274898363e-14 0)
(3 1.149509537e-14 0)
(3 8.26383475e-15 0)
(3 6.688687669e-15 0)
(3 3.645890137e-15 0)
(3 1.360213833e-15 0)
(3 3.634968845e-15 0)
(3 5.225034493e-15 0)
(3 4.931603077e-15 0)
(3 3.437250723e-15 0)
(3 1.205589076e-15 0)
(3 -1.708291924e-15 0)
(3 -1.620747471e-15 0)
(3 -2.703388472e-15 0)
(3 -2.855043296e-15 0)
(3 -1.532295779e-15 0)
(3 2.156002676e-15 0)
(3 6.174219386e-15 0)
(3 8.542185296e-15 0)
(3 1.118785663e-14 0)
(3 1.416623747e-14 0)
(3 1.512286771e-14 0)
(3 1.514912063e-14 0)
(3 1.08003233e-14 0)
(3 5.662645916e-15 0)
(3 3.692638888e-15 0)
(3 2.973595908e-15 0)
(3 3.036744511e-15 0)
(3 6.518254026e-16 0)
(3 -9.105993765e-15 0)
(3 -1.216477058e-14 0)
(3 -2.659592708e-13 0)
(3 2.6932076e-11 0)
(3.000000005 1.339735218e-08 0)
(3 6.792935229e-15 0)
(3 6.060044177e-15 0)
(3 1.739548546e-15 0)
(3 -1.445191087e-16 0)
(3 -2.22137141e-15 0)
(3 -2.649320111e-15 0)
(3 2.189121045e-15 0)
(3 5.444601046e-15 0)
(3 9.151458584e-15 0)
(3 1.141907953e-14 0)
(3 1.267254235e-14 0)
(3 1.173785407e-14 0)
(3 1.087807812e-14 0)
(3 9.838169695e-15 0)
(3 8.403023468e-15 0)
(3 8.000350985e-15 0)
(3 5.35578846e-15 0)
(3 3.787430913e-15 0)
(3 3.512708767e-15 0)
(3 4.479518864e-15 0)
(3 3.369693245e-15 0)
(3 2.612718128e-15 0)
(3 2.650107995e-15 0)
(3 3.703248843e-15 0)
(3 4.447993534e-15 0)
(3 5.870409874e-15 0)
(3 6.839246193e-15 0)
(3 9.407244471e-15 0)
(3 1.02711855e-14 0)
(3 1.019334468e-14 0)
(3 9.79477441e-15 0)
(3 1.194008314e-14 0)
(3 1.515381877e-14 0)
(3 1.49478769e-14 0)
(3 1.336334374e-14 0)
(3 1.167082464e-14 0)
(3 9.454521552e-15 0)
(3 8.201883146e-15 0)
(3 8.679453978e-15 0)
(3 9.20173153e-15 0)
(3 1.022945056e-14 0)
(3 9.74920907e-15 0)
(3 9.65227428e-15 0)
(3 8.700885608e-15 0)
(3 5.784106925e-15 0)
(3 3.661964872e-15 0)
(3 1.314086129e-15 0)
(3 4.247941999e-16 0)
(3 -2.17120636e-17 0)
(3 1.561377105e-15 0)
(3 4.155649028e-15 0)
(3 5.946566714e-15 0)
(3 6.176863051e-15 0)
(3 6.433634797e-15 0)
(3 7.448050458e-15 0)
(3 8.159953414e-15 0)
(3 8.711374697e-15 0)
(3 9.127292631e-15 0)
(3 8.420452018e-15 0)
(3 7.319636117e-15 0)
(3 4.01438254e-15 0)
(3 4.4422448e-15 0)
(3 -2.098724237e-13 0)
(3 3.548326651e-12 0)
(3 3.304500424e-10 0)
(3 6.862235684e-10 0)
(3.000003687 1.927453973e-05 0)
(3 1.33904624e-14 0)
(3 1.34626908e-14 0)
(3 1.256436714e-14 0)
(3 1.229739075e-14 0)
(3 1.098912397e-14 0)
(3 1.095999614e-14 0)
(3 1.047517563e-14 0)
(3 1.097297983e-14 0)
(3 1.095094696e-14 0)
(3 8.318447421e-15 0)
(3 2.082744673e-15 0)
(3 1.661308873e-15 0)
(3 4.185400367e-15 0)
(3 4.824158367e-15 0)
(3 4.13062322e-15 0)
(3 3.710210597e-15 0)
(3 2.026484782e-15 0)
(3 4.019118707e-15 0)
(3 6.20515844e-15 0)
(3 4.588330181e-15 0)
(3 3.437952099e-15 0)
(3 4.593264649e-15 0)
(3 5.552994674e-15 0)
(3 6.758750256e-15 0)
(3 7.211130712e-15 0)
(3 7.822965868e-15 0)
(3 8.932951392e-15 0)
(3 9.10708879e-15 0)
(3 9.754197938e-15 0)
(3 1.052894011e-14 0)
(3 1.212519149e-14 0)
(3 1.273389165e-14 0)
(3 1.380147648e-14 0)
(3 1.578880721e-14 0)
(3 1.764667251e-14 0)
(3 1.739726337e-14 0)
(3 1.49142565e-14 0)
(3 1.367674891e-14 0)
(3 1.063037776e-14 0)
(3 9.611340873e-15 0)
(3 9.499474781e-15 0)
(3 9.500142132e-15 0)
(3 1.127429883e-14 0)
(3 1.485612336e-14 0)
(3 1.596637045e-14 0)
(3 1.537224699e-14 0)
(3 1.333982037e-14 0)
(3 1.101051042e-14 0)
(3 9.122585075e-15 0)
(3 5.47880737e-15 0)
(3 3.988250315e-15 0)
(3 1.913790195e-15 0)
(3 -1.922490101e-15 0)
(3 -3.593187977e-15 0)
(3 -4.698319637e-15 0)
(3 -3.618018179e-15 0)
(3 -2.400409216e-16 0)
(3 9.5255158e-16 0)
(3 1.0025411e-15 0)
(3 -4.433340156e-15 0)
(3 -1.265283182e-14 0)
(3 6.956178837e-13 0)
(3 2.21168954e-10 0)
(3.000000002 2.442382582e-09 0)
(3.000000049 7.722522859e-08 0)
(2.999999996 1.860537262e-09 0)
(3.000948755 0.001351606437 0)
(3 1.413868833e-14 0)
(3 1.081888903e-14 0)
(3 1.070675054e-14 0)
(3 1.149162818e-14 0)
(3 1.288505049e-14 0)
(3 1.217056351e-14 0)
(3 8.637126712e-15 0)
(3 4.231244957e-15 0)
(3 2.556725212e-15 0)
(3 -4.091217323e-16 0)
(3 -1.42772939e-15 0)
(3 -8.950714247e-16 0)
(3 2.297166635e-15 0)
(3 3.612195619e-15 0)
(3 5.29616474e-15 0)
(3 5.314885961e-15 0)
(3 4.090864292e-15 0)
(3 -5.928010333e-16 0)
(3 -6.247830283e-16 0)
(3 -1.225300279e-15 0)
(3 6.910149917e-16 0)
(3 1.414952665e-15 0)
(3 2.693326038e-15 0)
(3 3.971602237e-15 0)
(3 5.075194969e-15 0)
(3 5.212863741e-15 0)
(3 4.790578779e-15 0)
(3 5.229990192e-15 0)
(3 5.330534169e-15 0)
(3 6.088654308e-15 0)
(3 6.87309597e-15 0)
(3 8.316739246e-15 0)
(3 1.042690138e-14 0)
(3 1.250734584e-14 0)
(3 1.617964422e-14 0)
(3 1.686241182e-14 0)
(3 1.66721462e-14 0)
(3 1.513286793e-14 0)
(3 1.415351842e-14 0)
(3 1.174730238e-14 0)
(3 1.199295301e-14 0)
(3 1.216881854e-14 0)
(3 1.29975091e-14 0)
(3 1.517904968e-14 0)
(3 1.616235178e-14 0)
(3 1.541345042e-14 0)
(3 1.354534926e-14 0)
(3 1.320398352e-14 0)
(3 1.116120687e-14 0)
(3 8.602502608e-15 0)
(3 3.837590786e-15 0)
(3 -1.347438947e-15 0)
(3 -4.193834587e-15 0)
(3 -4.768592463e-15 0)
(3 -8.536389413e-15 0)
(3 -1.003202147e-14 0)
(3 -1.013409057e-14 0)
(3 -2.667006866e-14 0)
(3 -2.433487067e-14 0)
(3 -1.35514641e-13 0)
(3 4.512428479e-12 0)
(3 6.672937304e-10 0)
(3.000000037 5.610086339e-08 0)
(3.000000029 5.56521763e-08 0)
(3.000000549 8.517880607e-07 0)
(2.999890414 -0.0001754607234 0)
(3.024025157 0.02621277611 0)
(3 1.372604413e-14 0)
(3 1.371346857e-14 0)
(3 1.16573874e-14 0)
(3 1.060541901e-14 0)
(3 8.243705264e-15 0)
(3 3.336229652e-15 0)
(3 2.933727236e-15 0)
(3 5.466078613e-16 0)
(3 -3.49267815e-16 0)
(3 -3.616762342e-16 0)
(3 1.789623777e-16 0)
(3 2.222994244e-15 0)
(3 2.685382639e-15 0)
(3 3.192263768e-15 0)
(3 3.471980214e-15 0)
(3 2.608924128e-15 0)
(3 1.105872232e-15 0)
(3 6.456305389e-16 0)
(3 -1.295330574e-15 0)
(3 -5.378794531e-16 0)
(3 2.561762374e-15 0)
(3 4.436570894e-15 0)
(3 3.735933324e-15 0)
(3 3.00361757e-15 0)
(3 2.810064442e-15 0)
(3 3.156306487e-15 0)
(3 5.00090119e-15 0)
(3 6.572808841e-15 0)
(3 1.056157376e-14 0)
(3 1.275354316e-14 0)
(3 1.470041287e-14 0)
(3 1.562765356e-14 0)
(3 1.689801993e-14 0)
(3 1.846607638e-14 0)
(3 1.846509735e-14 0)
(3 1.751340768e-14 0)
(3 1.633612352e-14 0)
(3 1.40392519e-14 0)
(3 1.182924353e-14 0)
(3 1.052689793e-14 0)
(3 1.037260977e-14 0)
(3 1.032316203e-14 0)
(3 1.039670458e-14 0)
(3 9.69524601e-15 0)
(3 1.041910944e-14 0)
(3 9.795807492e-15 0)
(3 8.417099753e-15 0)
(3 6.506533325e-15 0)
(3 4.584176932e-15 0)
(3 4.24616025e-15 0)
(3 -9.361925541e-16 0)
(3 -4.973620884e-15 0)
(3 -1.000443711e-14 0)
(3 -1.25329812e-14 0)
(3 -1.166655199e-14 0)
(3 -1.639232963e-14 0)
(3 -1.506580623e-14 0)
(3 -4.458751243e-13 0)
(3 6.471701864e-12 0)
(3 1.532717948e-10 0)
(3.000000012 1.498393754e-08 0)
(3.000000012 1.676473463e-08 0)
(3.000000637 1.029548273e-06 0)
(2.999986608 -2.75603954e-05 0)
(2.999043655 -0.001156278605 0)
(2.972266355 -0.03737999732 0)
(2.902163856 -0.1426064863 0)
(3 -3.177118517e-15 0)
(3 -3.608365543e-15 0)
(3 -1.867947984e-15 0)
(3 -2.461868697e-15 0)
(3 9.104674958e-16 0)
(3 2.182061314e-15 0)
(3 2.340025668e-15 0)
(3 2.733894901e-15 0)
(3 2.961387706e-15 0)
(3 2.738787399e-15 0)
(3 2.764706364e-15 0)
(3 3.279464554e-15 0)
(3 3.408125493e-15 0)
(3 3.55924217e-15 0)
(3 3.966651367e-15 0)
(3 5.559749581e-15 0)
(3 6.382297301e-15 0)
(3 6.889899852e-15 0)
(3 6.745047508e-15 0)
(3 8.210600974e-15 0)
(3 1.2613189e-14 0)
(3 1.682452438e-14 0)
(3 1.945351172e-14 0)
(3 2.235880174e-14 0)
(3 2.317109067e-14 0)
(3 2.446963341e-14 0)
(3 2.361382458e-14 0)
(3 2.084118494e-14 0)
(3 1.842334153e-14 0)
(3 1.869228378e-14 0)
(3 1.794926231e-14 0)
(3 1.664447057e-14 0)
(3 1.424499464e-14 0)
(3 1.379798527e-14 0)
(3 1.227358432e-14 0)
(3 9.122502131e-15 0)
(3 6.972410897e-15 0)
(3 8.188413313e-15 0)
(3 8.425736771e-15 0)
(3 8.008071107e-15 0)
(3 7.812400418e-15 0)
(3 6.261831572e-15 0)
(3 3.814427561e-15 0)
(3 -1.404757185e-15 0)
(3 -6.767404629e-15 0)
(3 -8.787997347e-15 0)
(3 -1.083059353e-14 0)
(3 -1.79641454e-14 0)
(3 -2.213045463e-14 0)
(3 1.77755143e-13 0)
(3 -2.258576805e-12 0)
(3 4.064930284e-10 0)
(3.000000001 1.430178565e-09 0)
(3.000000027 8.509904024e-08 0)
(3.000000228 1.21199035e-07 0)
(2.999998204 -1.96334259e-06 0)
(2.999298376 -0.0009842967056 0)
(2.983462187 -0.01964579149 0)
(2.871087271 -0.16183176 0)
(2.598737709 -0.4736501466 0)
(2.33564846 -0.8045023797 0)
(3 -1.5095576e-16 0)
(3 8.109418603e-16 0)
(3 1.353395797e-15 0)
(3 7.738842938e-16 0)
(3 1.03113537e-15 0)
(3 1.16624237e-15 0)
(3 1.106156809e-15 0)
(3 1.41253821e-15 0)
(3 2.094105299e-15 0)
(3 4.140643894e-15 0)
(3 4.429446984e-15 0)
(3 4.894313161e-15 0)
(3 5.859671986e-15 0)
(3 7.305442156e-15 0)
(3 8.535779624e-15 0)
(3 1.073923493e-14 0)
(3 1.350862252e-14 0)
(3 1.751222791e-14 0)
(3 2.165377129e-14 0)
(3 2.390942584e-14 0)
(3 2.344856361e-14 0)
(3 2.271012626e-14 0)
(3 1.998731737e-14 0)
(3 1.922702143e-14 0)
(3 1.76435514e-14 0)
(3 1.49086884e-14 0)
(3 1.250481247e-14 0)
(3 1.080604866e-14 0)
(3 7.625269224e-15 0)
(3 6.234847999e-15 0)
(3 3.862198506e-15 0)
(3 2.24683861e-15 0)
(3 1.406098725e-15 0)
(3 -4.939727986e-16 0)
(3 -3.407374814e-15 0)
(3 -4.779302872e-15 0)
(3 -5.439276239e-15 0)
(3 -4.79040905e-15 0)
(3 -5.465002629e-15 0)
(3 -5.547459286e-15 0)
(3 -1.378963804e-14 0)
(3 -1.553233739e-14 0)
(3 -1.684962641e-13 0)
(3 1.548537291e-12 0)
(3 1.895390158e-10 0)
(3.000000002 3.67299499e-09 0)
(3.00000007 1.408826504e-07 0)
(3.000000013 2.684815263e-08 0)
(3.000000333 1.331432903e-06 0)
(2.99954691 -0.0005905014417 0)
(2.988768762 -0.01424706107 0)
(2.906752766 -0.1238057312 0)
(2.601692518 -0.4592894106 0)
(2.414124239 -0.6976617025 0)
(2.247168392 -0.8450856739 0)
(2.125738685 -0.9758020138 0)
(3 -7.050182875e-16 0)
(3 1.597404769e-16 0)
(3 1.561842069e-15 0)
(3 2.592946993e-15 0)
(3 3.098032514e-15 0)
(3 2.886325195e-15 0)
(3 2.88238178e-15 0)
(3 4.210817462e-15 0)
(3 3.939376146e-15 0)
(3 5.419007024e-15 0)
(3 7.083179771e-15 0)
(3 1.169027615e-14 0)
(3 1.573501976e-14 0)
(3 1.568698771e-14 0)
(3 1.448449451e-14 0)
(3 1.012999841e-14 0)
(3 9.92019912e-15 0)
(3 1.13190824e-14 0)
(3 1.1860483e-14 0)
(3 1.114289551e-14 0)
(3 8.729254737e-15 0)
(3 4.598190551e-15 0)
(3 3.721181897e-15 0)
(3 4.182122811e-15 0)
(3 7.72397009e-15 0)
(3 8.780784317e-15 0)
(3 8.829679619e-15 0)
(3 6.403030094e-15 0)
(3 3.885715631e-15 0)
(3 -1.1594281e-16 0)
(3 -1.879885153e-15 0)
(3 -2.788969422e-15 0)
(3 -2.829124097e-15 0)
(3 -1.78338898e-15 0)
(3 6.975051602e-15 0)
(3 -1.894658589e-13 0)
(3 1.351387481e-12 0)
(3 1.376314305e-10 0)
(3.000000003 4.214269983e-09 0)
(3.000000095 1.561062016e-07 0)
(3.000000037 9.241354196e-08 0)
(3.000001163 2.778799717e-06 0)
(2.999670679 -0.000427092146 0)
(2.992461973 -0.01008211499 0)
(2.915500814 -0.105891899 0)
(2.647869529 -0.4044117665 0)
(2.491786659 -0.6372474791 0)
(2.207616899 -0.8743122391 0)
(2.100164841 -0.9935437989 0)
(2.08472067 -0.9704986678 0)
(2.098260999 -0.9602732612 0)
(3 4.543228096e-15 0)
(3 5.72398994e-15 0)
(3 5.460524888e-15 0)
(3 9.11682954e-15 0)
(3 1.284335412e-14 0)
(3 1.391742606e-14 0)
(3 1.465218873e-14 0)
(3 1.526507914e-14 0)
(3 1.153152552e-14 0)
(3 8.587760118e-15 0)
(3 5.573471073e-15 0)
(3 4.238414201e-15 0)
(3 3.036615636e-15 0)
(3 2.904281655e-15 0)
(3 2.689625387e-15 0)
(3 3.089676473e-15 0)
(3 2.896670955e-15 0)
(3 3.207790752e-15 0)
(3 3.663130092e-15 0)
(3 2.109089431e-15 0)
(3 1.932205542e-15 0)
(3 1.01032414e-15 0)
(3 -3.673016575e-16 0)
(3 -1.936521582e-15 0)
(3 -1.289772895e-15 0)
(3 -1.10439969e-15 0)
(3 2.909015637e-15 0)
(3 -1.129766284e-14 0)
(3 -6.668475804e-15 0)
(3 5.619135185e-13 0)
(3 1.021926106e-10 0)
(3.000000003 4.058171298e-09 0)
(3.000000098 1.554426306e-07 0)
(3.000000061 1.213807509e-07 0)
(3.000001491 3.20345096e-06 0)
(2.999747987 -0.0003379352312 0)
(2.994765888 -0.007357015909 0)
(2.91843329 -0.09604944227 0)
(2.695362943 -0.3533592118 0)
(2.503904547 -0.6096742652 0)
(2.186792198 -0.8968815097 0)
(2.100957959 -0.9870031329 0)
(2.100897209 -0.9655505785 0)
(2.111101178 -0.9473381915 0)
(2.110011296 -0.9479609692 0)
(2.113502199 -0.9459189448 0)
(3 6.182348893e-15 0)
(3 6.38368654e-15 0)
(3 6.908076111e-15 0)
(3 7.822560532e-15 0)
(3 7.888575686e-15 0)
(3 6.613113937e-15 0)
(3 2.945614539e-15 0)
(3 1.280331342e-15 0)
(3 1.4174027e-15 0)
(3 3.350569456e-16 0)
(3 1.889608527e-15 0)
(3 3.647262544e-15 0)
(3 4.218738058e-15 0)
(3 4.445609959e-15 0)
(3 4.089834027e-15 0)
(3 3.602831878e-15 0)
(3 4.059193874e-15 0)
(3 3.064528385e-15 0)
(3 2.651684625e-15 0)
(3 4.964060422e-15 0)
(3 -1.670859654e-14 0)
(3 -1.024275972e-14 0)
(3 9.247145423e-14 0)
(3 7.261409432e-11 0)
(3.000000003 3.761631201e-09 0)
(3.000000099 1.524012118e-07 0)
(3.000000072 1.335299237e-07 0)
(3.000001789 3.541280946e-06 0)
(2.999803995 -0.000279460229 0)
(2.995914245 -0.0058556062 0)
(2.919284147 -0.09200212822 0)
(2.73813463 -0.3074632152 0)
(2.491307655 -0.6067435401 0)
(2.175435643 -0.9216420898 0)
(2.120720168 -0.9627078801 0)
(2.128474424 -0.9427178446 0)
(2.121519664 -0.9427046216 0)
(2.116249091 -0.9468025894 0)
(2.114193125 -0.9463006202 0)
(2.112907435 -0.9439860536 0)
(2.111441769 -0.9449266584 0)
(3 -1.20354465e-15 0)
(3 -8.956156863e-16 0)
(3 -1.126040273e-15 0)
(3 -2.721853915e-15 0)
(3 -3.103544348e-15 0)
(3 -2.494689477e-15 0)
(3 -2.052669098e-16 0)
(3 2.397980176e-15 0)
(3 3.888463732e-15 0)
(3 3.083937575e-15 0)
(3 2.245334261e-15 0)
(3 3.03736598e-15 0)
(3 3.001373171e-15 0)
(3 -1.441231007e-14 0)
(3 -3.623875349e-15 0)
(3 -1.200251084e-13 0)
(3 4.977797791e-11 0)
(3.000000003 3.519784169e-09 0)
(3.0000001 1.491862853e-07 0)
(3.000000079 1.397110792e-07 0)
(3.000002113 3.904687537e-06 0)
(2.999849345 -0.0002264461029 0)
(2.996041335 -0.00540473511 0)
(2.920603696 -0.09060864054 0)
(2.77142021 -0.2745796267 0)
(2.455242197 -0.6310237483 0)
(2.187600995 -0.9180951684 0)
(2.157802151 -0.9285602575 0)
(2.142468222 -0.934325413 0)
(2.124054396 -0.9426193342 0)
(2.115268906 -0.9486427057 0)
(2.112407343 -0.9472259976 0)
(2.110549833 -0.9471537849 0)
(2.10736449 -0.949196464 0)
(2.105040525 -0.9524724316 0)
(2.103457159 -0.9558188883 0)
(3 -1.773326701e-15 0)
(3 5.01943312e-16 0)
(3 6.175624472e-15 0)
(3 1.207005964e-14 0)
(3 1.181829547e-14 0)
(3 9.879269354e-15 0)
(3 -1.453960465e-16 0)
(3 -9.556887924e-15 0)
(3 -2.303810485e-13 0)
(3 2.176221543e-13 0)
(3 2.36952101e-11 0)
(3.000000003 3.330411213e-09 0)
(3.000000103 1.49419737e-07 0)
(3.000000087 1.480150999e-07 0)
(3.000002417 4.179709855e-06 0)
(2.999879965 -0.0001831164854 0)
(2.995192923 -0.006040537451 0)
(2.923570594 -0.08757134727 0)
(2.785578759 -0.2657769982 0)
(2.415490846 -0.6700058798 0)
(2.218139859 -0.8855436788 0)
(2.189743664 -0.9055748429 0)
(2.142764267 -0.9313058638 0)
(2.119771576 -0.9476413998 0)
(2.112153043 -0.9511549783 0)
(2.109221705 -0.9509850407 0)
(2.105294377 -0.9524723261 0)
(2.102163082 -0.9546619351 0)
(2.101846032 -0.9566991832 0)
(2.102028979 -0.9570701371 0)
(2.102909984 -0.956715452 0)
(2.103994706 -0.9556294934 0)
(3 3.24703761e-14 0)
(3 -9.050935911e-13 0)
(3 1.554609111e-12 0)
(3 -1.920161876e-11 0)
(3.000000002 2.98055353e-09 0)
(3.000000113 1.615678883e-07 0)
(3.000000094 1.620987647e-07 0)
(3.000002652 4.189950598e-06 0)
(2.999887677 -0.0001665772969 0)
(2.993505282 -0.007685081838 0)
(2.927692699 -0.08209488332 0)
(2.772777266 -0.2859776341 0)
(2.389049302 -0.7008060568 0)
(2.260796007 -0.8412625825 0)
(2.201067872 -0.8975381719 0)
(2.136844161 -0.935954492 0)
(2.111679278 -0.9541815513 0)
(2.10725987 -0.9544955652 0)
(2.103302366 -0.9568614998 0)
(2.099225131 -0.956892892 0)
(2.100131675 -0.9578584919 0)
(2.101077733 -0.9579241803 0)
(2.102684616 -0.9570176562 0)
(2.104112676 -0.9552762113 0)
(2.105524234 -0.9528949763 0)
(2.106949807 -0.9508422127 0)
(2.108180113 -0.948957547 0)
(3.00000009 1.689383636e-07 0)
(3.000002821 3.984232367e-06 0)
(2.999857175 -0.0001949376981 0)
(2.991320928 -0.01008175632 0)
(2.931452936 -0.07872574027 0)
(2.728743047 -0.3325187617 0)
(2.388967429 -0.7021602889 0)
(2.306723569 -0.8076968657 0)
(2.194235541 -0.8971763193 0)
(2.121527326 -0.9515988497 0)
(2.103865693 -0.9588889769 0)
(2.100993473 -0.9608147523 0)
(2.09681277 -0.9601636946 0)
(2.09766806 -0.959134427 0)
(2.100249909 -0.9583001857 0)
(2.102618215 -0.9569584072 0)
(2.104581239 -0.9544135922 0)
(2.10654166 -0.9514908254 0)
(2.10817484 -0.9490854059 0)
(2.108894026 -0.9479758377 0)
(2.108940524 -0.9477293918 0)
(2.108685767 -0.9479835538 0)
(2.10821196 -0.9484539635 0)
(2.328321614 -0.8002748001 0)
(2.168202052 -0.9122919802 0)
(2.101194794 -0.9717649855 0)
(2.095065383 -0.9663049938 0)
(2.093569429 -0.9645925062 0)
(2.094844275 -0.9605833464 0)
(2.099772455 -0.958156232 0)
(2.102915394 -0.9561683245 0)
(2.105596738 -0.9529077636 0)
(2.108012477 -0.9495195279 0)
(2.109377761 -0.9474064726 0)
(2.109475021 -0.9468338583 0)
(2.109271112 -0.9470646563 0)
(2.108719015 -0.9477316214 0)
(2.108116737 -0.9486200131 0)
(2.107347827 -0.949794017 0)
(2.106441837 -0.9510801721 0)
(2.105473926 -0.9524034735 0)
(2.103981036 -0.9543288161 0)
(2.107714942 -0.9507478668 0)
(2.110185157 -0.9474347838 0)
(2.110568437 -0.9456963994 0)
(2.110114557 -0.9456311891 0)
(2.10921784 -0.9465632742 0)
(2.108460007 -0.9477043824 0)
(2.107700529 -0.9490197025 0)
(2.106684026 -0.9506530401 0)
(2.10569794 -0.9521295961 0)
(2.105034612 -0.9531344201 0)
(2.104846649 -0.9534340805 0)
(2.104889379 -0.9534120625 0)
(2.105028882 -0.953174311 0)
(2.106939155 -0.9499987932 0)
(2.105522812 -0.9519260979 0)
(2.104578301 -0.9533467109 0)
(2.104306309 -0.9539363506 0)
(2.104400534 -0.9540118954 0)
(2.104738338 -0.9537365804 0)
(2.105229745 -0.9532828222 0)
(2.105660951 -0.9526385911 0)
(2.106116371 -0.9519234969 0)
(2.106711007 -0.9509913614 0)
(2.105048572 -0.9532198436 0)
(2.105733406 -0.9523496425 0)
(2.106510033 -0.9513888597 0)
(2.107157835 -0.9506204177 0)
(2.10746489 -0.9501634468 0)
(2.107491952 -0.9500511004 0)
(2.107427996 -0.9499611855 0)
(2.107303848 -0.9502287978 0)
(2.107064013 -0.9506171578 0)
(2.106633574 -0.9511084299 0)
)
;

boundaryField
{
    inlet
    {
        type            fixedValue;
        value           nonuniform 0();
    }
    outlet
    {
        type            inletOutlet;
        inletValue      nonuniform 0();
        value           nonuniform 0();
    }
    bottom
    {
        type            slip;
    }
    top
    {
        type            slip;
    }
    obstacle
    {
        type            slip;
    }
    defaultFaces
    {
        type            empty;
    }
    procBoundary8to1
    {
        type            processor;
        value           nonuniform List<vector> 6((3 3.093339698e-15 0) (3 -1.148021595e-15 0) (3 -4.096752282e-15 0) (3 -2.609467153e-15 0) (3 -6.913703497e-15 0) (3 -6.799593e-15 0));
    }
    procBoundary8to2
    {
        type            processor;
        value           nonuniform List<vector> 
74
(
(3 -4.915857471e-16 0)
(3 -1.032829863e-15 0)
(3 -3.838821898e-15 0)
(3 -7.608285996e-15 0)
(3 -1.04585646e-14 0)
(3 -1.225447814e-14 0)
(3 -1.209328223e-14 0)
(3 -9.956158165e-15 0)
(3 -8.285664956e-15 0)
(3 -8.285664956e-15 0)
(3 -8.257692053e-15 0)
(3 -7.874292449e-15 0)
(3 -7.337590235e-15 0)
(3 -4.70974294e-15 0)
(3 -2.969121084e-15 0)
(3 -1.834379943e-15 0)
(3 -2.326870692e-15 0)
(3 -2.39391793e-15 0)
(3 -3.499881509e-15 0)
(3 -4.948322227e-15 0)
(3 -1.106032928e-15 0)
(3 -1.106032928e-15 0)
(3 -1.363928602e-15 0)
(3 -1.251355919e-15 0)
(3 -4.672416347e-16 0)
(3 2.281958349e-15 0)
(3 2.684727387e-15 0)
(3 2.355740371e-15 0)
(3 5.811771011e-16 0)
(3 -1.810465164e-15 0)
(3 -1.566012163e-18 0)
(3 -1.566012163e-18 0)
(3 -2.621846282e-15 0)
(3 -2.967021633e-15 0)
(3 -1.592581277e-15 0)
(3 -5.292337815e-16 0)
(3 7.547612474e-16 0)
(3 3.356348417e-15 0)
(3 5.667453286e-15 0)
(3 5.511547263e-15 0)
(3 5.672646001e-15 0)
(3 6.204838253e-15 0)
(3 6.204838253e-15 0)
(3 5.995563897e-15 0)
(3 6.644633694e-15 0)
(3 6.131152604e-15 0)
(3 5.500780991e-15 0)
(3 4.905965189e-15 0)
(3 -1.252619935e-15 0)
(3 -1.931336545e-15 0)
(3 -7.490537741e-15 0)
(3 -7.490537741e-15 0)
(3 -6.260540201e-15 0)
(3 -7.184110267e-15 0)
(3 -6.695351458e-15 0)
(3 -6.811800363e-15 0)
(3 -7.223275736e-15 0)
(3 -7.991907662e-15 0)
(3 -6.659528114e-15 0)
(3 -7.323111988e-15 0)
(3 -9.656111872e-15 0)
(3 -9.656111872e-15 0)
(3 -7.031049365e-15 0)
(3 -5.168978774e-15 0)
(3 -5.656687849e-15 0)
(3 -6.40701661e-15 0)
(3 -5.693107503e-15 0)
(3 -3.974198832e-15 0)
(3 -1.170104694e-15 0)
(3 -1.170104694e-15 0)
(3 -4.307063902e-15 0)
(3 -7.78045924e-15 0)
(3 -9.285384513e-15 0)
(3 -1.009698896e-14 0)
)
;
    }
    procBoundary8to3
    {
        type            processor;
        value           nonuniform List<vector> 
25
(
(3 -1.470034968e-14 0)
(3 -1.44622768e-14 0)
(3 -1.10226424e-14 0)
(3 -1.064648395e-14 0)
(3 -2.677585383e-15 0)
(3 8.8445701e-15 0)
(3 1.501663578e-14 0)
(3 1.455294303e-14 0)
(3 1.927549415e-14 0)
(3 3.338226529e-14 0)
(3 6.542889231e-14 0)
(3 1.057189962e-13 0)
(3 2.109082101e-13 0)
(3 -4.778526717e-11 0)
(2.999999997 -5.583299622e-09 0)
(2.99999985 -4.869595007e-07 0)
(3.000023587 -3.747724092e-05 0)
(3.004030148 -0.001455915881 0)
(3.063028602 -0.02214626526 0)
(3.040206871 -0.1789718369 0)
(2.583234567 -0.5180309585 0)
(2.121655442 -0.7042501168 0)
(2.130210887 -0.7411659577 0)
(2.123176261 -0.8746510224 0)
(2.098671759 -0.9528676641 0)
)
;
    }
    procBoundary8to7
    {
        type            processor;
        value           nonuniform List<vector> 
24
(
(3 -4.15939206e-15 0)
(3 -4.028725258e-15 0)
(3 -3.255201267e-15 0)
(3 -3.093539713e-15 0)
(3 -9.831807951e-16 0)
(3 3.816770369e-15 0)
(3 4.61911366e-15 0)
(3 5.432970208e-15 0)
(3 -1.500968223e-15 0)
(3 -2.418568904e-15 0)
(3 1.320611328e-15 0)
(3 1.028962946e-15 0)
(3 7.534810886e-16 0)
(3 3.932995473e-15 0)
(3 5.067823237e-15 0)
(3 7.519278532e-15 0)
(3 8.436125696e-15 0)
(3 8.150057516e-15 0)
(3 5.023596274e-15 0)
(3 -1.346250861e-15 0)
(3 6.415870886e-15 0)
(3 1.58341111e-14 0)
(3 1.774005861e-14 0)
(3 1.171709089e-14 0)
)
;
    }
    procBoundary8to9
    {
        type            processor;
        value           nonuniform List<vector> 
12
(
(2.108602047 -0.9495059636 0)
(2.109407386 -0.950227901 0)
(2.105837015 -0.953279167 0)
(2.104954665 -0.953412749 0)
(2.106728521 -0.950488865 0)
(2.107253733 -0.9501360379 0)
(2.106069749 -0.9518067834 0)
(2.105564574 -0.9522613337 0)
(2.106257513 -0.9512718483 0)
(2.10666507 -0.9508261383 0)
(2.10634468 -0.9513189722 0)
(2.106106962 -0.9517194743 0)
)
;
    }
    procBoundary8to14
    {
        type            processor;
        value           nonuniform List<vector> 
81
(
(3 5.753595603e-15 0)
(3 5.857841122e-15 0)
(3 6.615448185e-15 0)
(3 6.0479746e-15 0)
(3 4.300318482e-15 0)
(3 1.411762982e-15 0)
(3 1.411762982e-15 0)
(3 -1.074928762e-14 0)
(3 -9.398530885e-15 0)
(3 -3.367645367e-15 0)
(3 2.020027595e-16 0)
(3 -1.161906331e-16 0)
(3 -1.161906331e-16 0)
(3 -1.321567187e-16 0)
(3 6.956325854e-16 0)
(3 -1.136909326e-15 0)
(3 -2.581010065e-15 0)
(3 -1.705224742e-15 0)
(3 -1.705224742e-15 0)
(3 -1.127999621e-15 0)
(3 3.739156767e-15 0)
(3 5.529968736e-15 0)
(3 5.222995473e-15 0)
(3 4.968573921e-15 0)
(3 4.968573921e-15 0)
(3 4.015492687e-16 0)
(3 -4.862326424e-16 0)
(3 -1.40435066e-15 0)
(3 -1.008813109e-15 0)
(3 4.194042989e-15 0)
(3 4.194042989e-15 0)
(3 -2.147978587e-15 0)
(3 -1.128796762e-15 0)
(3 -2.500442086e-15 0)
(3 -3.934870699e-15 0)
(3 -3.528671313e-15 0)
(3 -3.528671313e-15 0)
(3 -1.784818301e-15 0)
(3 1.587729685e-17 0)
(3 -1.35683158e-16 0)
(3 -1.068960438e-15 0)
(3 -1.068960438e-15 0)
(3 7.432371086e-15 0)
(3 1.077372501e-14 0)
(3 1.184542512e-14 0)
(3 1.568383165e-14 0)
(3 6.272605955e-15 0)
(3 6.272605955e-15 0)
(3 2.400783748e-11 0)
(3 -5.222120266e-11 0)
(3.000000001 1.824729513e-09 0)
(3.000000129 1.877148144e-07 0)
(3.000000129 1.877148144e-07 0)
(2.999750867 -0.0003013516254 0)
(2.988622301 -0.01349074837 0)
(2.93087479 -0.08646211413 0)
(2.667764097 -0.3856856675 0)
(2.416255053 -0.6723078466 0)
(2.416255053 -0.6723078466 0)
(2.089523781 -0.9797435838 0)
(2.08849999 -0.9695661789 0)
(2.092473012 -0.9613819231 0)
(2.099274356 -0.9569945677 0)
(2.099274356 -0.9569945677 0)
(2.112120995 -0.944613233 0)
(2.110833656 -0.944750571 0)
(2.109462264 -0.9462430175 0)
(2.108314356 -0.9479754733 0)
(2.108314356 -0.9479754733 0)
(2.103768054 -0.9546976201 0)
(2.103967479 -0.9544653889 0)
(2.104480293 -0.9539049359 0)
(2.104480293 -0.9539049359 0)
(2.107316291 -0.950055373 0)
(2.107540393 -0.9498032632 0)
(2.107592286 -0.9497927285 0)
(2.10749386 -0.9499795716 0)
(2.10749386 -0.9499795716 0)
(2.106257681 -0.9517860456 0)
(2.106128832 -0.9519909086 0)
(2.106047103 -0.9520261282 0)
)
;
    }
}


// ************************************************************************* //
