/*--------------------------------*- C++ -*----------------------------------*\
  =========                 |
  \\      /  F ield         | OpenFOAM: The Open Source CFD Toolbox
   \\    /   O peration     | Website:  https://openfoam.org
    \\  /    A nd           | Version:  7
     \\/     M anipulation  |
\*---------------------------------------------------------------------------*/
FoamFile
{
    version     2.0;
    format      ascii;
    class       volVectorField;
    location    "3.1";
    object      U;
}
// * * * * * * * * * * * * * * * * * * * * * * * * * * * * * * * * * * * * * //

dimensions      [0 1 -1 0 0 0 0];

internalField   nonuniform List<vector> 
2222
(
(2.438982468 0.5895585465 0)
(2.445664994 0.5826624913 0)
(2.45410125 0.5754893848 0)
(2.463803347 0.5702886872 0)
(2.474202652 0.5642253286 0)
(2.484232875 0.5557177863 0)
(2.494171404 0.5460337187 0)
(2.506201473 0.5356192976 0)
(2.513940203 0.5236153448 0)
(2.519519952 0.5142805756 0)
(2.5240035 0.5076752349 0)
(2.529458807 0.5024420721 0)
(2.535015064 0.4938521368 0)
(2.53736818 0.4852827139 0)
(2.540778365 0.4813294367 0)
(2.545740847 0.4785512802 0)
(2.550819485 0.4736013421 0)
(2.711666781 0.01860888665 0)
(2.712339158 0.01412972559 0)
(2.705516351 0.01900910004 0)
(2.699063207 0.02374476802 0)
(2.48683205 0.3100433779 0)
(2.117941981 0.6547661262 0)
(2.142649234 0.6729438972 0)
(2.187022464 0.6821719556 0)
(2.22121375 0.6807685259 0)
(2.243961881 0.6673642323 0)
(2.25597539 0.654523215 0)
(2.268448806 0.6437226924 0)
(2.286507209 0.6367829078 0)
(2.312024531 0.6414007946 0)
(2.339096281 0.6465712639 0)
(2.365529679 0.6462811518 0)
(2.388640036 0.6393482318 0)
(2.405257723 0.6261010008 0)
(2.413942414 0.6205852316 0)
(2.418055387 0.6132387529 0)
(2.425153245 0.6011297737 0)
(2.430228005 0.593094473 0)
(2.434793032 0.587124479 0)
(2.441892993 0.5790624361 0)
(2.450937835 0.5741323814 0)
(2.460366562 0.5698756858 0)
(2.471377404 0.5639888517 0)
(2.481665159 0.5547735852 0)
(2.491749314 0.5442999653 0)
(2.504005525 0.5342178701 0)
(2.511603483 0.5226291235 0)
(2.517085691 0.5136364378 0)
(2.52216524 0.5068098805 0)
(2.52813995 0.5014892421 0)
(2.534096702 0.4935167279 0)
(2.536838045 0.4853623548 0)
(2.539936434 0.4821370329 0)
(2.545444237 0.4791808827 0)
(2.550582033 0.4739899632 0)
(2.714360435 0.01546749247 0)
(2.705949237 0.01798390019 0)
(2.699425004 0.02276015919 0)
(2.547701011 0.2486656623 0)
(2.108699231 0.6444610081 0)
(2.121358943 0.6637369891 0)
(2.174281286 0.6740598372 0)
(2.210760383 0.6674639161 0)
(2.237256746 0.6605264031 0)
(2.254037642 0.6527428019 0)
(2.267653868 0.6467435056 0)
(2.284394046 0.6410055127 0)
(2.308079936 0.6419273851 0)
(2.334553427 0.642556285 0)
(2.360523457 0.6381344447 0)
(2.382823229 0.6317271285 0)
(2.401355862 0.6221531677 0)
(2.411903673 0.6206184074 0)
(2.416691721 0.6134000515 0)
(2.423408066 0.6009423774 0)
(2.428436417 0.5913170323 0)
(2.431517237 0.5837588804 0)
(2.438316607 0.5783434669 0)
(2.446657184 0.573855571 0)
(2.45724171 0.5691919442 0)
(2.468806594 0.5631523306 0)
(2.478820752 0.5533757936 0)
(2.488962299 0.5421385208 0)
(2.501251901 0.5329678277 0)
(2.508815103 0.5221508963 0)
(2.514122296 0.5134378151 0)
(2.520261162 0.5063775623 0)
(2.526130736 0.5012174603 0)
(2.532466211 0.4936272535 0)
(2.53610916 0.4862516788 0)
(2.53924743 0.4832688122 0)
(2.545009165 0.4794612522 0)
(2.550266324 0.4738376409 0)
(2.717782961 0.01690787211 0)
(2.70800713 0.01971861642 0)
(2.702244602 0.02247464553 0)
(2.625647954 0.1726701088 0)
(2.157951754 0.573511389 0)
(2.101698125 0.6500934432 0)
(2.159887482 0.6742904998 0)
(2.198798963 0.6638714287 0)
(2.228559643 0.6549887278 0)
(2.251426685 0.6507628544 0)
(2.267335332 0.648093099 0)
(2.28231241 0.6441421319 0)
(2.304156697 0.6421904358 0)
(2.328892072 0.6371999949 0)
(2.353857748 0.6326603877 0)
(2.376603546 0.6286008223 0)
(2.396152146 0.6224999654 0)
(2.408406135 0.6213464958 0)
(2.414787307 0.6137956748 0)
(2.421658189 0.6013128235 0)
(2.426490411 0.5891267169 0)
(2.428739506 0.5824803153 0)
(2.434792154 0.5788932041 0)
(2.443803547 0.5741336187 0)
(2.455380758 0.5688803527 0)
(2.466520343 0.5619730927 0)
(2.475980175 0.551048783 0)
(2.48595882 0.5392895075 0)
(2.49790154 0.531806666 0)
(2.505260291 0.5223558174 0)
(2.51063528 0.5140910989 0)
(2.517804131 0.5068061196 0)
(2.523842361 0.5015003637 0)
(2.530849086 0.4944605714 0)
(2.535048299 0.4882818963 0)
(2.538451671 0.4843576491 0)
(2.54430461 0.4794827671 0)
(2.549873314 0.4734462696 0)
(2.722687308 0.01762531952 0)
(2.71176869 0.01931109089 0)
(2.705312036 0.0230028547 0)
(2.669738834 0.1266245488 0)
(2.188575713 0.5344571298 0)
(2.076834501 0.6498007332 0)
(2.145275956 0.6835594115 0)
(2.186441444 0.6686033715 0)
(2.219222502 0.6540948348 0)
(2.247456358 0.653127914 0)
(2.266368504 0.6472524607 0)
(2.280113761 0.6447768913 0)
(2.299675398 0.6386517377 0)
(2.323842779 0.6330306972 0)
(2.348324437 0.6312130436 0)
(2.371431127 0.6281681257 0)
(2.389618602 0.6232152882 0)
(2.403411006 0.6223001045 0)
(2.412260373 0.6148443105 0)
(2.419689462 0.6016336675 0)
(2.424575228 0.5884978991 0)
(2.426085888 0.5826549872 0)
(2.432721633 0.5800039679 0)
(2.44249795 0.5745925527 0)
(2.454218045 0.5679489176 0)
(2.464533699 0.5601396753 0)
(2.472799772 0.5473438593 0)
(2.483043174 0.5370994116 0)
(2.494132464 0.5317369065 0)
(2.501581856 0.5236547261 0)
(2.507113996 0.5155985481 0)
(2.515325229 0.5078428812 0)
(2.521778773 0.5025188428 0)
(2.5294972 0.4969871484 0)
(2.53374077 0.4906382253 0)
(2.537555812 0.4845115226 0)
(2.543458617 0.4790030428 0)
(2.549574409 0.4734305687 0)
(2.732248734 0.02125734634 0)
(2.719496968 0.0233531809 0)
(2.711408548 0.02524872006 0)
(2.695737457 0.09004016148 0)
(2.231012701 0.4803938425 0)
(2.065215041 0.6214049305 0)
(2.128151633 0.6854086326 0)
(2.172914334 0.6728523603 0)
(2.210085548 0.6557899595 0)
(2.244690098 0.6552243591 0)
(2.266199724 0.6459888634 0)
(2.279247116 0.6428480702 0)
(2.296715923 0.6341101599 0)
(2.31931015 0.6324651632 0)
(2.341416571 0.6317308623 0)
(2.363519156 0.6293128267 0)
(2.381334417 0.6244523399 0)
(2.396790008 0.6223491181 0)
(2.409117894 0.6150336384 0)
(2.417681194 0.6020303365 0)
(2.423219645 0.5883617058 0)
(2.424738427 0.5836974701 0)
(2.432020838 0.581182475 0)
(2.441787565 0.5744437525 0)
(2.453250271 0.5664617764 0)
(2.462105228 0.5569633564 0)
(2.470078779 0.5435678837 0)
(2.479379349 0.5363325791 0)
(2.490148663 0.5323272709 0)
(2.498093113 0.5257919468 0)
(2.503760981 0.5185807315 0)
(2.512469213 0.5113716293 0)
(2.520005583 0.5062925795 0)
(2.528205223 0.501004792 0)
(2.532600605 0.4914676433 0)
(2.536121146 0.4840313492 0)
(2.542551823 0.478632565 0)
(2.549365323 0.4736703728 0)
(2.754146456 0.02471865377 0)
(2.733351693 0.02743030015 0)
(2.721938241 0.02892421514 0)
(2.71284551 0.06955610856 0)
(2.271645567 0.4530572828 0)
(2.044719942 0.6086449134 0)
(2.108142804 0.6862537962 0)
(2.156482875 0.6740772125 0)
(2.199393861 0.6594918006 0)
(2.238765355 0.6590206578 0)
(2.265297451 0.6471572087 0)
(2.278617048 0.6386146915 0)
(2.294868477 0.6326501098 0)
(2.314171742 0.6330279028 0)
(2.335026129 0.6332718622 0)
(2.35476314 0.6310001233 0)
(2.372761814 0.6241186676 0)
(2.388873323 0.6198992 0)
(2.405622602 0.6128505083 0)
(2.415987301 0.6016067684 0)
(2.422513263 0.5892266653 0)
(2.424259803 0.5851290141 0)
(2.43178066 0.5820185676 0)
(2.441423372 0.5743862459 0)
(2.451859689 0.5643249432 0)
(2.460111399 0.5517174177 0)
(2.467231675 0.5420720361 0)
(2.475968888 0.536328086 0)
(2.486415313 0.5349393834 0)
(2.494705103 0.5311152383 0)
(2.500898035 0.5253882873 0)
(2.50972667 0.518099059 0)
(2.518195861 0.5126798804 0)
(2.526716064 0.5034579234 0)
(2.530556005 0.4916270331 0)
(2.534745209 0.4829253825 0)
(2.54163248 0.4787430086 0)
(2.549090497 0.4740152512 0)
(2.788626249 0.02410669796 0)
(2.759470669 0.03069383252 0)
(2.73440179 0.03322052899 0)
(2.729291342 0.05861765277 0)
(2.406811788 0.3890612219 0)
(2.045673522 0.5938681072 0)
(2.08958182 0.6776469954 0)
(2.140048812 0.668923193 0)
(2.184907532 0.6603322295 0)
(2.229559082 0.6586210864 0)
(2.262721645 0.6475981696 0)
(2.278517413 0.6359928596 0)
(2.292734619 0.6331696103 0)
(2.309847662 0.6339659447 0)
(2.329514889 0.6350881644 0)
(2.346896237 0.6307347086 0)
(2.363784127 0.6208490971 0)
(2.380854992 0.614236212 0)
(2.401367339 0.6097467542 0)
(2.414426564 0.6010257941 0)
(2.422433407 0.5902472663 0)
(2.424018168 0.5858807236 0)
(2.431215656 0.5824525515 0)
(2.440728902 0.5734569073 0)
(2.450836739 0.5592200486 0)
(2.458243447 0.5492175472 0)
(2.463991313 0.5420622841 0)
(2.473107793 0.5383789625 0)
(2.482776729 0.5397731798 0)
(2.491103518 0.5366641576 0)
(2.497814576 0.5310866577 0)
(2.506521267 0.5239599466 0)
(2.515819627 0.5159731193 0)
(2.524508608 0.5039611799 0)
(2.528326749 0.490777342 0)
(2.533496072 0.482073645 0)
(2.540391278 0.4791749125 0)
(2.548616423 0.4747764009 0)
(2.829639396 0.01918042928 0)
(2.797997713 0.02617770316 0)
(2.756156812 0.03280522019 0)
(2.74635534 0.04736897263 0)
(2.494985956 0.3377234352 0)
(2.065950632 0.5841505309 0)
(2.064670192 0.675256577 0)
(2.11819336 0.6621729965 0)
(2.167726455 0.6540678901 0)
(2.217565695 0.6497145627 0)
(2.257146446 0.6446557773 0)
(2.278430881 0.6378481193 0)
(2.290689494 0.6356628631 0)
(2.306639232 0.635634027 0)
(2.324641137 0.6346612427 0)
(2.339082989 0.6274503016 0)
(2.354761413 0.6148270125 0)
(2.37315194 0.6097906475 0)
(2.396911026 0.6081372348 0)
(2.412713968 0.6009989161 0)
(2.422564064 0.5907909379 0)
(2.424573084 0.5858293753 0)
(2.431102671 0.5811858511 0)
(2.440544287 0.5691770896 0)
(2.450094199 0.555397513 0)
(2.456463973 0.5494266419 0)
(2.461724948 0.5433532798 0)
(2.470291821 0.5415258008 0)
(2.479432496 0.5407674471 0)
(2.488339926 0.5373481512 0)
(2.495181732 0.5318427009 0)
(2.503560778 0.525550118 0)
(2.513430346 0.5164967423 0)
(2.521447519 0.5039992263 0)
(2.526388149 0.4895572966 0)
(2.532129214 0.482099659 0)
(2.539077431 0.4799257091 0)
(2.548309476 0.4757275735 0)
(2.870305321 0.02548607581 0)
(2.837353691 0.02843165035 0)
(2.790398209 0.02901054677 0)
(2.766177341 0.04822693944 0)
(2.640530653 0.2794533329 0)
(2.163304817 0.5669058616 0)
(2.055673321 0.6563633716 0)
(2.094279603 0.6464147698 0)
(2.14703536 0.6393676483 0)
(2.200585809 0.6389403581 0)
(2.247804374 0.6430892719 0)
(2.276409563 0.6412023552 0)
(2.28933475 0.6392682881 0)
(2.303755911 0.6357402177 0)
(2.318693272 0.6322972032 0)
(2.331933394 0.6199525158 0)
(2.344937234 0.6115573969 0)
(2.366392329 0.6093415808 0)
(2.391800301 0.6080736319 0)
(2.410213513 0.6009530604 0)
(2.422299731 0.5910112071 0)
(2.425304459 0.5848715232 0)
(2.431460596 0.5778012052 0)
(2.440670613 0.5652986706 0)
(2.449364399 0.5552672655 0)
(2.455104324 0.550321841 0)
(2.460155517 0.5447700317 0)
(2.467727665 0.54217338 0)
(2.475367615 0.5404706238 0)
(2.484350416 0.5377274761 0)
(2.492127095 0.5325438046 0)
(2.500929477 0.5262687984 0)
(2.510788907 0.516970188 0)
(2.518478468 0.5036997614 0)
(2.524673073 0.4890603314 0)
(2.53053578 0.482721669 0)
(2.537572025 0.4808629798 0)
(2.547936162 0.4768274383 0)
(2.904397641 0.02690870928 0)
(2.873021608 0.03264243723 0)
(2.829689205 0.0362966409 0)
(2.802177582 0.04126841041 0)
(2.755422913 0.2096608431 0)
(2.249758814 0.5479226469 0)
(2.050871748 0.6535688339 0)
(2.068360091 0.6345746904 0)
(2.122667576 0.6269522141 0)
(2.180143817 0.6331489366 0)
(2.23567112 0.6418942199 0)
(2.271837412 0.6439050202 0)
(2.288235381 0.6402813447 0)
(2.300935718 0.6343489031 0)
(2.313111093 0.6256931155 0)
(2.324939581 0.6159472724 0)
(2.33714431 0.6122738644 0)
(2.358215444 0.6111783721 0)
(2.384424661 0.608273937 0)
(2.406159974 0.6004262832 0)
(2.42069642 0.590726756 0)
(2.425934248 0.5830237146 0)
(2.431989655 0.5755347638 0)
(2.440854397 0.5650841745 0)
(2.448679738 0.5555926685 0)
(2.453580855 0.5507145383 0)
(2.458321829 0.5454751184 0)
(2.46393497 0.5418796237 0)
(2.471245367 0.5406336601 0)
(2.480703603 0.5386410937 0)
(2.48918139 0.5336048043 0)
(2.498142843 0.5272870919 0)
(2.507970724 0.5175691652 0)
(2.515605151 0.5033277788 0)
(2.523029761 0.4892266508 0)
(2.528534797 0.4838759874 0)
(2.536404742 0.4820039593 0)
(2.547686846 0.4779305732 0)
(2.925257624 0.02899881373 0)
(2.900115826 0.03212154788 0)
(2.865346834 0.03239313355 0)
(2.845761732 0.04318658761 0)
(2.822553255 0.1555262494 0)
(2.380854562 0.5106745321 0)
(2.07807049 0.638786618 0)
(2.050090764 0.6256204493 0)
(2.098677142 0.6230715515 0)
(2.15772821 0.6333145374 0)
(2.219835267 0.642656877 0)
(2.264154188 0.6455212092 0)
(2.285512153 0.6397544394 0)
(2.297212426 0.6304163195 0)
(2.307997824 0.6192246322 0)
(2.319155061 0.6165387533 0)
(2.330562636 0.6149035564 0)
(2.349433507 0.6143237216 0)
(2.374710848 0.6087018953 0)
(2.399959655 0.5995258591 0)
(2.417415643 0.5905550311 0)
(2.426256667 0.5824092382 0)
(2.4326035 0.5751342439 0)
(2.441120583 0.5652557003 0)
(2.447946272 0.5556453183 0)
(2.451477057 0.5507589346 0)
(2.455301205 0.5456228697 0)
(2.459261265 0.5413025398 0)
(2.46777801 0.5416482422 0)
(2.477461118 0.5400022748 0)
(2.486486515 0.5350491039 0)
(2.495525545 0.528790795 0)
(2.505103382 0.5181251285 0)
(2.512871481 0.5029281913 0)
(2.521194194 0.4899013205 0)
(2.526355151 0.4856523843 0)
(2.535432626 0.4835481794 0)
(2.547466257 0.4790946168 0)
(2.930448525 0.03036471222 0)
(2.914116551 0.03515253167 0)
(2.891385608 0.03590014083 0)
(2.88380226 0.03576508363 0)
(2.881342408 0.1037941966 0)
(2.524282014 0.4503655898 0)
(2.127133084 0.6307846808 0)
(2.047398216 0.6350213385 0)
(2.07807377 0.6298168583 0)
(2.132923842 0.6354967491 0)
(2.199485724 0.6423530134 0)
(2.252707516 0.644142477 0)
(2.280495293 0.6358724725 0)
(2.294952986 0.6217329996 0)
(2.303881424 0.6175968138 0)
(2.313241903 0.6186359219 0)
(2.323724104 0.6191514014 0)
(2.340459893 0.6164340921 0)
(2.36410124 0.6082375866 0)
(2.391964581 0.5989526543 0)
(2.412873499 0.5914085141 0)
(2.425730875 0.5832079146 0)
(2.433438009 0.5749975003 0)
(2.441443457 0.5651924886 0)
(2.44718176 0.5554070261 0)
(2.449774505 0.5497782137 0)
(2.452710541 0.5450908178 0)
(2.455671853 0.5415366595 0)
(2.464676561 0.5430935706 0)
(2.474565371 0.5417059118 0)
(2.484086576 0.5369303698 0)
(2.492960825 0.5307585416 0)
(2.501874387 0.5182435523 0)
(2.51032844 0.5026922908 0)
(2.519064281 0.4913108388 0)
(2.524417025 0.4881942239 0)
(2.534833163 0.4856589944 0)
(2.547118036 0.4800567843 0)
(2.922134143 0.03139804024 0)
(2.914670302 0.0337039417 0)
(2.9046104 0.03247769297 0)
(2.907885202 0.03367812668 0)
(2.899878542 0.07450127049 0)
(2.697350948 0.3963043497 0)
(2.192974364 0.6283613499 0)
(2.058556045 0.6453726164 0)
(2.063364181 0.6418112346 0)
(2.106886117 0.6383311258 0)
(2.174897402 0.6404902492 0)
(2.236186819 0.6394487006 0)
(2.272144049 0.6272681347 0)
(2.292380045 0.6164451649 0)
(2.299674144 0.6185480416 0)
(2.307358584 0.6217982389 0)
(2.316712458 0.6218726511 0)
(2.331283264 0.6154457503 0)
(2.354328627 0.6047257214 0)
(2.383414696 0.5966787291 0)
(2.40730769 0.5914688541 0)
(2.424056349 0.583916735 0)
(2.434050618 0.5748738583 0)
(2.441719185 0.5647447269 0)
(2.446637283 0.5544627246 0)
(2.448833064 0.5484299395 0)
(2.450730407 0.545702223 0)
(2.453077572 0.5426556079 0)
(2.461669669 0.5448601504 0)
(2.472066598 0.5438511903 0)
(2.481661402 0.5394336126 0)
(2.490454333 0.5319310305 0)
(2.498213698 0.517431632 0)
(2.507999823 0.5027683632 0)
(2.517057472 0.4942032179 0)
(2.523381549 0.4917975559 0)
(2.534018973 0.4880108649 0)
(2.546662664 0.4803468337 0)
(2.904738782 0.03377701584 0)
(2.904209047 0.03382381212 0)
(2.914739198 0.03377642062 0)
(2.903844014 0.0561348937 0)
(2.857436162 0.3352192795 0)
(2.299796697 0.6405287564 0)
(2.083342842 0.655049629 0)
(2.061353238 0.6464541366 0)
(2.083716992 0.6352530854 0)
(2.148289132 0.6337347249 0)
(2.215820974 0.6299086857 0)
(2.260710581 0.6202753504 0)
(2.287783 0.6167058827 0)
(2.294854476 0.6211995547 0)
(2.301439429 0.6239535005 0)
(2.309924382 0.620910217 0)
(2.323514985 0.6095984594 0)
(2.346046713 0.5989779346 0)
(2.375194689 0.5933061233 0)
(2.401136755 0.5903601078 0)
(2.421351896 0.5847833129 0)
(2.433735007 0.5748271083 0)
(2.441893059 0.5634404038 0)
(2.446218252 0.5532899996 0)
(2.447850208 0.5484960632 0)
(2.449090601 0.5473404092 0)
(2.451006249 0.5445517062 0)
(2.458931426 0.5473212238 0)
(2.469407473 0.5466993916 0)
(2.479079626 0.5415322401 0)
(2.487654192 0.5319006359 0)
(2.494678501 0.5154118145 0)
(2.505863634 0.5034830352 0)
(2.515437283 0.4994183041 0)
(2.522600591 0.4966782012 0)
(2.532736469 0.489835294 0)
(2.545628876 0.4805817199 0)
(2.88818672 0.03272892488 0)
(2.892850786 0.03266673071 0)
(2.90598199 0.03283420147 0)
(2.899920892 0.05060292671 0)
(2.950607756 0.2502460607 0)
(2.431419016 0.6492297908 0)
(2.125823697 0.6518268984 0)
(2.07179475 0.6362225375 0)
(2.072537941 0.6193226789 0)
(2.12318339 0.620843576 0)
(2.192563227 0.621930864 0)
(2.246112348 0.6195989527 0)
(2.280610535 0.618487198 0)
(2.290006083 0.622529347 0)
(2.296277489 0.6233704498 0)
(2.303023005 0.6158880424 0)
(2.316712131 0.6046313807 0)
(2.339447028 0.5974392646 0)
(2.369115918 0.5941196245 0)
(2.39588891 0.5927020119 0)
(2.418080258 0.5863109243 0)
(2.432314377 0.5741305121 0)
(2.441758182 0.5610682148 0)
(2.445702832 0.5527657126 0)
(2.446536987 0.5495854868 0)
(2.447761536 0.5496152846 0)
(2.449456587 0.548156676 0)
(2.456377168 0.5509952868 0)
(2.466483819 0.548858906 0)
(2.476708026 0.5420131394 0)
(2.484436107 0.5301101918 0)
(2.491509984 0.5133345432 0)
(2.503987013 0.5065674032 0)
(2.513826255 0.5032537812 0)
(2.521389917 0.4985365257 0)
(2.531100426 0.491326941 0)
(2.544146259 0.4810985045 0)
(2.868974068 0.02905823289 0)
(2.875537994 0.03164886583 0)
(2.887324941 0.03313080483 0)
(2.885967446 0.04590457447 0)
(2.958118722 0.1833408849 0)
(2.542770317 0.6069796562 0)
(2.187292471 0.6371381372 0)
(2.087920182 0.626362804 0)
(2.073300776 0.6122726687 0)
(2.104941034 0.6086562568 0)
(2.168238979 0.615992803 0)
(2.227444818 0.6196360128 0)
(2.268708433 0.6195497709 0)
(2.284003459 0.6219400194 0)
(2.290767975 0.6202770501 0)
(2.297829786 0.6111988003 0)
(2.311106313 0.604586263 0)
(2.335166693 0.599094248 0)
(2.365287561 0.5964216909 0)
(2.392977321 0.5958121206 0)
(2.414159383 0.5871570388 0)
(2.430390886 0.5709972545 0)
(2.440651411 0.5588428803 0)
(2.444819134 0.5534451835 0)
(2.445231794 0.5514996756 0)
(2.446259168 0.5534291667 0)
(2.448150549 0.554698469 0)
(2.453791297 0.5534476048 0)
(2.464157052 0.5492700691 0)
(2.473692147 0.5410667829 0)
(2.481524758 0.525895713 0)
(2.489273945 0.5126239457 0)
(2.501885042 0.5084181347 0)
(2.512150441 0.5041045998 0)
(2.519857972 0.4995644444 0)
(2.529328814 0.4928692391 0)
(2.542430113 0.4814378404 0)
(2.850777237 0.02773147197 0)
(2.856868844 0.03283143418 0)
(2.865717016 0.03437575246 0)
(2.867602266 0.04069807008 0)
(2.902897651 0.1374668203 0)
(2.652771957 0.539467292 0)
(2.261972295 0.6280899379 0)
(2.10500895 0.62812775 0)
(2.082993831 0.6184628201 0)
(2.094422081 0.6128456509 0)
(2.144819917 0.6156491493 0)
(2.20439843 0.6193540461 0)
(2.251290778 0.6190622902 0)
(2.275657119 0.6187432815 0)
(2.285567839 0.6155812014 0)
(2.293509018 0.6108884064 0)
(2.306443414 0.6062089798 0)
(2.33056663 0.6015485992 0)
(2.361039029 0.5997242441 0)
(2.388955968 0.5980702228 0)
(2.410441638 0.5854718999 0)
(2.42780099 0.5657156219 0)
(2.438304885 0.5585322407 0)
(2.443724015 0.555671667 0)
(2.443833875 0.5551783525 0)
(2.444457837 0.5607176183 0)
(2.446810827 0.5585574854 0)
(2.451728773 0.5541087503 0)
(2.46127739 0.5484980233 0)
(2.470875367 0.5371109327 0)
(2.478882608 0.5220203859 0)
(2.487110737 0.5126817071 0)
(2.500020916 0.5085120534 0)
(2.509920029 0.5045770022 0)
(2.517984371 0.5000827181 0)
(2.527057752 0.4935666867 0)
(2.540476807 0.4813119049 0)
(2.835275825 0.02936083163 0)
(2.841150627 0.03618893415 0)
(2.848634928 0.03534758925 0)
(2.851836858 0.03729393019 0)
(2.852910536 0.09519665484 0)
(2.739202843 0.4641200316 0)
(2.334694988 0.6360616725 0)
(2.14383429 0.6351086215 0)
(2.09288674 0.6300590851 0)
(2.093752814 0.6237702111 0)
(2.125045808 0.6181384014 0)
(2.178950609 0.6157370542 0)
(2.231257349 0.6131629314 0)
(2.26453332 0.6138607823 0)
(2.279760182 0.6146077452 0)
(2.289319441 0.6121918434 0)
(2.302118292 0.6083168749 0)
(2.326583262 0.6047294979 0)
(2.357515636 0.6049777918 0)
(2.385011244 0.597699553 0)
(2.407347768 0.5799796948 0)
(2.423699258 0.563776868 0)
(2.436128559 0.5602040892 0)
(2.442574858 0.5593159338 0)
(2.441945353 0.5630730826 0)
(2.442674331 0.5649340728 0)
(2.444924368 0.560435486 0)
(2.449093596 0.5538975393 0)
(2.458737726 0.5448826381 0)
(2.468263416 0.5321413319 0)
(2.476884164 0.5207063707 0)
(2.485187872 0.5129884005 0)
(2.498027802 0.5083757277 0)
(2.507621446 0.504620587 0)
(2.515839614 0.5001145729 0)
(2.524677204 0.4936913398 0)
(2.538461066 0.4810916698 0)
(2.824606891 0.03211685737 0)
(2.831010136 0.03814758457 0)
(2.837569262 0.03563216044 0)
(2.839374373 0.03490989326 0)
(2.828518766 0.06989497844 0)
(2.78928559 0.3865982149 0)
(2.395604809 0.6501330951 0)
(2.209740546 0.6527842628 0)
(2.114598229 0.64475095 0)
(2.101261052 0.6275633051 0)
(2.11361663 0.6134502602 0)
(2.154489536 0.6068626229 0)
(2.208691342 0.6051382015 0)
(2.251205303 0.6103558795 0)
(2.273997647 0.6152482089 0)
(2.285835416 0.6139520666 0)
(2.299137709 0.6115533586 0)
(2.323142115 0.6111072957 0)
(2.354204539 0.6076605339 0)
(2.380754303 0.594491328 0)
(2.403640901 0.5753189156 0)
(2.41908666 0.5649582952 0)
(2.433346338 0.5630859233 0)
(2.439371785 0.566378757 0)
(2.439910715 0.5679724518 0)
(2.43993557 0.5663180565 0)
(2.44330516 0.5604999858 0)
(2.447007632 0.5511093957 0)
(2.4565638 0.5399379099 0)
(2.466312591 0.5301356425 0)
(2.474843814 0.5207008101 0)
(2.483887151 0.5127710833 0)
(2.496182183 0.5079527572 0)
(2.505270908 0.5043405596 0)
(2.513734875 0.500067175 0)
(2.523043126 0.4937991362 0)
(2.536600092 0.4809961434 0)
(2.812769933 0.03426263763 0)
(2.81962614 0.03788136095 0)
(2.825495043 0.03465494972 0)
(2.826658158 0.03174570845 0)
(2.81763549 0.05129465631 0)
(2.821334212 0.319429104 0)
(2.447192845 0.664723996 0)
(2.276297552 0.6862233283 0)
(2.144504939 0.6537317112 0)
(2.11061188 0.622277445 0)
(2.111734736 0.5998220405 0)
(2.136154369 0.5922335948 0)
(2.185803731 0.59672589 0)
(2.235799828 0.6086189378 0)
(2.267760452 0.6172580965 0)
(2.283069114 0.6178435839 0)
(2.297499908 0.6182794823 0)
(2.320581992 0.6176007544 0)
(2.350239959 0.6067999265 0)
(2.377019318 0.5884319225 0)
(2.399753237 0.5746656684 0)
(2.413859775 0.5668450887 0)
(2.426588848 0.5667019033 0)
(2.434983513 0.5704022037 0)
(2.436279406 0.5693834869 0)
(2.437217307 0.5657398743 0)
(2.441136168 0.5590521467 0)
(2.445594164 0.5477886834 0)
(2.454646597 0.5380345571 0)
(2.464535804 0.5298269919 0)
(2.473083385 0.5207323458 0)
(2.482917275 0.5120529261 0)
(2.4943215 0.5072101374 0)
(2.502993217 0.5041781111 0)
(2.511540718 0.5001864871 0)
(2.521134178 0.4938772698 0)
(2.534136039 0.4811815546 0)
(2.794229096 0.03698905608 0)
(2.803474289 0.03875082822 0)
(2.810107135 0.03423516879 0)
(2.812683351 0.02886289547 0)
(2.80765514 0.03931068841 0)
(2.820930925 0.260517745 0)
(2.497246644 0.63303749 0)
(2.335563995 0.7034844057 0)
(2.183398601 0.661056072 0)
(2.122490058 0.6164280029 0)
(2.116147953 0.5954151199 0)
(2.126095725 0.5841403434 0)
(2.165469834 0.5915876148 0)
(2.217896581 0.6074086579 0)
(2.258961379 0.6187681656 0)
(2.279999256 0.622839275 0)
(2.296786437 0.6228984458 0)
(2.318623349 0.617459378 0)
(2.346160184 0.602078052 0)
(2.37324021 0.5847464717 0)
(2.395006828 0.5752842766 0)
(2.407427859 0.5694679521 0)
(2.419119855 0.5697742064 0)
(2.428793878 0.5720409741 0)
(2.431890547 0.5689634168 0)
(2.434578982 0.5646033237 0)
(2.439024595 0.5586687172 0)
(2.444304668 0.5478865138 0)
(2.453007966 0.5381909766 0)
(2.462878145 0.5296320914 0)
(2.472013701 0.5200980359 0)
(2.481941014 0.5108419955 0)
(2.492424838 0.5065006308 0)
(2.500604095 0.5043484201 0)
(2.508883431 0.5003112281 0)
(2.518701766 0.49388458 0)
(2.531368752 0.4815845112 0)
(2.771443567 0.03676688956 0)
(2.783710441 0.03777071636 0)
(2.792789859 0.03292575118 0)
(2.797241689 0.02800522827 0)
(2.794595967 0.03375011108 0)
(2.785811989 0.2013989436 0)
(2.532877879 0.5756915905 0)
(2.374763511 0.684655311 0)
(2.231417846 0.6640048376 0)
(2.135465099 0.6190359833 0)
(2.122360574 0.5991090059 0)
(2.123009844 0.5908839968 0)
(2.149599303 0.5926994072 0)
(2.198728672 0.6054982502 0)
(2.248071732 0.6177819858 0)
(2.27711184 0.6236460742 0)
(2.296503993 0.6225228935 0)
(2.316290582 0.614077945 0)
(2.344364355 0.5968925729 0)
(2.369284579 0.5837664 0)
(2.388867335 0.576568864 0)
(2.401259036 0.5725818955 0)
(2.411806309 0.5729765372 0)
(2.42179949 0.5733957509 0)
(2.427056779 0.5692189689 0)
(2.43165476 0.5655765733 0)
(2.437630736 0.5603410077 0)
(2.443208888 0.5494197336 0)
(2.451304677 0.5385949925 0)
(2.461963332 0.5289621929 0)
(2.471028013 0.5188389729 0)
(2.481337607 0.5092606749 0)
(2.490728123 0.5060425745 0)
(2.498145131 0.5044120309 0)
(2.50641781 0.5001479324 0)
(2.516062657 0.4937234683 0)
(2.528500793 0.4822931268 0)
(2.748995091 0.03303069165 0)
(2.761387975 0.03405156858 0)
(2.77327745 0.03281058059 0)
(2.779490415 0.02932657044 0)
(2.778448541 0.03324685799 0)
(2.751051887 0.1409394902 0)
(2.57988693 0.4984385704 0)
(2.388303526 0.6571372007 0)
(2.280031732 0.6610521004 0)
(2.16543527 0.6258909347 0)
(2.131748902 0.6048721197 0)
(2.125428568 0.6019717991 0)
(2.138498147 0.6005254857 0)
(2.179413364 0.604511667 0)
(2.233119768 0.6155916671 0)
(2.271923963 0.6224945905 0)
(2.295370776 0.6203067437 0)
(2.316197308 0.6067996693 0)
(2.342676193 0.5945080976 0)
(2.364365413 0.583414821 0)
(2.382577632 0.5785013368 0)
(2.394802257 0.576396866 0)
(2.404063515 0.5758726064 0)
(2.414171289 0.5746752558 0)
(2.421876183 0.5709001729 0)
(2.428520123 0.5677022365 0)
(2.436433617 0.5625404637 0)
(2.442194429 0.5509900442 0)
(2.450091859 0.5389461018 0)
(2.461003686 0.5279953618 0)
(2.470816399 0.5165296275 0)
(2.48082813 0.5080808011 0)
(2.489213131 0.5055913201 0)
(2.496511846 0.5038079494 0)
(2.50428204 0.499556309 0)
(2.513318043 0.4937632416 0)
(2.525821215 0.4838570063 0)
(2.731774329 0.02936892381 0)
(2.742012848 0.03191313224 0)
(2.754404207 0.03280809784 0)
(2.760428289 0.03064366023 0)
(2.761082084 0.03305240121 0)
(2.733706707 0.09754370724 0)
(2.603141656 0.4331365375 0)
(2.392407867 0.6188422014 0)
(2.328377575 0.6519293801 0)
(2.214153912 0.6363045338 0)
(2.146584258 0.6168331293 0)
(2.130887108 0.614181806 0)
(2.131835051 0.6070309549 0)
(2.16131974 0.60286865 0)
(2.215461103 0.6103619672 0)
(2.263766813 0.6175186505 0)
(2.293301121 0.6141410776 0)
(2.316496021 0.603004632 0)
(2.339936643 0.5931719254 0)
(2.360233142 0.5837888134 0)
(2.376226045 0.5817343097 0)
(2.387475379 0.5795901251 0)
(2.396680429 0.576989022 0)
(2.406198561 0.5750546526 0)
(2.416119134 0.5726043727 0)
(2.425034136 0.5698498073 0)
(2.435094576 0.5643426168 0)
(2.441524007 0.5521310742 0)
(2.449157495 0.5391484504 0)
(2.460870538 0.526228456 0)
(2.470831719 0.5143574723 0)
(2.480271759 0.50741641 0)
(2.488022935 0.5048378861 0)
(2.495337326 0.5026672329 0)
(2.502198659 0.4987299066 0)
(2.511017773 0.4946665863 0)
(2.523888388 0.4873291613 0)
(2.722543935 0.02404329289 0)
(2.729579531 0.02799967386 0)
(2.739613141 0.03182625304 0)
(2.744048705 0.03170823192 0)
(2.745631717 0.03328224857 0)
(2.725142965 0.07668949122 0)
(2.615393824 0.3587018464 0)
(2.392502975 0.6116136592 0)
(2.356386972 0.6605843339 0)
(2.264690972 0.6524824136 0)
(2.17083018 0.6249065425 0)
(2.138062504 0.6170636782 0)
(2.132771831 0.6039879231 0)
(2.146925717 0.5961657763 0)
(2.197247121 0.6011753499 0)
(2.253470794 0.609185038 0)
(2.290628278 0.6088979084 0)
(2.316594507 0.6014839437 0)
(2.337406941 0.5932824046 0)
(2.356108339 0.5871893583 0)
(2.369423801 0.5849806146 0)
(2.380886335 0.5802656345 0)
(2.38893213 0.5760040497 0)
(2.398118148 0.5739466782 0)
(2.410159574 0.5740152423 0)
(2.421299306 0.571514333 0)
(2.433667804 0.5654130166 0)
(2.44153606 0.5528709482 0)
(2.449027432 0.5391545459 0)
(2.461352699 0.5242242362 0)
(2.470897579 0.5126412892 0)
(2.47959754 0.5064920308 0)
(2.487215781 0.5035250651 0)
(2.494271296 0.5013455471 0)
(2.500339112 0.4982644449 0)
(2.509434973 0.4960449235 0)
(2.522554407 0.4906265285 0)
(2.723417816 0.02463488201 0)
(2.73069178 0.03002601605 0)
(2.733929024 0.03114533354 0)
(2.735080144 0.0324711161 0)
(2.722094794 0.06224915304 0)
(2.616031494 0.31130133 0)
(2.407153991 0.5852444249 0)
(2.360324574 0.6899052032 0)
(2.305421786 0.6790822802 0)
(2.203212388 0.6356259373 0)
(2.146921695 0.6084688902 0)
(2.136093209 0.5899902806 0)
(2.138805841 0.581451663 0)
(2.179405644 0.5902273018 0)
(2.240475039 0.6024277749 0)
(2.286693422 0.6063612911 0)
(2.316024059 0.6015380918 0)
(2.33609838 0.5976163395 0)
(2.350920283 0.5917104475 0)
(2.364263121 0.5855319417 0)
(2.373694757 0.5785096379 0)
(2.381205153 0.5736279988 0)
(2.390464202 0.5735922822 0)
(2.404450688 0.5754760243 0)
(2.417320062 0.5725276823 0)
(2.431962765 0.5658767667 0)
(2.441610148 0.5533983184 0)
(2.449522673 0.5386958368 0)
(2.462048818 0.5222389749 0)
(2.470984563 0.5112196301 0)
(2.478767854 0.5052618335 0)
(2.486591466 0.5025486691 0)
(2.492766098 0.5008895411 0)
(2.499217609 0.4984119911 0)
(2.508227808 0.496174317 0)
(2.521553966 0.4910477642 0)
(2.722348214 0.02346168445 0)
(2.726633563 0.02861790663 0)
(2.729518974 0.03003910627 0)
(2.73053335 0.03158296603 0)
(2.721940423 0.05174556334 0)
(2.629435702 0.255763563 0)
(2.415159141 0.5631211292 0)
(2.356065749 0.6958686234 0)
(2.328781254 0.7005387038 0)
(2.239782093 0.6439994094 0)
(2.155995432 0.5978934288 0)
(2.140325411 0.583716463 0)
(2.136194169 0.5741094769 0)
(2.164743044 0.5816553697 0)
(2.225101897 0.5981776983 0)
(2.280947837 0.6071437834 0)
(2.315248672 0.606155715 0)
(2.334342686 0.6044816665 0)
(2.346568078 0.5926870163 0)
(2.358589161 0.5835234407 0)
(2.366267794 0.5747865627 0)
(2.373541108 0.5730784574 0)
(2.384564553 0.5753431061 0)
(2.398572034 0.5770609266 0)
(2.412945234 0.5728771401 0)
(2.429837522 0.5657137933 0)
(2.441514552 0.5534738408 0)
(2.450576585 0.5371099433 0)
(2.462948613 0.5204789848 0)
(2.471002913 0.5108572651 0)
(2.478018621 0.5049344537 0)
(2.485545679 0.5024169188 0)
(2.491943765 0.5007595956 0)
(2.498457415 0.4981658465 0)
(2.507436918 0.495896451 0)
(2.519923751 0.4908597644 0)
(2.723549871 0.02425479409 0)
(2.726615909 0.02710959747 0)
(2.729064178 0.02812565507 0)
(2.730284062 0.03044170987 0)
(2.724812952 0.04269590886 0)
(2.650035012 0.2044341705 0)
(2.415293455 0.5525955314 0)
(2.348956168 0.6733597046 0)
(2.338808242 0.6913198247 0)
(2.273795125 0.6490683567 0)
(2.171257245 0.5964844648 0)
(2.144912681 0.5867079197 0)
(2.136952947 0.579614783 0)
(2.153827074 0.5816391206 0)
(2.208244481 0.5955135874 0)
(2.271535048 0.6088196387 0)
(2.312363971 0.6139038941 0)
(2.331629663 0.6060007626 0)
(2.342455255 0.5914599184 0)
(2.350907679 0.5785535485 0)
(2.359344988 0.5729159742 0)
(2.366937874 0.5743083096 0)
(2.378303043 0.5785458816 0)
(2.392111281 0.5782750777 0)
(2.408236438 0.5725165714 0)
(2.427262123 0.5647986994 0)
(2.441164391 0.552181665 0)
(2.452142671 0.5340825555 0)
(2.463905404 0.5201459519 0)
(2.471160829 0.5113159914 0)
(2.477481506 0.5051497343 0)
(2.484712469 0.5024879499 0)
(2.491321001 0.5002842876 0)
(2.497730687 0.4975975953 0)
(2.506046213 0.4955797903 0)
(2.518118541 0.4903442525 0)
(2.726198735 0.02684653663 0)
(2.728179278 0.02801644462 0)
(2.730218342 0.02792874566 0)
(2.732729937 0.02889988929 0)
(2.729232377 0.03747647707 0)
(2.67609519 0.1521699392 0)
(2.443593511 0.4918841299 0)
(2.341622859 0.6416807519 0)
(2.337846827 0.6715620172 0)
(2.300118344 0.6435613029 0)
(2.200053542 0.6013092185 0)
(2.150320668 0.5903215073 0)
(2.140875021 0.5878554252 0)
(2.14940475 0.5917293499 0)
(2.191933254 0.5982181241 0)
(2.257717271 0.6105959678 0)
(2.308034389 0.616204106 0)
(2.326529527 0.6053833295 0)
(2.336197167 0.587344783 0)
(2.344443739 0.5729270074 0)
(2.352883765 0.5734127961 0)
(2.360088324 0.5768500573 0)
(2.371042318 0.5818590782 0)
(2.384981654 0.5782909907 0)
(2.403329764 0.571019459 0)
(2.424325132 0.5625808007 0)
(2.440662388 0.548429526 0)
(2.453783449 0.5316862293 0)
(2.464766087 0.5208248511 0)
(2.471505448 0.5118854209 0)
(2.47710847 0.5055963459 0)
(2.48409536 0.5025582884 0)
(2.490680738 0.4996985659 0)
(2.496658678 0.4970300147 0)
(2.504524794 0.4943891975 0)
(2.516920694 0.490202873 0)
(2.730625814 0.02987531429 0)
(2.731952338 0.0291719765 0)
(2.733948661 0.02764611814 0)
(2.736537432 0.02767612315 0)
(2.735064587 0.03372500404 0)
(2.701571445 0.1084868502 0)
(2.466282269 0.4339957739 0)
(2.327717458 0.6097296277 0)
(2.329323328 0.6480277655 0)
(2.314375061 0.6355175326 0)
(2.233799753 0.60883078 0)
(2.162596666 0.5988347653 0)
(2.150241941 0.6002370361 0)
(2.148158633 0.603790517 0)
(2.177588003 0.6052196478 0)
(2.238911875 0.6135383133 0)
(2.29650359 0.6161139953 0)
(2.319713218 0.6002312292 0)
(2.330326813 0.5786537771 0)
(2.338933262 0.5716813812 0)
(2.345150127 0.5750250883 0)
(2.352805394 0.5805106342 0)
(2.363735972 0.5822373686 0)
(2.378248416 0.5757083766 0)
(2.398157061 0.5674558843 0)
(2.420907509 0.55871235 0)
(2.440322844 0.5441348173 0)
(2.454557464 0.5313678409 0)
(2.465581285 0.521735337 0)
(2.471970934 0.5126503849 0)
(2.47701358 0.5062649164 0)
(2.483445407 0.5029701007 0)
(2.489642945 0.4993520119 0)
(2.495079199 0.4953582322 0)
(2.503282445 0.4936916383 0)
(2.515768726 0.4903083384 0)
(2.736718782 0.03101182792 0)
(2.737272188 0.02997610744 0)
(2.739344921 0.02830383373 0)
(2.740944077 0.02777064221 0)
(2.741126467 0.0311565795 0)
(2.719397127 0.08276510801 0)
(2.512564457 0.3542115783 0)
(2.328314426 0.5718608171 0)
(2.316623128 0.6353495684 0)
(2.315553514 0.6333695656 0)
(2.263934197 0.6242745751 0)
(2.182648505 0.6160686871 0)
(2.155668737 0.6127710552 0)
(2.151786064 0.6099326543 0)
(2.168209406 0.608382909 0)
(2.219249524 0.6129612479 0)
(2.279367907 0.609620455 0)
(2.311192725 0.5889556545 0)
(2.324296748 0.5747426391 0)
(2.332479477 0.5726804888 0)
(2.337913021 0.5776591609 0)
(2.34603928 0.5815179682 0)
(2.355771538 0.5788714847 0)
(2.370915617 0.570164492 0)
(2.392260844 0.5629593298 0)
(2.417065433 0.5548712557 0)
(2.439154987 0.542433584 0)
(2.454526767 0.5318074548 0)
(2.466262599 0.5226224759 0)
(2.472972446 0.513474946 0)
(2.477285448 0.5068138366 0)
(2.482360348 0.5029266971 0)
(2.488594624 0.4981094592 0)
(2.493828916 0.4942143297 0)
(2.502117737 0.4939284692 0)
(2.514556978 0.4904026594 0)
(2.743709189 0.03098618131 0)
(2.74363984 0.03054742465 0)
(2.744224154 0.02927529581 0)
(2.745568603 0.02846413082 0)
(2.746147874 0.03039201242 0)
(2.732924135 0.06568655005 0)
(2.556519819 0.3053290747 0)
(2.325521267 0.563620629 0)
(2.298268501 0.6360350693 0)
(2.308004794 0.6516789733 0)
(2.28619846 0.6544593737 0)
(2.208216355 0.6335730619 0)
(2.163549178 0.613593065 0)
(2.158979309 0.6045142029 0)
(2.165715505 0.5983617063 0)
(2.203063921 0.6002230538 0)
(2.259538287 0.5944023272 0)
(2.299604742 0.5813040304 0)
(2.318793423 0.5768722914 0)
(2.326442061 0.5754474861 0)
(2.331638428 0.5789119422 0)
(2.339642476 0.5792133134 0)
(2.348808127 0.571236476 0)
(2.363255544 0.5661449875 0)
(2.385988582 0.5604742259 0)
(2.412530953 0.5529581793 0)
(2.436555386 0.5423148495 0)
(2.453678588 0.532331264 0)
(2.466604172 0.5233848115 0)
(2.473960173 0.5141527167 0)
(2.477852178 0.5067370049 0)
(2.482062908 0.5013477301 0)
(2.487807107 0.4978725776 0)
(2.492922639 0.4951557767 0)
(2.501051666 0.4945673567 0)
(2.512978234 0.4907408431 0)
(2.748535073 0.0298299696 0)
(2.748147329 0.0304094419 0)
(2.749349189 0.03072137073 0)
(2.751730711 0.02983860223 0)
(2.752061275 0.03150028958 0)
(2.742991794 0.05543230943 0)
(2.614153513 0.2558387274 0)
(2.353700433 0.5338358571 0)
(2.288812573 0.6535906115 0)
(2.298534565 0.6826778767 0)
(2.299652223 0.6869181718 0)
(2.234743555 0.6457295668 0)
(2.173364064 0.6066329112 0)
(2.163866767 0.590527694 0)
(2.166067057 0.5807130363 0)
(2.190987369 0.5766456502 0)
(2.239604855 0.5784154721 0)
(2.286599778 0.5802367646 0)
(2.312487731 0.5810330281 0)
(2.321312128 0.5776926726 0)
(2.326990804 0.5777574421 0)
(2.333092088 0.5725158218 0)
(2.343196778 0.5665795023 0)
(2.357847759 0.5651147511 0)
(2.379710849 0.5593631488 0)
(2.406677829 0.5512798457 0)
(2.432080821 0.5421530451 0)
(2.451604194 0.5324483712 0)
(2.466338271 0.5235737421 0)
(2.474521274 0.5139786708 0)
(2.478522384 0.5051494951 0)
(2.482233473 0.5011839659 0)
(2.487106643 0.4994143439 0)
(2.491773319 0.496699407 0)
(2.499403156 0.4954930186 0)
(2.510997989 0.4910737055 0)
(2.753636935 0.02810104589 0)
(2.753623263 0.02860911919 0)
(2.756484788 0.0305752088 0)
(2.758946262 0.03142668463 0)
(2.759280729 0.03245760821 0)
(2.75368804 0.0476091966 0)
(2.668745514 0.2112337322 0)
(2.372568952 0.525273029 0)
(2.282166934 0.6531548746 0)
(2.287934282 0.6853143226 0)
(2.303157314 0.6866373664 0)
(2.258848207 0.6464776605 0)
(2.186266003 0.5969045949 0)
(2.168807885 0.586514528 0)
(2.168318719 0.5786970167 0)
(2.182147439 0.5708432868 0)
(2.222279953 0.5740536015 0)
(2.272426776 0.5827696912 0)
(2.304046065 0.5841508274 0)
(2.316676714 0.5782212366 0)
(2.321059668 0.5737106008 0)
(2.328219926 0.5660180591 0)
(2.338414166 0.5661255676 0)
(2.352848153 0.5645427952 0)
(2.373643972 0.5573720223 0)
(2.39927189 0.5494396186 0)
(2.42551333 0.5417138729 0)
(2.447720744 0.5319253473 0)
(2.464939606 0.5228721942 0)
(2.474709133 0.5124531851 0)
(2.479234102 0.5035949276 0)
(2.48196591 0.5023131961 0)
(2.486214083 0.5012921891 0)
(2.490142013 0.4985857396 0)
(2.497120823 0.4965983165 0)
(2.508470392 0.4913292011 0)
(2.762353157 0.02196833352 0)
(2.762876411 0.02652003263 0)
(2.764777532 0.03135213808 0)
(2.766039888 0.03247428715 0)
(2.766349118 0.03288568134 0)
(2.767147126 0.04138189934 0)
(2.714360426 0.1633457649 0)
(2.423714669 0.4856147407 0)
(2.281501918 0.6438896132 0)
(2.279461267 0.673278746 0)
(2.299097547 0.6694226717 0)
(2.279430594 0.637031643 0)
(2.205880162 0.59789449 0)
(2.173057964 0.5881489664 0)
(2.17125894 0.5836045255 0)
(2.17960449 0.5787344761 0)
(2.209818254 0.580940475 0)
(2.256615398 0.5868079972 0)
(2.294121109 0.5846657834 0)
(2.310557072 0.5756636768 0)
(2.316767121 0.5654224176 0)
(2.323945095 0.5646538967 0)
(2.333439527 0.5667324637 0)
(2.348806611 0.563189861 0)
(2.369111997 0.5552840103 0)
(2.392201838 0.5483424648 0)
(2.417598343 0.5412212316 0)
(2.441757415 0.5308472849 0)
(2.461989612 0.5212832626 0)
(2.474606637 0.5103057421 0)
(2.479668951 0.5038321839 0)
(2.481808936 0.5039549601 0)
(2.485023645 0.5032402867 0)
(2.488273639 0.5007071622 0)
(2.49401013 0.4976707998 0)
(2.505285662 0.491307423 0)
(2.773149944 0.02131799707 0)
(2.77279576 0.02711928828 0)
(2.773139031 0.03072458774 0)
(2.774151191 0.03196245695 0)
(2.774441456 0.0323287978 0)
(2.773138446 0.03657715522 0)
(2.742536668 0.1193613146 0)
(2.472755344 0.4465050238 0)
(2.277912475 0.6282049537 0)
(2.268940913 0.6540819857 0)
(2.290657781 0.6460855578 0)
(2.296401811 0.6235096432 0)
(2.236703427 0.599598196 0)
(2.183682045 0.593474038 0)
(2.178537463 0.5917269823 0)
(2.18013677 0.5888531424 0)
(2.199969808 0.5896280007 0)
(2.240069074 0.5889264211 0)
(2.281197535 0.5788775625 0)
(2.304510703 0.5671883749 0)
(2.313398094 0.5619194668 0)
(2.319752564 0.5654038647 0)
(2.329633977 0.566889464 0)
(2.345150591 0.5623364848 0)
(2.364809049 0.5548925142 0)
(2.386166762 0.5491220653 0)
(2.409352217 0.5405746109 0)
(2.434403897 0.5287960146 0)
(2.457579879 0.5185332737 0)
(2.473675803 0.5085823089 0)
(2.479901951 0.5051638296 0)
(2.48176224 0.5058478624 0)
(2.483704434 0.5052493149 0)
(2.486118351 0.502429229 0)
(2.490969772 0.497937727 0)
(2.501600072 0.4909315404 0)
(2.78466182 0.02500299427 0)
(2.783366879 0.03013486412 0)
(2.782853853 0.03153364021 0)
(2.783303739 0.03130850673 0)
(2.783584614 0.0314790201 0)
(2.779811086 0.0336404202 0)
(2.759326571 0.08877055828 0)
(2.539096967 0.3716464636 0)
(2.29381428 0.5879497949 0)
(2.262534522 0.6282189011 0)
(2.280208685 0.628930213 0)
(2.300127233 0.6189715461 0)
(2.264721491 0.61245711 0)
(2.200775648 0.6060080625 0)
(2.183417786 0.602249309 0)
(2.181573863 0.5971371637 0)
(2.193538392 0.5932621061 0)
(2.226743107 0.5821053366 0)
(2.266856363 0.5645617244 0)
(2.296397625 0.561968315 0)
(2.310428053 0.5629908574 0)
(2.31681079 0.5667062965 0)
(2.326555524 0.5668089987 0)
(2.341699955 0.5624067127 0)
(2.360476441 0.5553727794 0)
(2.380693483 0.5493982082 0)
(2.401913782 0.5385278957 0)
(2.427005571 0.523998936 0)
(2.451912618 0.5139494946 0)
(2.471324449 0.5077056333 0)
(2.479622194 0.5073323461 0)
(2.48159043 0.5077954735 0)
(2.482298128 0.5070883161 0)
(2.48410436 0.5026997854 0)
(2.488120247 0.4975080252 0)
(2.498031078 0.4905094157 0)
(2.795728041 0.02801722976 0)
(2.794019759 0.02967498714 0)
(2.792965031 0.03082103517 0)
(2.792972157 0.03107410607 0)
(2.793261289 0.03091111484 0)
(2.791009031 0.03289677577 0)
(2.777071141 0.06842210089 0)
(2.596073962 0.3129298867 0)
(2.317515972 0.5497817485 0)
(2.255832084 0.6222367457 0)
(2.264044294 0.6295121574 0)
(2.293598219 0.6343385128 0)
(2.286823985 0.6375101216 0)
(2.223022769 0.6192506702 0)
(2.187519898 0.6040137333 0)
(2.185053624 0.5972067784 0)
(2.192264942 0.5854490365 0)
(2.21520214 0.5625186199 0)
(2.251318411 0.5524964603 0)
(2.28712639 0.562095693 0)
(2.306770614 0.5648116995 0)
(2.314313599 0.5670248701 0)
(2.324227664 0.5672556315 0)
(2.339033188 0.5629062989 0)
(2.35758757 0.5560908398 0)
(2.376394083 0.5481633486 0)
(2.396351882 0.5322198211 0)
(2.420161705 0.5162718405 0)
(2.444757063 0.5097381135 0)
(2.468036967 0.5091249322 0)
(2.47837999 0.5101828082 0)
(2.48092691 0.5096800759 0)
(2.480984556 0.508049245 0)
(2.482112888 0.5015194522 0)
(2.484993251 0.4974246655 0)
(2.494773321 0.4906912716 0)
(2.804798023 0.03154937319 0)
(2.803360776 0.03173758305 0)
(2.802841069 0.0315234461 0)
(2.802629893 0.03131605188 0)
(2.8030649 0.03150438975 0)
(2.802270395 0.03146606514 0)
(2.79649342 0.05379451356 0)
(2.680139446 0.2489463262 0)
(2.354767829 0.5220680794 0)
(2.253201003 0.6290612658 0)
(2.258282842 0.6503095987 0)
(2.286177109 0.6624235658 0)
(2.299580618 0.6615052505 0)
(2.246709225 0.6276756032 0)
(2.194760054 0.601500145 0)
(2.188177349 0.5898238534 0)
(2.190755435 0.5669378625 0)
(2.204662539 0.5474753114 0)
(2.237608262 0.5510780405 0)
(2.276772042 0.5632495047 0)
(2.300710216 0.5664302062 0)
(2.311693096 0.5672361057 0)
(2.321859541 0.5680038724 0)
(2.336680905 0.5637617295 0)
(2.355064714 0.5555432866 0)
(2.371921566 0.5438351705 0)
(2.391699975 0.5222567834 0)
(2.413062986 0.5122272218 0)
(2.438294948 0.5103707758 0)
(2.463881713 0.5125231721 0)
(2.475960093 0.513390935 0)
(2.479328311 0.5112917268 0)
(2.479488518 0.5072656488 0)
(2.479793141 0.5008937249 0)
(2.482332188 0.4980909248 0)
(2.491757546 0.4909507856 0)
(2.81164904 0.02933408664 0)
(2.811687275 0.02980622956 0)
(2.811635694 0.03083592122 0)
(2.812442902 0.03085948486 0)
(2.812127777 0.03068956344 0)
(2.806224316 0.04359571495 0)
(2.732778151 0.2078119166 0)
(2.401353026 0.5045605632 0)
(2.257816422 0.637440021 0)
(2.255731221 0.6591154398 0)
(2.277424942 0.663409258 0)
(2.30123105 0.6538085611 0)
(2.268529735 0.626682983 0)
(2.207134832 0.5988981217 0)
(2.190412893 0.5788604208 0)
(2.189834617 0.5616132038 0)
(2.198086534 0.5506796227 0)
(2.226496988 0.5551695294 0)
(2.263717983 0.5637963153 0)
(2.293452273 0.5654425722 0)
(2.308580964 0.567206152 0)
(2.319101714 0.5689668899 0)
(2.334513159 0.5638819115 0)
(2.35139888 0.5529695466 0)
(2.368198644 0.5334368867 0)
(2.386998964 0.517887031 0)
(2.407629873 0.5137648262 0)
(2.433288698 0.513716157 0)
(2.457689662 0.5167077153 0)
(2.471681517 0.5159548318 0)
(2.476380981 0.5112874554 0)
(2.477257222 0.5051338439 0)
(2.47761254 0.5017967738 0)
(2.480223052 0.4987575065 0)
(2.489074504 0.4907962347 0)
(2.818646096 0.02983897926 0)
(2.818813209 0.0305111169 0)
(2.819316058 0.03179489098 0)
(2.820412061 0.03188392617 0)
(2.820095582 0.03122895288 0)
(2.813019431 0.03825791768 0)
(2.771909586 0.1577771919 0)
(2.463383144 0.4811552372 0)
(2.261233632 0.6401054204 0)
(2.251698125 0.6502334853 0)
(2.269680179 0.6497467468 0)
(2.297152239 0.6361530122 0)
(2.286870649 0.6205773984 0)
(2.227394611 0.5987019674 0)
(2.193149883 0.5759951673 0)
(2.190393464 0.5643260789 0)
(2.195379482 0.5583493961 0)
(2.21622397 0.5601752175 0)
(2.2496039 0.5611415036 0)
(2.284631523 0.5633601616 0)
(2.304933754 0.5677579893 0)
(2.315685928 0.5697073919 0)
(2.331218447 0.5623510599 0)
(2.347851874 0.5444208859 0)
(2.364330209 0.5250513758 0)
(2.383353793 0.5194311309 0)
(2.403722451 0.5168461296 0)
(2.427488766 0.5187445934 0)
(2.449389373 0.5202912956 0)
(2.464861175 0.5158837248 0)
(2.47192716 0.5079335081 0)
(2.47431412 0.5050281439 0)
(2.475920472 0.5029478799 0)
(2.47853796 0.4991493111 0)
(2.48682216 0.4904033753 0)
(2.823898124 0.02676777853 0)
(2.824435103 0.02920708824 0)
(2.825400289 0.03162850509 0)
(2.826605491 0.03171139721 0)
(2.826189639 0.02953231666 0)
(2.821206388 0.03263816122 0)
(2.792568032 0.115565914 0)
(2.531248883 0.4441256531 0)
(2.281118761 0.6297786464 0)
(2.248101825 0.6380112746 0)
(2.261691139 0.6328923231 0)
(2.290931578 0.6208608565 0)
(2.297939844 0.6183146592 0)
(2.251409837 0.603415819 0)
(2.199679819 0.5781848133 0)
(2.192220169 0.5690904764 0)
(2.192825491 0.5674641622 0)
(2.206966752 0.5632469509 0)
(2.234939605 0.5566032597 0)
(2.273586843 0.5602673049 0)
(2.301222947 0.5679572884 0)
(2.312954146 0.5684866155 0)
(2.328656754 0.5558998671 0)
(2.344636003 0.5335986298 0)
(2.361311849 0.5243728218 0)
(2.38007842 0.5219687319 0)
(2.399813992 0.5213744657 0)
(2.420334238 0.5250022807 0)
(2.43974213 0.5209792496 0)
(2.456314679 0.5124793759 0)
(2.465603577 0.5058101628 0)
(2.471380256 0.506873256 0)
(2.474264846 0.5037500634 0)
(2.477362437 0.4995769054 0)
(2.485127487 0.4905819681 0)
(2.827589299 0.02814678708 0)
(2.82855681 0.03165218693 0)
(2.829613367 0.03355528542 0)
(2.83105159 0.03275262837 0)
(2.830936882 0.02763454911 0)
(2.828381038 0.02813637641 0)
(2.807096043 0.07839853946 0)
(2.601625601 0.3811446803 0)
(2.302708664 0.6137111293 0)
(2.247096858 0.6226007587 0)
(2.255285489 0.6218813631 0)
(2.277969452 0.6199640595 0)
(2.300874959 0.626118692 0)
(2.27310613 0.6131220744 0)
(2.213202354 0.5847498247 0)
(2.192886532 0.5789214143 0)
(2.191953025 0.5727322922 0)
(2.200607285 0.5589559785 0)
(2.221321122 0.5509291418 0)
(2.260864344 0.5598845116 0)
(2.297135914 0.5667251524 0)
(2.311193176 0.5635273393 0)
(2.32622727 0.5463190496 0)
(2.341579469 0.5314000477 0)
(2.35844625 0.5258865872 0)
(2.376484282 0.5254808239 0)
(2.395881376 0.5287642797 0)
(2.4139867 0.5264728546 0)
(2.431263697 0.5179249649 0)
(2.44744197 0.5114878174 0)
(2.459281764 0.50838842 0)
(2.467951129 0.5083032727 0)
(2.472439431 0.5040781751 0)
(2.476605386 0.5003868704 0)
(2.483995643 0.4914357369 0)
(2.831037451 0.02941174029 0)
(2.832165497 0.03266389825 0)
(2.832985463 0.03314309923 0)
(2.834026045 0.03019521966 0)
(2.833784457 0.02335114479 0)
(2.832596124 0.02232093931 0)
(2.81619485 0.05738618394 0)
(2.671588561 0.3038013414 0)
(2.343446261 0.5744063626 0)
(2.248627333 0.6182869519 0)
(2.249105508 0.6253688749 0)
(2.270243098 0.6363569402 0)
(2.299221586 0.6441832511 0)
(2.288204632 0.6239894878 0)
(2.231802213 0.5952939278 0)
(2.197920004 0.5840840526 0)
(2.192235451 0.5689650091 0)
(2.195865888 0.5473708494 0)
(2.21078476 0.5450617256 0)
(2.248488437 0.5587113382 0)
(2.28941072 0.5632443935 0)
(2.30943182 0.5545381498 0)
(2.324184019 0.5429653187 0)
(2.339310713 0.5324996218 0)
(2.355264408 0.5289461208 0)
(2.372905638 0.5319029418 0)
(2.391128993 0.5319970534 0)
(2.406705351 0.5245155755 0)
(2.424520405 0.515629868 0)
(2.43985868 0.5127176356 0)
(2.453281039 0.5107348159 0)
(2.463790811 0.5087331833 0)
(2.470378414 0.5043201292 0)
(2.476038192 0.5017001327 0)
(2.483214669 0.492810632 0)
(2.834016466 0.03289032487 0)
(2.834940348 0.03436334939 0)
(2.836267474 0.03302252428 0)
(2.836849703 0.02803020901 0)
(2.836354534 0.02145795112 0)
(2.835864896 0.01912706478 0)
(2.828653128 0.04009225603 0)
(2.735804334 0.2342869167 0)
(2.391119192 0.5412837497 0)
(2.255727289 0.6208066006 0)
(2.250725663 0.6390216368 0)
(2.265895279 0.6483863755 0)
(2.292750865 0.6451535164 0)
(2.295760545 0.6276067938 0)
(2.252536739 0.6043852234 0)
(2.205690917 0.5821859191 0)
(2.191660001 0.5592846819 0)
(2.191833909 0.5437301616 0)
(2.204025282 0.5440618283 0)
(2.237177766 0.5554754739 0)
(2.277984624 0.5549148285 0)
(2.305227774 0.5490900729 0)
(2.322550233 0.5437947815 0)
(2.337823442 0.5353490217 0)
(2.352213559 0.534751561 0)
(2.36874673 0.5359724542 0)
(2.385547207 0.5314070225 0)
(2.401706186 0.5222069823 0)
(2.419194604 0.5161661226 0)
(2.433542896 0.5136768075 0)
(2.447400213 0.511129166 0)
(2.459186505 0.5087093065 0)
(2.468102673 0.5052424669 0)
(2.475632593 0.5036831464 0)
(2.482656616 0.4946331565 0)
(2.836608645 0.03120532517 0)
(2.836829658 0.03139672644 0)
(2.837409432 0.02905678966 0)
(2.83841298 0.02418745196 0)
(2.838332576 0.0195402837 0)
(2.838291093 0.01677874473 0)
(2.831973164 0.03123857074 0)
(2.776780744 0.1839942713 0)
(2.453314821 0.5168924102 0)
(2.267166679 0.62282728 0)
(2.254174414 0.6426180355 0)
(2.261629879 0.6443380751 0)
(2.284385002 0.6341121934 0)
(2.298467365 0.6232175911 0)
(2.2720408 0.6091259086 0)
(2.217942065 0.5812036804 0)
(2.192739215 0.5582835997 0)
(2.190661102 0.5478993039 0)
(2.199810857 0.548717875 0)
(2.226627138 0.5498818645 0)
(2.265168822 0.5467435877 0)
(2.298877002 0.5473350338 0)
(2.32109274 0.5468306609 0)
(2.33599769 0.5417835422 0)
(2.349114295 0.5380228502 0)
(2.364994676 0.5354196055 0)
(2.380685449 0.5296963754 0)
(2.397423653 0.5220720712 0)
(2.413399386 0.5179114063 0)
(2.428040694 0.5151225944 0)
(2.442207998 0.5114095176 0)
(2.454427421 0.5094948278 0)
(2.465737792 0.5071945385 0)
(2.475412969 0.5063580633 0)
(2.482111593 0.4963811074 0)
(2.839887952 0.0293110131 0)
(2.839832442 0.02851510347 0)
(2.840164592 0.02662337288 0)
(2.840654365 0.02348502383 0)
(2.840220552 0.02111802217 0)
(2.840442212 0.01826067565 0)
(2.835186684 0.02726956471 0)
(2.800609356 0.1420446959 0)
(2.514140635 0.4888384298 0)
(2.282085243 0.6211815758 0)
(2.258256691 0.6409770633 0)
(2.258436914 0.6375039141 0)
(2.277226904 0.6199707205 0)
(2.297461309 0.6134845818 0)
(2.287875209 0.6089737432 0)
(2.233943273 0.5829561587 0)
(2.195170361 0.5599831658 0)
(2.191396949 0.553630535 0)
(2.197043871 0.5525144194 0)
(2.216302405 0.5464310486 0)
(2.251996381 0.5430872797 0)
(2.290755327 0.5479559067 0)
(2.317032041 0.5508173308 0)
(2.333684029 0.5447846871 0)
(2.346369202 0.538002537 0)
(2.360683666 0.5335293293 0)
(2.376493034 0.5291080053 0)
(2.392152688 0.5231503173 0)
(2.40775753 0.5204658441 0)
(2.423073479 0.5175842623 0)
(2.437574243 0.5134604418 0)
(2.450016928 0.511454503 0)
(2.463165124 0.5096862162 0)
(2.474391638 0.509140442 0)
(2.481992786 0.4973388795 0)
(2.842028534 0.02530995018 0)
(2.842469935 0.02459890003 0)
(2.842852424 0.02364418805 0)
(2.843147517 0.0224597545 0)
(2.842705176 0.02178206981 0)
(2.842972017 0.01955862577 0)
(2.839537241 0.02527623825 0)
(2.813099828 0.1067749381 0)
(2.575342139 0.4474085843 0)
(2.310457535 0.6135843928 0)
(2.264316844 0.634848269 0)
(2.254890449 0.6229211414 0)
(2.27114536 0.6059359479 0)
(2.293553414 0.6063948898 0)
(2.298052011 0.6077539462 0)
(2.253335665 0.5866042236 0)
(2.203200257 0.5661689704 0)
(2.191364722 0.5594748954 0)
(2.19570404 0.5501855068 0)
(2.208122801 0.5411097094 0)
(2.239384045 0.5425529987 0)
(2.280352176 0.5496603467 0)
(2.311149274 0.5526707427 0)
(2.329082109 0.5458308912 0)
(2.342727916 0.536487111 0)
(2.357052471 0.5322444269 0)
(2.371386961 0.5295201278 0)
(2.387215039 0.5252444418 0)
(2.403034097 0.5237284499 0)
(2.41807141 0.5209398076 0)
(2.432972773 0.5160977673 0)
(2.445660285 0.5138972265 0)
(2.459656614 0.5121833643 0)
(2.473257005 0.5108170501 0)
(2.481793939 0.4971801552 0)
(2.845315795 0.02259478393 0)
(2.845374142 0.02270816539 0)
(2.845403767 0.02313690627 0)
(2.845612274 0.02353686315 0)
(2.845238302 0.02337946034 0)
(2.845547128 0.02099633792 0)
(2.84320979 0.02372767325 0)
(2.822558788 0.07802751955 0)
(2.634311756 0.3862126964 0)
(2.351987955 0.5919618901 0)
(2.264708582 0.6235617718 0)
(2.256966173 0.6130942123 0)
(2.263424642 0.6025784177 0)
(2.286103502 0.6076145804 0)
(2.301636489 0.6106745529 0)
(2.269835947 0.5955963451 0)
(2.215794076 0.57504316 0)
(2.193734452 0.5604914386 0)
(2.194016269 0.5423302191 0)
(2.201933422 0.5345448082 0)
(2.22821565 0.5422023768 0)
(2.268305271 0.5502839526 0)
(2.303250013 0.5515254128 0)
(2.324489791 0.5440134322 0)
(2.339514379 0.5346869026 0)
(2.352746294 0.5321243767 0)
(2.366675916 0.5308100055 0)
(2.382901781 0.5288876232 0)
(2.398606258 0.5278453769 0)
(2.413241465 0.5229430365 0)
(2.427682257 0.5178440109 0)
(2.440525474 0.5159973908 0)
(2.455624812 0.5136925712 0)
(2.471621126 0.5108917734 0)
(2.481059535 0.4950331676 0)
(2.848264085 0.01946186635 0)
(2.848161179 0.02041924658 0)
(2.848196242 0.02211963229 0)
(2.848373854 0.02292777722 0)
(2.847960803 0.02169783456 0)
(2.848126308 0.01898837807 0)
(2.846521425 0.02066214177 0)
(2.831424739 0.05883418486 0)
(2.687343605 0.3131346987 0)
(2.398327506 0.5596388829 0)
(2.270418068 0.6220489407 0)
(2.257701978 0.6127092563 0)
(2.261435815 0.6121868478 0)
(2.279897875 0.6228635619 0)
(2.299110464 0.6226802081 0)
(2.282605443 0.6082011247 0)
(2.230423584 0.582914723 0)
(2.19777923 0.5569789905 0)
(2.193254627 0.5407857591 0)
(2.197750156 0.5360230078 0)
(2.218893186 0.5415377487 0)
(2.255424132 0.5471958567 0)
(2.292933562 0.5456867918 0)
(2.319439723 0.5398220533 0)
(2.336136761 0.5341536479 0)
(2.348696948 0.5328251271 0)
(2.363025153 0.5340813955 0)
(2.378397447 0.5342505649 0)
(2.394814031 0.5303178902 0)
(2.408049339 0.5227335844 0)
(2.421912572 0.5176912302 0)
(2.435135748 0.5164342131 0)
(2.451205478 0.5129135318 0)
(2.468071701 0.5081895785 0)
(2.479804799 0.4914759285 0)
(2.851219862 0.01994493655 0)
(2.851095966 0.02218227744 0)
(2.851176277 0.0236863508 0)
(2.8512439 0.02305649092 0)
(2.85106342 0.01965411933 0)
(2.8508634 0.01639113938 0)
(2.850331153 0.0178647838 0)
(2.841068305 0.04476738934 0)
(2.732925976 0.2505200587 0)
(2.45052089 0.5469775078 0)
(2.282917767 0.6289276798 0)
(2.260996824 0.6275896958 0)
(2.263324626 0.6359162691 0)
(2.276028734 0.6406091277 0)
(2.293282609 0.6344644444 0)
(2.290485393 0.6205219484 0)
(2.246262504 0.5882300346 0)
(2.20230037 0.5559218346 0)
(2.193850296 0.5427696142 0)
(2.196008497 0.5415796939 0)
(2.210932982 0.5440264341 0)
(2.241617119 0.5422256645 0)
(2.279808852 0.5380237873 0)
(2.313097513 0.5358561423 0)
(2.33285553 0.5355457197 0)
(2.346002164 0.5362547276 0)
(2.359623478 0.5404482878 0)
(2.374059576 0.5377968737 0)
(2.390159236 0.5298175446 0)
(2.402722626 0.52006821 0)
(2.416107626 0.5161263346 0)
(2.429914555 0.5145860289 0)
(2.44603373 0.509103239 0)
(2.463111446 0.5046393106 0)
(2.478239722 0.4902805972 0)
(2.854578138 0.02035557208 0)
(2.854432787 0.02272739315 0)
(2.85416891 0.02306727168 0)
(2.853708973 0.02088695961 0)
(2.853675167 0.01645994344 0)
(2.853575466 0.01328314754 0)
(2.853586207 0.01460020075 0)
(2.847169758 0.03270892117 0)
(2.768881491 0.2043830155 0)
(2.506857761 0.5350252839 0)
(2.299248594 0.648218464 0)
(2.266018914 0.647330738 0)
(2.263963535 0.6484902895 0)
(2.272606295 0.6402688474 0)
(2.287515769 0.6320062245 0)
(2.29428674 0.6206777139 0)
(2.262208474 0.5895544485 0)
(2.211951849 0.5562727944 0)
(2.195553104 0.5466152388 0)
(2.19608878 0.5481323182 0)
(2.20454628 0.5474589843 0)
(2.227681943 0.5394551337 0)
(2.265047046 0.5331841125 0)
(2.3050768 0.5352286666 0)
(2.330484971 0.5392977716 0)
(2.344814054 0.5444016008 0)
(2.355727746 0.5444012173 0)
(2.370328451 0.5377967537 0)
(2.384123352 0.5258537345 0)
(2.39771276 0.5185575516 0)
(2.410849029 0.5165415091 0)
(2.424303616 0.5142687165 0)
(2.440372882 0.50710574 0)
(2.458082694 0.503412172 0)
(2.476490139 0.4911638188 0)
(2.85795586 0.02286889059 0)
(2.857689075 0.02421832991 0)
(2.857412118 0.02331717331 0)
(2.856703042 0.02026361186 0)
(2.856400094 0.01642071262 0)
(2.856712252 0.01314956942 0)
(2.856637565 0.01384932092 0)
(2.851109338 0.02683853416 0)
(2.797067161 0.1652359104 0)
(2.570607439 0.5148169364 0)
(2.319869108 0.6570464086 0)
(2.273144042 0.6506063154 0)
(2.263735259 0.6472609999 0)
(2.270199308 0.6339750307 0)
(2.283267771 0.6234118201 0)
(2.294109973 0.6111896337 0)
(2.276400786 0.5869375554 0)
(2.22819261 0.5600229608 0)
(2.200364071 0.5546983477 0)
(2.1956834 0.5548140665 0)
(2.200335786 0.5466193811 0)
(2.215746549 0.53377989 0)
(2.249986532 0.5289511484 0)
(2.294887661 0.5369796979 0)
(2.327446658 0.5474599097 0)
(2.342959171 0.5493758516 0)
(2.352270359 0.5452924587 0)
(2.364763105 0.5347642057 0)
(2.378714534 0.5215755769 0)
(2.393561018 0.5191352641 0)
(2.406645403 0.5181069075 0)
(2.419766698 0.5152883731 0)
(2.435636205 0.5070708888 0)
(2.453562769 0.5026705368 0)
(2.474371387 0.4921791715 0)
(2.860703125 0.02282368688 0)
(2.860293303 0.02136565006 0)
(2.85971818 0.01904444015 0)
(2.859153388 0.01619896352 0)
(2.859692114 0.01372832149 0)
(2.859818912 0.01459857529 0)
(2.856453807 0.02406366681 0)
(2.817866596 0.1266554008 0)
(2.632795347 0.4838418095 0)
(2.345812936 0.6521482733 0)
(2.280887243 0.6473599476 0)
(2.264605983 0.6434802584 0)
(2.266690299 0.625344856 0)
(2.279132484 0.6120367476 0)
(2.293385415 0.5999734691 0)
(2.287669896 0.5839723825 0)
(2.246808625 0.569439245 0)
(2.2097546 0.5652124131 0)
(2.196660274 0.5553377045 0)
(2.197827978 0.5373369516 0)
(2.206143012 0.5231451752 0)
(2.235287225 0.5233805105 0)
(2.282485545 0.5395995232 0)
(2.32238762 0.5532126199 0)
(2.339851403 0.550969003 0)
(2.348128612 0.5442215456 0)
(2.359958088 0.5281028706 0)
(2.374475015 0.5208181867 0)
(2.388538191 0.520721416 0)
(2.401605653 0.5198982387 0)
(2.415488291 0.515387524 0)
(2.43168437 0.5061803777 0)
(2.449636265 0.5025326344 0)
(2.472387176 0.4932643248 0)
(2.864052054 0.0220455131 0)
(2.863509822 0.02098041345 0)
(2.862722123 0.01971424549 0)
(2.861851134 0.01844749573 0)
(2.862447418 0.01688143289 0)
(2.862977131 0.01730396053 0)
(2.860858099 0.02394127849 0)
(2.833354553 0.09098404132 0)
(2.685109025 0.4333621839 0)
(2.382143383 0.6360070055 0)
(2.292109716 0.6420331818 0)
(2.268671677 0.6320285784 0)
(2.26611645 0.6118734166 0)
(2.276117425 0.6012369174 0)
(2.290837929 0.5930627222 0)
(2.295002447 0.585952412 0)
(2.266162779 0.5843222024 0)
(2.222864431 0.5719643959 0)
(2.19870716 0.5500694471 0)
(2.196129173 0.5289995255 0)
(2.199346246 0.5208607708 0)
(2.222319165 0.5247551142 0)
(2.268218187 0.5428670955 0)
(2.313376017 0.5551855347 0)
(2.335901918 0.5497489906 0)
(2.345175846 0.5381664695 0)
(2.355984012 0.5250686316 0)
(2.369833137 0.5221276986 0)
(2.383510742 0.5226891151 0)
(2.397936758 0.5199546485 0)
(2.411982601 0.5137034321 0)
(2.428079305 0.5046825494 0)
(2.447121882 0.5028713103 0)
(2.470344133 0.4940459248 0)
(2.867232438 0.01938713203 0)
(2.866829939 0.01887870606 0)
(2.865974342 0.01890962396 0)
(2.865092801 0.01978859587 0)
(2.865606597 0.01902590884 0)
(2.86599856 0.01929392746 0)
(2.864536115 0.02359894236 0)
(2.845241918 0.06702298872 0)
(2.725498955 0.3572683146 0)
(2.428481096 0.6038428572 0)
(2.311268001 0.6308438389 0)
(2.27690213 0.620987948 0)
(2.26615645 0.6063495327 0)
(2.270498504 0.5984494246 0)
(2.286338865 0.5954850234 0)
(2.299435356 0.6023014417 0)
(2.28491551 0.6033721258 0)
(2.238138913 0.5746485369 0)
(2.20323632 0.5425924149 0)
(2.196073766 0.5306824447 0)
(2.196964753 0.5259521719 0)
(2.213336668 0.5319274226 0)
(2.253248625 0.5458243832 0)
(2.301289298 0.5532394956 0)
(2.33020454 0.5440481308 0)
(2.342136501 0.5313420811 0)
(2.35301858 0.5258908074 0)
(2.365502899 0.5245529559 0)
(2.380010046 0.5231554378 0)
(2.394701977 0.5180106845 0)
(2.409283993 0.5104064578 0)
(2.424916204 0.5039650034 0)
(2.44411724 0.5035026979 0)
(2.468051014 0.4942866979 0)
(2.870546472 0.01894422338 0)
(2.870047517 0.0191432319 0)
(2.869249804 0.02014227554 0)
(2.8683613 0.02125653403 0)
(2.868722684 0.02053600642 0)
(2.868804039 0.02001539048 0)
(2.867909917 0.02251071776 0)
(2.855127181 0.0529280858 0)
(2.758941928 0.2742287435 0)
(2.485359583 0.5766982351 0)
(2.333328991 0.6272562727 0)
(2.282592264 0.6193275656 0)
(2.267135687 0.6087082274 0)
(2.268429161 0.6072465521 0)
(2.284944316 0.6165127687 0)
(2.30252215 0.6271364812 0)
(2.29924006 0.6141955242 0)
(2.254859556 0.5735846668 0)
(2.209864494 0.5426100948 0)
(2.197021893 0.5340633633 0)
(2.197029575 0.5321562425 0)
(2.205574012 0.5380938167 0)
(2.238689704 0.5460848672 0)
(2.286703205 0.5461328014 0)
(2.321095184 0.5371880885 0)
(2.3384538 0.531459609 0)
(2.350283683 0.5285572509 0)
(2.361936756 0.5259972136 0)
(2.376966512 0.5219429281 0)
(2.391790827 0.5134098696 0)
(2.406378574 0.5086476709 0)
(2.422126561 0.5041907441 0)
(2.440617107 0.5046578076 0)
(2.465447719 0.4937228074 0)
(2.873842132 0.01815026574 0)
(2.87333372 0.01969103693 0)
(2.872629811 0.02057840858 0)
(2.871533668 0.02045552648 0)
(2.871658742 0.01970969788 0)
(2.871577704 0.01903879279 0)
(2.871179668 0.02132452602 0)
(2.863965982 0.04308935617 0)
(2.787162753 0.216427752 0)
(2.532854931 0.5523823184 0)
(2.344474401 0.6381551112 0)
(2.290988421 0.6275571485 0)
(2.274123298 0.6265966298 0)
(2.27105739 0.6329162888 0)
(2.28450186 0.6373295666 0)
(2.302430583 0.6297572319 0)
(2.306279697 0.6065984684 0)
(2.273183903 0.5718008281 0)
(2.223835491 0.545143252 0)
(2.200394755 0.5383790043 0)
(2.198270598 0.5364667931 0)
(2.202349558 0.5378019414 0)
(2.226573739 0.5382667686 0)
(2.270114886 0.5360292808 0)
(2.31006349 0.5350629009 0)
(2.333993546 0.5347875986 0)
(2.346644986 0.5318834072 0)
(2.358813935 0.5262003865 0)
(2.373802758 0.5174501978 0)
(2.388987843 0.5105319063 0)
(2.403728332 0.5084987698 0)
(2.41935078 0.5054470326 0)
(2.437640261 0.5051534569 0)
(2.462409735 0.491657053 0)
(2.876981708 0.02034601711 0)
(2.876560127 0.02217595789 0)
(2.875842023 0.02118224484 0)
(2.874787216 0.01974087424 0)
(2.874638127 0.01877916377 0)
(2.874365123 0.01804165475 0)
(2.874477285 0.02041986327 0)
(2.869667905 0.03471356114 0)
(2.809928076 0.1777884254 0)
(2.579685571 0.531430317 0)
(2.364477469 0.6564892499 0)
(2.303986665 0.6505733943 0)
(2.282946514 0.6528696137 0)
(2.274422066 0.6479930164 0)
(2.283174779 0.6356006943 0)
(2.300156289 0.6188165679 0)
(2.309037235 0.5934027456 0)
(2.290209272 0.5692259166 0)
(2.242023288 0.5521675546 0)
(2.206387537 0.5410914887 0)
(2.200525189 0.5355882844 0)
(2.20269022 0.5287452779 0)
(2.217378876 0.5240717445 0)
(2.253716468 0.5270773404 0)
(2.297370176 0.5357344609 0)
(2.327329778 0.5384031337 0)
(2.342674827 0.5334813554 0)
(2.355828038 0.5238657126 0)
(2.371524334 0.5122395133 0)
(2.386462851 0.5104540806 0)
(2.400969748 0.5091634512 0)
(2.416961939 0.5085131731 0)
(2.433487117 0.5046068986 0)
(2.459126106 0.4884394957 0)
(2.880274985 0.02199744976 0)
(2.879606217 0.02250889658 0)
(2.878510663 0.0200324772 0)
(2.877783223 0.01841650047 0)
(2.877604228 0.01768842641 0)
(2.877280312 0.01729253306 0)
(2.877523185 0.02027817918 0)
(2.873239585 0.03038461594 0)
(2.829633171 0.1437996654 0)
(2.63494555 0.5036949835 0)
(2.389427541 0.6680029791 0)
(2.321035231 0.6631849233 0)
(2.289368219 0.6611466055 0)
(2.277226872 0.6459585312 0)
(2.282338102 0.6276634847 0)
(2.295653584 0.6046667007 0)
(2.310165319 0.5810843551 0)
(2.302351496 0.5704047519 0)
(2.261517695 0.5619314563 0)
(2.215458482 0.543430417 0)
(2.203175324 0.5304873745 0)
(2.203265001 0.5232121309 0)
(2.21116042 0.5204519454 0)
(2.239756273 0.5267494354 0)
(2.283362032 0.5386322593 0)
(2.318349151 0.5414317742 0)
(2.337586404 0.5331860344 0)
(2.353982774 0.5176725319 0)
(2.369522535 0.511321891 0)
(2.384363754 0.510872205 0)
(2.398578479 0.5112137245 0)
(2.414215792 0.5099939504 0)
(2.428305002 0.5017563897 0)
(2.455012649 0.4856526202 0)
(2.883346261 0.02330279365 0)
(2.882462971 0.02271690572 0)
(2.881269711 0.02011019771 0)
(2.880756032 0.01878292632 0)
(2.880415753 0.018369389 0)
(2.880284071 0.01829546465 0)
(2.880414305 0.02079798508 0)
(2.87797948 0.02880161254 0)
(2.847059831 0.1082455772 0)
(2.686326774 0.4637318958 0)
(2.415949371 0.6573462965 0)
(2.332210579 0.6622617985 0)
(2.295199611 0.6599038621 0)
(2.280423019 0.6404187956 0)
(2.280966947 0.6143479678 0)
(2.292799814 0.5876082321 0)
(2.306034072 0.5772589039 0)
(2.309134733 0.5819934144 0)
(2.27996258 0.5754112196 0)
(2.228008222 0.5458853679 0)
(2.205844797 0.5292199383 0)
(2.204665509 0.5255424334 0)
(2.20891995 0.5259725121 0)
(2.230442871 0.533619569 0)
(2.269060502 0.5438340357 0)
(2.306465656 0.5424848743 0)
(2.331902327 0.5280103632 0)
(2.352491688 0.5128963014 0)
(2.368354604 0.5120715169 0)
(2.382675447 0.5126990506 0)
(2.396180557 0.5142339379 0)
(2.409480152 0.5096188684 0)
(2.423849692 0.4970258739 0)
(2.449637767 0.4839328661 0)
)
;

boundaryField
{
    inlet
    {
        type            fixedValue;
        value           nonuniform 0();
    }
    outlet
    {
        type            inletOutlet;
        inletValue      uniform (3 0 0);
        value           nonuniform List<vector> 
62
(
(2.550582033 0.4739899632 0)
(2.550266324 0.4738376409 0)
(2.549873314 0.4734462696 0)
(2.549574409 0.4734305687 0)
(2.549365323 0.4736703728 0)
(2.549090497 0.4740152512 0)
(2.548616423 0.4747764009 0)
(2.548309476 0.4757275735 0)
(2.547936162 0.4768274383 0)
(2.547686846 0.4779305732 0)
(2.547466257 0.4790946168 0)
(2.547118036 0.4800567843 0)
(2.546662664 0.4803468337 0)
(2.545628876 0.4805817199 0)
(2.544146259 0.4810985045 0)
(2.542430113 0.4814378404 0)
(2.540476807 0.4813119049 0)
(2.538461066 0.4810916698 0)
(2.536600092 0.4809961434 0)
(2.534136039 0.4811815546 0)
(2.531368752 0.4815845112 0)
(2.528500793 0.4822931268 0)
(2.525821215 0.4838570063 0)
(2.523888388 0.4873291613 0)
(2.522554407 0.4906265285 0)
(2.521553966 0.4910477642 0)
(2.519923751 0.4908597644 0)
(2.518118541 0.4903442525 0)
(2.516920694 0.490202873 0)
(2.515768726 0.4903083384 0)
(2.514556978 0.4904026594 0)
(2.512978234 0.4907408431 0)
(2.510997989 0.4910737055 0)
(2.508470392 0.4913292011 0)
(2.505285662 0.491307423 0)
(2.501600072 0.4909315404 0)
(2.498031078 0.4905094157 0)
(2.494773321 0.4906912716 0)
(2.491757546 0.4909507856 0)
(2.489074504 0.4907962347 0)
(2.48682216 0.4904033753 0)
(2.485127487 0.4905819681 0)
(2.483995643 0.4914357369 0)
(2.483214669 0.492810632 0)
(2.482656616 0.4946331565 0)
(2.482111593 0.4963811074 0)
(2.481992786 0.4973388795 0)
(2.481793939 0.4971801552 0)
(2.481059535 0.4950331676 0)
(2.479804799 0.4914759285 0)
(2.478239722 0.4902805972 0)
(2.476490139 0.4911638188 0)
(2.474371387 0.4921791715 0)
(2.472387176 0.4932643248 0)
(2.470344133 0.4940459248 0)
(2.468051014 0.4942866979 0)
(2.465447719 0.4937228074 0)
(2.462409735 0.491657053 0)
(2.459126106 0.4884394957 0)
(2.455012649 0.4856526202 0)
(2.449637767 0.4839328661 0)
(2.550819485 0.4736013421 0)
)
;
    }
    bottom
    {
        type            slip;
    }
    top
    {
        type            slip;
    }
    obstacle
    {
        type            slip;
    }
    defaultFaces
    {
        type            empty;
    }
    procBoundary23to17
    {
        type            processor;
        value           nonuniform List<vector> 
40
(
(2.441605234 0.5910914241 0)
(2.449713189 0.5867166077 0)
(2.456898 0.5794435631 0)
(2.465847388 0.5723632426 0)
(2.476585905 0.5651584782 0)
(2.486271809 0.5570333322 0)
(2.496310947 0.5478385735 0)
(2.507897568 0.537398523 0)
(2.516063008 0.5253096922 0)
(2.521209129 0.5154649369 0)
(2.525323686 0.5087952478 0)
(2.530727107 0.5033524637 0)
(2.535866088 0.4945397516 0)
(2.537527994 0.485893659 0)
(2.541638728 0.4809497321 0)
(2.546116879 0.4776694489 0)
(2.550845431 0.4729463108 0)
(2.705428293 0.01778245679 0)
(2.709385166 0.01342511148 0)
(2.704720306 0.01750512182 0)
(2.700692579 0.02705407723 0)
(2.438610222 0.3832082186 0)
(2.108544974 0.6906278074 0)
(2.158164711 0.6798424021 0)
(2.201476919 0.6888262352 0)
(2.233818483 0.6887078527 0)
(2.247934819 0.6753591964 0)
(2.258259465 0.6574989603 0)
(2.271174636 0.641174095 0)
(2.290429896 0.6335315314 0)
(2.3162477 0.6374142773 0)
(2.343071588 0.6444112389 0)
(2.370290974 0.6473433642 0)
(2.393332678 0.6428587931 0)
(2.407188108 0.6307339662 0)
(2.414831666 0.6223125886 0)
(2.419219994 0.614263082 0)
(2.427045014 0.6010379193 0)
(2.432190508 0.5941031059 0)
(2.432190508 0.5941031059 0)
)
;
    }
    procBoundary23to22
    {
        type            processor;
        value           nonuniform List<vector> 
65
(
(2.708933417 0.02242310153 0)
(2.715654406 0.02012513404 0)
(2.715654406 0.02012513404 0)
(2.719325636 0.01989043845 0)
(2.727179439 0.01930239743 0)
(2.742002584 0.02333905625 0)
(2.769354139 0.02752552849 0)
(2.810204567 0.02052823672 0)
(2.852853966 0.01806416043 0)
(2.89261339 0.02605159488 0)
(2.923359808 0.02505969348 0)
(2.938747873 0.02734053291 0)
(2.938326247 0.02887025277 0)
(2.925672862 0.02798503439 0)
(2.905775507 0.02962715838 0)
(2.905775507 0.02962715838 0)
(2.886170028 0.02861877894 0)
(2.865910706 0.02521212704 0)
(2.846817677 0.02271060732 0)
(2.831859387 0.02322386624 0)
(2.820306689 0.02586051785 0)
(2.806250664 0.02885218067 0)
(2.786150208 0.03083327938 0)
(2.762461467 0.0317479841 0)
(2.741484953 0.02969569247 0)
(2.72734453 0.02618793606 0)
(2.719989857 0.0215388748 0)
(2.718899628 0.02032197716 0)
(2.718899628 0.02032197716 0)
(2.719464375 0.01841622309 0)
(2.721792191 0.02081643827 0)
(2.725395939 0.02458921676 0)
(2.730330383 0.02822452567 0)
(2.737350576 0.03087098402 0)
(2.744898162 0.03146460138 0)
(2.750033667 0.02938698702 0)
(2.755448105 0.02418148209 0)
(2.763691924 0.01829076214 0)
(2.774971536 0.01675890241 0)
(2.786722035 0.01918887981 0)
(2.797711471 0.02404790403 0)
(2.806799717 0.02953879385 0)
(2.812599813 0.03070425427 0)
(2.812599813 0.03070425427 0)
(2.81914234 0.03059643917 0)
(2.823891375 0.02708676193 0)
(2.827423525 0.02631450641 0)
(2.830339467 0.025038293 0)
(2.833218333 0.02808159935 0)
(2.836725637 0.02913066054 0)
(2.840171965 0.0291883293 0)
(2.84246229 0.02567913053 0)
(2.845766984 0.02317282701 0)
(2.848700609 0.0197665032 0)
(2.851872409 0.01908397035 0)
(2.855070236 0.01805729087 0)
(2.858308763 0.01988608084 0)
(2.861394039 0.02242520633 0)
(2.861394039 0.02242520633 0)
(2.864802566 0.02225834355 0)
(2.867773849 0.01988668697 0)
(2.871043248 0.01898526927 0)
(2.874193741 0.01737415928 0)
(2.877297443 0.01817715458 0)
(2.880447968 0.01886690657 0)
)
;
    }
    procBoundary23to28
    {
        type            processor;
        value           uniform (2.883439634 0.02101582753 0);
    }
    procBoundary23to29
    {
        type            processor;
        value           nonuniform List<vector> 
34
(
(2.88614675 0.02283000842 0)
(2.885309328 0.02223820541 0)
(2.884182511 0.02026457349 0)
(2.883731312 0.01943846411 0)
(2.883357709 0.01961492873 0)
(2.883361281 0.01993268574 0)
(2.883318318 0.02166296102 0)
(2.881521322 0.02669364579 0)
(2.860258839 0.07739170278 0)
(2.726643307 0.4030921906 0)
(2.442606159 0.6368522486 0)
(2.345469618 0.6577623137 0)
(2.306233398 0.6542726903 0)
(2.28558772 0.6274132111 0)
(2.283446329 0.5963191035 0)
(2.290043131 0.5813535309 0)
(2.30285674 0.5876692157 0)
(2.312665892 0.6042967475 0)
(2.293733358 0.5868768536 0)
(2.243054459 0.5471099457 0)
(2.211817863 0.5291627872 0)
(2.207193052 0.5291479172 0)
(2.209144184 0.532762865 0)
(2.225122627 0.5432343294 0)
(2.254892131 0.5493736176 0)
(2.291444762 0.5386934101 0)
(2.324516431 0.5197380422 0)
(2.350151996 0.512304595 0)
(2.367936526 0.5133562241 0)
(2.381329452 0.5158864481 0)
(2.393319907 0.5148994624 0)
(2.404569178 0.5055360584 0)
(2.418225694 0.4939744605 0)
(2.443557588 0.4842522047 0)
)
;
    }
}


// ************************************************************************* //
