/*--------------------------------*- C++ -*----------------------------------*\
  =========                 |
  \\      /  F ield         | OpenFOAM: The Open Source CFD Toolbox
   \\    /   O peration     | Website:  https://openfoam.org
    \\  /    A nd           | Version:  7
     \\/     M anipulation  |
\*---------------------------------------------------------------------------*/
FoamFile
{
    version     2.0;
    format      ascii;
    class       volVectorField;
    location    "0.9";
    object      U;
}
// * * * * * * * * * * * * * * * * * * * * * * * * * * * * * * * * * * * * * //

dimensions      [0 1 -1 0 0 0 0];

internalField   nonuniform List<vector> 
2222
(
(2.086451173 0.002718177767 0)
(2.124264223 0.006639404005 0)
(2.159078466 0.01103049526 0)
(2.1837389 0.01224217693 0)
(2.201807561 0.01128684083 0)
(2.220239277 0.01004241319 0)
(2.241719977 0.009530802683 0)
(2.264769235 0.009988660477 0)
(2.287796688 0.01139876944 0)
(2.310364618 0.01279575691 0)
(2.332947106 0.01310247649 0)
(2.356068886 0.01245828779 0)
(2.379100192 0.01175308008 0)
(2.400387036 0.01154018686 0)
(2.418200708 0.01179587213 0)
(2.431806967 0.01222856034 0)
(2.442161621 0.01248108093 0)
(2.452183774 0.01242558461 0)
(2.46518417 0.01234785414 0)
(2.482205385 0.01251433906 0)
(2.50169332 0.01289214434 0)
(2.521268304 0.01319692479 0)
(2.539064702 0.01317811213 0)
(2.554080136 0.01297553596 0)
(2.565971072 0.01260271719 0)
(2.575532208 0.01216561518 0)
(2.584163871 0.01201119319 0)
(2.59283127 0.01237733579 0)
(2.602274946 0.01279335532 0)
(2.613752054 0.01296540492 0)
(2.627613189 0.01334190116 0)
(2.642567418 0.01348454458 0)
(2.099229045 0.01510584302 0)
(2.130914791 0.01750556937 0)
(2.168276422 0.01982864248 0)
(2.197022204 0.02086067545 0)
(2.21644538 0.02184956553 0)
(2.232018072 0.02147451314 0)
(2.248970838 0.02155982487 0)
(2.269756944 0.02220952962 0)
(2.293329342 0.02374561764 0)
(2.317406081 0.02553023578 0)
(2.341053694 0.02599252204 0)
(2.364157114 0.02498565269 0)
(2.386434559 0.02390087185 0)
(2.406999557 0.02379367399 0)
(2.424564998 0.0243665266 0)
(2.438367092 0.02482074891 0)
(2.449114109 0.02477524917 0)
(2.459398257 0.02436982199 0)
(2.472276754 0.02406702916 0)
(2.489042886 0.02431868728 0)
(2.508450524 0.0250961658 0)
(2.528096161 0.02581808935 0)
(2.545825147 0.02557814829 0)
(2.560891739 0.02485954479 0)
(2.573185565 0.02425264931 0)
(2.582720045 0.02340333758 0)
(2.591161313 0.0228214558 0)
(2.59992502 0.02313723134 0)
(2.609669639 0.0241139286 0)
(2.62096866 0.02415080674 0)
(2.634788457 0.02426679907 0)
(2.65017945 0.02467575189 0)
(2.119653327 0.02639067104 0)
(2.136122667 0.03707336355 0)
(2.167723938 0.03233093354 0)
(2.198901605 0.03601264222 0)
(2.22037692 0.04120835627 0)
(2.234481049 0.04053899976 0)
(2.249510405 0.03799804618 0)
(2.268795166 0.03771821685 0)
(2.291628255 0.0401802633 0)
(2.315682651 0.04305535204 0)
(2.33958151 0.04381426543 0)
(2.362926567 0.04225707117 0)
(2.385178829 0.04037560107 0)
(2.405420423 0.03966490179 0)
(2.422580074 0.04018685891 0)
(2.436060342 0.04114802249 0)
(2.446773528 0.04146577274 0)
(2.457616988 0.04114673373 0)
(2.47111429 0.04083067181 0)
(2.487961336 0.04102895745 0)
(2.50711794 0.04174150686 0)
(2.52663737 0.04269374093 0)
(2.544337469 0.04297867388 0)
(2.558914185 0.04171854866 0)
(2.571599332 0.04032103915 0)
(2.581978101 0.03922070858 0)
(2.590652955 0.03840984637 0)
(2.599425984 0.03869994535 0)
(2.609512252 0.04005918731 0)
(2.621025193 0.04082043938 0)
(2.633758014 0.04019996069 0)
(2.648526045 0.04029045651 0)
(2.131048399 0.04969603632 0)
(2.144328908 0.05087003673 0)
(2.168824901 0.04686417227 0)
(2.204703994 0.05366077841 0)
(2.230610883 0.05975222065 0)
(2.245880326 0.0574653998 0)
(2.260159287 0.05223574536 0)
(2.279353546 0.05210631687 0)
(2.302292248 0.05633253638 0)
(2.326269784 0.06128877014 0)
(2.349788786 0.06326769212 0)
(2.372689623 0.06146878592 0)
(2.394601074 0.05826416302 0)
(2.414472563 0.05649226542 0)
(2.430641669 0.05687356892 0)
(2.44284191 0.05838540328 0)
(2.453978372 0.05923701031 0)
(2.466493302 0.05869496194 0)
(2.48114348 0.05794547383 0)
(2.498133685 0.05815246676 0)
(2.516699891 0.05896175514 0)
(2.534890113 0.05978901361 0)
(2.551859545 0.06079973901 0)
(2.567810638 0.06007817979 0)
(2.581061145 0.05721246921 0)
(2.591698452 0.05517219254 0)
(2.599277878 0.05452262448 0)
(2.606441889 0.05456494305 0)
(2.616025633 0.05542500539 0)
(2.627896057 0.05708707696 0)
(2.640425856 0.05679985647 0)
(2.652794742 0.05748040995 0)
(2.235605187 -0.09979780172 0)
(2.155807545 0.03571396689 0)
(2.166769434 0.06028462228 0)
(2.197919862 0.07137839135 0)
(2.226760005 0.07661022728 0)
(2.246083458 0.07535764451 0)
(2.260345368 0.06785294261 0)
(2.277595593 0.0651821099 0)
(2.299724088 0.06982942944 0)
(2.323407865 0.07663323038 0)
(2.347097278 0.08021882854 0)
(2.370365936 0.07876537362 0)
(2.392096605 0.07444500784 0)
(2.411023614 0.07109181004 0)
(2.426434669 0.07067129035 0)
(2.439278337 0.07261926254 0)
(2.451251974 0.07414269612 0)
(2.463887657 0.07405606702 0)
(2.478399457 0.07341480193 0)
(2.495088245 0.07333839336 0)
(2.51340721 0.07395243598 0)
(2.533215111 0.07526254138 0)
(2.552342247 0.07677180162 0)
(2.56776121 0.07657104458 0)
(2.578971443 0.07289496889 0)
(2.58713722 0.06931653604 0)
(2.595426296 0.06955901659 0)
(2.604368155 0.07028322153 0)
(2.61499786 0.07132176858 0)
(2.627511153 0.07315532336 0)
(2.641538732 0.07370139693 0)
(2.658698471 0.07230947983 0)
(2.410994307 -0.3374815987 0)
(2.177835126 0.02200610307 0)
(2.16234862 0.08115762588 0)
(2.188366776 0.08882925935 0)
(2.220468353 0.09223496123 0)
(2.245930331 0.09283869671 0)
(2.260750984 0.08558452206 0)
(2.274099148 0.07987899145 0)
(2.295708194 0.08445276427 0)
(2.322565151 0.09243298669 0)
(2.3498722 0.09680821113 0)
(2.374541982 0.09624948401 0)
(2.394862259 0.09200828005 0)
(2.412171262 0.0881271508 0)
(2.428607912 0.08785224606 0)
(2.444180687 0.08954284269 0)
(2.458480568 0.09091622197 0)
(2.472339211 0.09134343538 0)
(2.48728854 0.09113523643 0)
(2.503448789 0.09114937275 0)
(2.520140868 0.09227261681 0)
(2.535704206 0.09305825053 0)
(2.550134671 0.09219204381 0)
(2.564719925 0.09081186072 0)
(2.577714193 0.08886795159 0)
(2.589472136 0.08738500392 0)
(2.599004728 0.08630085202 0)
(2.608468782 0.08630449812 0)
(2.619279953 0.08722913433 0)
(2.631945766 0.08781001739 0)
(2.646827361 0.08903152753 0)
(2.659824132 0.08889943862 0)
(2.535173125 -0.5727723258 0)
(2.304717729 -0.1535498525 0)
(2.186945528 0.03276849728 0)
(2.18323998 0.09035694785 0)
(2.203983543 0.1047487063 0)
(2.236552557 0.1080969373 0)
(2.258451336 0.1026311703 0)
(2.272189582 0.09730080301 0)
(2.28965664 0.09885975787 0)
(2.314768759 0.1042471347 0)
(2.343415636 0.1090249814 0)
(2.370483504 0.1107245365 0)
(2.392773242 0.1085740039 0)
(2.410297368 0.1049007599 0)
(2.425364326 0.1031053476 0)
(2.440143129 0.1037000432 0)
(2.455391416 0.1055602534 0)
(2.470501462 0.1070022934 0)
(2.484932657 0.1071133814 0)
(2.499413275 0.1067061088 0)
(2.514997811 0.1074012509 0)
(2.533011861 0.1090790188 0)
(2.552990081 0.1097167207 0)
(2.570529523 0.1081816565 0)
(2.583011605 0.1066414367 0)
(2.589742434 0.105024575 0)
(2.596362551 0.1021770777 0)
(2.605428888 0.1018892611 0)
(2.616300173 0.102842069 0)
(2.628853535 0.1035316589 0)
(2.641863804 0.1035762493 0)
(2.656291197 0.1040547087 0)
(2.563229224 -0.63215024 0)
(2.509357465 -0.4601594723 0)
(2.235302908 -0.01505025234 0)
(2.169331857 0.1025759729 0)
(2.193048401 0.1153560424 0)
(2.228503065 0.120120156 0)
(2.256521429 0.1187368347 0)
(2.273445647 0.1172251585 0)
(2.287417286 0.1169465997 0)
(2.308662906 0.1189261559 0)
(2.336564856 0.1222489907 0)
(2.364858916 0.1248556429 0)
(2.388787781 0.125112018 0)
(2.407250364 0.1228433919 0)
(2.422231888 0.1204887137 0)
(2.43628087 0.1197977756 0)
(2.450844993 0.1204314491 0)
(2.466360338 0.121923675 0)
(2.482308122 0.1232765574 0)
(2.498633054 0.1242135416 0)
(2.516022624 0.1254337562 0)
(2.534013967 0.126226073 0)
(2.551024152 0.1252542164 0)
(2.565600276 0.1237226176 0)
(2.578065465 0.1230018087 0)
(2.589752844 0.12131831 0)
(2.599565007 0.1190568099 0)
(2.60857626 0.1187221719 0)
(2.619087572 0.1194623522 0)
(2.631397877 0.1206105976 0)
(2.645805929 0.1220087647 0)
(2.660595086 0.1207362717 0)
(2.574204935 -0.6468688641 0)
(2.570758411 -0.5873214273 0)
(2.423133294 -0.2824658021 0)
(2.229731629 0.0156667123 0)
(2.204181601 0.1213071978 0)
(2.226598529 0.1313963573 0)
(2.252303319 0.134464156 0)
(2.270350664 0.1368499316 0)
(2.283825615 0.1350235838 0)
(2.303101034 0.133159771 0)
(2.33079498 0.1354939643 0)
(2.360513984 0.1397681215 0)
(2.385673892 0.1423887659 0)
(2.40393359 0.1408907241 0)
(2.41783783 0.136913755 0)
(2.431757579 0.1350088033 0)
(2.447224126 0.135966151 0)
(2.463371008 0.137800773 0)
(2.479362501 0.139540258 0)
(2.49529071 0.1407411062 0)
(2.511599144 0.1408255233 0)
(2.528509104 0.1399100821 0)
(2.545578828 0.139517293 0)
(2.561868245 0.1398235552 0)
(2.576278585 0.1389884915 0)
(2.588372558 0.1368011608 0)
(2.59815983 0.1350538396 0)
(2.606938311 0.1341930066 0)
(2.61682808 0.1339303083 0)
(2.629453638 0.1353223101 0)
(2.643346489 0.1368161012 0)
(2.657430644 0.1357269873 0)
(2.573856924 -0.6509110879 0)
(2.589474977 -0.6127014478 0)
(2.557791461 -0.5149084551 0)
(2.311389154 -0.06611495665 0)
(2.226665348 0.09213295119 0)
(2.229238497 0.1409602909 0)
(2.24799671 0.1513507054 0)
(2.26723857 0.1558459381 0)
(2.283452893 0.152339609 0)
(2.30352772 0.1491740207 0)
(2.32888154 0.1500773727 0)
(2.355628975 0.153301306 0)
(2.379395099 0.1561918743 0)
(2.398612753 0.1568518817 0)
(2.414811834 0.1544800291 0)
(2.429311603 0.1516382343 0)
(2.443269841 0.1509860025 0)
(2.458957754 0.1527215159 0)
(2.476611723 0.1561100065 0)
(2.494490878 0.1585592229 0)
(2.511779174 0.1586056028 0)
(2.528656809 0.1574209643 0)
(2.544639374 0.1569618011 0)
(2.559241733 0.1565752427 0)
(2.57254297 0.155360773 0)
(2.584160797 0.1536621028 0)
(2.593966082 0.1515649434 0)
(2.603485355 0.1501000375 0)
(2.614969749 0.1500125674 0)
(2.62878427 0.1518079813 0)
(2.643580556 0.1534105731 0)
(2.657897222 0.1527707343 0)
(2.576157861 -0.6355036117 0)
(2.596209552 -0.6232361059 0)
(2.592009485 -0.5774811582 0)
(2.512433222 -0.3808914539 0)
(2.297171806 -0.005586572719 0)
(2.233091757 0.1436140945 0)
(2.246693206 0.1667282485 0)
(2.264950092 0.1721642147 0)
(2.284302501 0.1690409249 0)
(2.305345005 0.165373372 0)
(2.329391773 0.1658149328 0)
(2.354786614 0.1694850919 0)
(2.377790664 0.1733331167 0)
(2.396278032 0.1749801231 0)
(2.410661961 0.1722963113 0)
(2.423241038 0.1670184905 0)
(2.438054345 0.1666639021 0)
(2.454754936 0.1686575828 0)
(2.471875794 0.1714200263 0)
(2.490016817 0.1742558707 0)
(2.507508683 0.1747285961 0)
(2.523564665 0.1729861517 0)
(2.538634486 0.1714847451 0)
(2.553204945 0.1708653723 0)
(2.566467725 0.1702685939 0)
(2.577680861 0.1688110409 0)
(2.587385556 0.1666302214 0)
(2.597262048 0.165140875 0)
(2.608860785 0.1646894304 0)
(2.622516963 0.165477071 0)
(2.63761085 0.1664731289 0)
(2.652837289 0.1668591837 0)
(2.571614815 -0.6323030924 0)
(2.597454659 -0.6107868012 0)
(2.607172945 -0.5896206598 0)
(2.591835677 -0.5304003638 0)
(2.413837694 -0.1685971236 0)
(2.270641888 0.09288495542 0)
(2.248448104 0.1799797048 0)
(2.266054366 0.1844541089 0)
(2.291709204 0.1850376104 0)
(2.313678018 0.1854755399 0)
(2.330354931 0.1831496273 0)
(2.349313181 0.1840437337 0)
(2.369695232 0.1872982261 0)
(2.388639703 0.189512442 0)
(2.405560305 0.1887806343 0)
(2.423618303 0.1861222466 0)
(2.441476069 0.1834155946 0)
(2.460115628 0.1853245207 0)
(2.477370407 0.1899866494 0)
(2.490675744 0.1923759944 0)
(2.504304201 0.1917047843 0)
(2.519647589 0.1894176483 0)
(2.535462619 0.1875237641 0)
(2.550554985 0.1867226638 0)
(2.564391354 0.1864351909 0)
(2.577217759 0.1860287641 0)
(2.589694217 0.1853712567 0)
(2.60172532 0.1848160823 0)
(2.613535277 0.1843257333 0)
(2.62600385 0.1844594912 0)
(2.639467274 0.1850222491 0)
(2.653057928 0.1848170797 0)
(2.56855924 -0.6351876311 0)
(2.599843147 -0.5953034622 0)
(2.615266422 -0.5915854287 0)
(2.616352011 -0.5570782416 0)
(2.571932344 -0.4390429491 0)
(2.343754189 -0.01136807768 0)
(2.272902 0.1608958464 0)
(2.271621283 0.1964299583 0)
(2.28819135 0.2073632886 0)
(2.309151266 0.2057461624 0)
(2.327133017 0.2008094519 0)
(2.346227172 0.2012700418 0)
(2.367600629 0.2049137622 0)
(2.389122469 0.2074211319 0)
(2.407605564 0.2069616719 0)
(2.421988733 0.2033804426 0)
(2.437346128 0.1990453854 0)
(2.453936251 0.2004075248 0)
(2.470389709 0.2057905827 0)
(2.486841762 0.2095050694 0)
(2.502207281 0.2091608178 0)
(2.516550133 0.2058060784 0)
(2.530585618 0.2022173274 0)
(2.544990531 0.200571474 0)
(2.559571396 0.2004299104 0)
(2.573179612 0.2005395703 0)
(2.585172831 0.2003270204 0)
(2.595980175 0.2002511307 0)
(2.607191592 0.2000951555 0)
(2.619615568 0.1999271813 0)
(2.632862683 0.1998970589 0)
(2.646920248 0.1994827222 0)
(2.566927658 -0.6344201569 0)
(2.597909418 -0.5923815032 0)
(2.62050093 -0.5729126453 0)
(2.628157564 -0.5659803132 0)
(2.619358595 -0.5276692591 0)
(2.505060859 -0.2643431289 0)
(2.326270867 0.09670527906 0)
(2.274285418 0.2199503977 0)
(2.286123467 0.2310083937 0)
(2.303966205 0.2264617492 0)
(2.321947081 0.2182057496 0)
(2.340963257 0.2161172328 0)
(2.36275595 0.2184806411 0)
(2.385514185 0.2220959801 0)
(2.406351977 0.2238891877 0)
(2.424109472 0.2213853302 0)
(2.438400771 0.2179580414 0)
(2.451576802 0.2190138753 0)
(2.466654598 0.2228879989 0)
(2.482980519 0.2255820795 0)
(2.499122239 0.225086941 0)
(2.515172541 0.2223202548 0)
(2.532045513 0.2196989471 0)
(2.54883216 0.2181125462 0)
(2.563678904 0.2179011075 0)
(2.575607486 0.2182744664 0)
(2.584816241 0.2174407528 0)
(2.593312324 0.2164282257 0)
(2.603451434 0.215727827 0)
(2.616268745 0.2159141034 0)
(2.631308342 0.2168704798 0)
(2.646815271 0.2168990016 0)
(2.567717784 -0.6316784554 0)
(2.597871185 -0.5921784321 0)
(2.625361503 -0.5587080979 0)
(2.638855027 -0.558094693 0)
(2.636631811 -0.5376019308 0)
(2.614562762 -0.4578860026 0)
(2.42325567 -0.05199010576 0)
(2.319695086 0.1752851919 0)
(2.29732595 0.2406270573 0)
(2.30656891 0.2415062123 0)
(2.326169424 0.2377144219 0)
(2.344254588 0.2347907684 0)
(2.362459822 0.2340870996 0)
(2.382915739 0.2367283174 0)
(2.403489823 0.2384800245 0)
(2.421101378 0.2370594223 0)
(2.434650348 0.2352818296 0)
(2.447306045 0.2357470443 0)
(2.461998642 0.2378094356 0)
(2.478816678 0.239646653 0)
(2.496848864 0.2397269295 0)
(2.514747351 0.2379520533 0)
(2.530775116 0.2356341157 0)
(2.544886176 0.2337230557 0)
(2.557740558 0.2330039639 0)
(2.569577546 0.2331937518 0)
(2.581223714 0.233143503 0)
(2.593332223 0.2329905046 0)
(2.605780663 0.2328533429 0)
(2.618564392 0.2335101386 0)
(2.631372327 0.2335692614 0)
(2.643630537 0.23134593 0)
(2.569864871 -0.6286720517 0)
(2.599793392 -0.5898934676 0)
(2.626272607 -0.5559070107 0)
(2.645793626 -0.5382664671 0)
(2.647177737 -0.5451498666 0)
(2.648159196 -0.5090633774 0)
(2.585115744 -0.3298400121 0)
(2.388299108 0.08794917837 0)
(2.307804688 0.2446334246 0)
(2.308564858 0.2587410237 0)
(2.324236246 0.2585980285 0)
(2.343051481 0.2520701723 0)
(2.362023222 0.249417505 0)
(2.382763466 0.2520434674 0)
(2.403092797 0.2543433603 0)
(2.420478158 0.2546200063 0)
(2.434935644 0.2541827252 0)
(2.448840676 0.2543647595 0)
(2.464219101 0.2554108868 0)
(2.481391084 0.2564555306 0)
(2.498890389 0.256303767 0)
(2.514776199 0.2542833846 0)
(2.528739334 0.2514492831 0)
(2.541959401 0.2496332501 0)
(2.554972029 0.2494643449 0)
(2.56754093 0.2501548477 0)
(2.579290631 0.2499528257 0)
(2.590211026 0.2489374157 0)
(2.600952176 0.2476701118 0)
(2.613005232 0.2475171805 0)
(2.627376528 0.2475740125 0)
(2.643655865 0.2466606517 0)
(2.572311154 -0.6227324702 0)
(2.605363905 -0.5825200022 0)
(2.629496505 -0.5531781522 0)
(2.652380662 -0.5256816024 0)
(2.661793212 -0.5291102867 0)
(2.65929267 -0.514546685 0)
(2.651967117 -0.4565071332 0)
(2.517960027 -0.122973611 0)
(2.372651918 0.1826967042 0)
(2.312924764 0.2782225512 0)
(2.324929289 0.2797003777 0)
(2.341963881 0.2698886301 0)
(2.360058324 0.2650373414 0)
(2.380051494 0.2660150147 0)
(2.399842651 0.2683294921 0)
(2.417308512 0.2701621337 0)
(2.432200832 0.2706775103 0)
(2.445969146 0.2706127863 0)
(2.460445044 0.2706266307 0)
(2.476698889 0.2704839369 0)
(2.494348108 0.2700051297 0)
(2.512176119 0.2691816551 0)
(2.528662575 0.2682979627 0)
(2.54277738 0.2675494239 0)
(2.554783838 0.267209791 0)
(2.56552905 0.2667128123 0)
(2.576292004 0.2656819143 0)
(2.588889947 0.2654936972 0)
(2.60358528 0.2651574534 0)
(2.618069644 0.2645202267 0)
(2.631028433 0.2640356655 0)
(2.642524173 0.2620665357 0)
(2.576267804 -0.6201340357 0)
(2.608888005 -0.5798063127 0)
(2.633524061 -0.5481383038 0)
(2.656942721 -0.5218612341 0)
(2.670967283 -0.5093907328 0)
(2.665375333 -0.5168910551 0)
(2.67832194 -0.4820689697 0)
(2.644835702 -0.3643803394 0)
(2.452753449 0.07119649876 0)
(2.347554843 0.2593976493 0)
(2.333415288 0.2917985469 0)
(2.346046946 0.287586834 0)
(2.36586372 0.285703226 0)
(2.384106982 0.2842662315 0)
(2.401466716 0.2851488205 0)
(2.418056707 0.2872753226 0)
(2.432973397 0.2882529452 0)
(2.446631143 0.2882508636 0)
(2.461225161 0.2881163975 0)
(2.478196271 0.2878275439 0)
(2.495943416 0.2871628147 0)
(2.511994304 0.2858039335 0)
(2.525504032 0.2839361728 0)
(2.537511337 0.2821716534 0)
(2.549424557 0.2813642668 0)
(2.562378965 0.2814910772 0)
(2.576741664 0.2818206095 0)
(2.590716188 0.2822274154 0)
(2.603072218 0.2812616921 0)
(2.614216258 0.2795844337 0)
(2.625293276 0.2784042255 0)
(2.63797689 0.2766719821 0)
(2.586109712 -0.6103222814 0)
(2.613330871 -0.5734979331 0)
(2.639731119 -0.5387005093 0)
(2.663328526 -0.5156197284 0)
(2.67679269 -0.497333474 0)
(2.681130164 -0.4962395111 0)
(2.683600661 -0.4936684385 0)
(2.680782436 -0.4333094836 0)
(2.61143462 -0.2054726402 0)
(2.428421689 0.1666394241 0)
(2.347239201 0.2933030779 0)
(2.350930032 0.3067174767 0)
(2.364359709 0.3042044105 0)
(2.380600527 0.2990076809 0)
(2.398320303 0.2993244287 0)
(2.416118686 0.302304986 0)
(2.432504146 0.3043224033 0)
(2.447363598 0.3048544864 0)
(2.462137186 0.3045141532 0)
(2.477795247 0.3036683887 0)
(2.494191773 0.3032469571 0)
(2.510126076 0.3030756679 0)
(2.524722251 0.3022899761 0)
(2.538392571 0.3006354553 0)
(2.551901228 0.2989905622 0)
(2.564941864 0.2982632163 0)
(2.57668626 0.2976598341 0)
(2.587525605 0.2968416242 0)
(2.598687246 0.2955006612 0)
(2.610377608 0.2944211228 0)
(2.622764372 0.2934418725 0)
(2.635375061 0.291248114 0)
(2.592900212 -0.6045439352 0)
(2.617757234 -0.5698151661 0)
(2.642357646 -0.5362681194 0)
(2.66791641 -0.5071388909 0)
(2.683111154 -0.4905444552 0)
(2.690035366 -0.4792209384 0)
(2.686271736 -0.4848248856 0)
(2.701849278 -0.446610599 0)
(2.688008128 -0.3627217993 0)
(2.534874817 0.005210141388 0)
(2.39549077 0.2582918205 0)
(2.354403262 0.3260652465 0)
(2.366186012 0.3243639736 0)
(2.384824038 0.3188271389 0)
(2.404001132 0.3192258706 0)
(2.422514052 0.321638536 0)
(2.438241265 0.3226638432 0)
(2.450585384 0.3217522212 0)
(2.462901332 0.3202965805 0)
(2.4767669 0.319145172 0)
(2.491715198 0.3188281148 0)
(2.50659921 0.3186757691 0)
(2.520422376 0.3174875814 0)
(2.533577037 0.3151282262 0)
(2.547088719 0.3131918785 0)
(2.561222952 0.3130373747 0)
(2.575305434 0.3133789716 0)
(2.588673324 0.3135363399 0)
(2.601303789 0.3129892913 0)
(2.613046261 0.312213449 0)
(2.623740764 0.3106296981 0)
(2.634571187 0.3077009633 0)
(2.604081744 -0.5927541172 0)
(2.625633952 -0.5598173493 0)
(2.646318522 -0.5294556293 0)
(2.67228869 -0.4974871329 0)
(2.692347997 -0.4778130215 0)
(2.695085914 -0.4685700546 0)
(2.698766839 -0.4637378168 0)
(2.706725299 -0.4564550265 0)
(2.71165562 -0.4002731532 0)
(2.671298014 -0.2505763687 0)
(2.476623125 0.1532159367 0)
(2.369641023 0.316471984 0)
(2.366832464 0.3317178825 0)
(2.380127576 0.3363456151 0)
(2.400563605 0.3371478716 0)
(2.420413075 0.338239312 0)
(2.437923239 0.3396897903 0)
(2.454022185 0.3389581126 0)
(2.469563497 0.3370136223 0)
(2.484480266 0.3371573816 0)
(2.498042754 0.3382321041 0)
(2.510402753 0.3376184613 0)
(2.523308855 0.3358803897 0)
(2.53726235 0.334065299 0)
(2.550733577 0.3324478928 0)
(2.562389535 0.3307396656 0)
(2.573008479 0.3291337925 0)
(2.584167485 0.32812004 0)
(2.595918543 0.3271507408 0)
(2.607722295 0.3269460107 0)
(2.620034401 0.3269126743 0)
(2.633385167 0.3250837813 0)
(2.611766288 -0.5840088309 0)
(2.630541415 -0.552707719 0)
(2.649009325 -0.5249355248 0)
(2.674540256 -0.4935241686 0)
(2.697325116 -0.4651415376 0)
(2.700909106 -0.4615726315 0)
(2.707930053 -0.4479553203 0)
(2.714254001 -0.4425088741 0)
(2.720835965 -0.4061006614 0)
(2.718860099 -0.3451103232 0)
(2.609348217 -0.06143694291 0)
(2.442375553 0.244276214 0)
(2.368761336 0.3489473148 0)
(2.378160243 0.3564402002 0)
(2.394984309 0.3541658887 0)
(2.414637824 0.3530407304 0)
(2.433934183 0.3544575979 0)
(2.451241185 0.3544700773 0)
(2.466457188 0.3533775767 0)
(2.480685264 0.3532664171 0)
(2.494271267 0.3535812926 0)
(2.508680021 0.3530869045 0)
(2.524035967 0.3523663442 0)
(2.538383354 0.351283338 0)
(2.550829487 0.3498617759 0)
(2.563768515 0.3489386896 0)
(2.578110862 0.3477581458 0)
(2.59045665 0.3464990283 0)
(2.599297257 0.344727503 0)
(2.607086796 0.3433572199 0)
(2.616729538 0.3419841721 0)
(2.628896057 0.3390857352 0)
(2.6230243 -0.5710800633 0)
(2.635435422 -0.5439292288 0)
(2.653518049 -0.5162249734 0)
(2.678256127 -0.486981452 0)
(2.70213642 -0.453606874 0)
(2.712417873 -0.4451013547 0)
(2.712017682 -0.4402062867 0)
(2.724878933 -0.4217570842 0)
(2.725429937 -0.4077311739 0)
(2.739164449 -0.3663926048 0)
(2.716937474 -0.2671296796 0)
(2.523793806 0.1497408236 0)
(2.402979448 0.3296162532 0)
(2.387346664 0.3740449389 0)
(2.397661531 0.3721778354 0)
(2.414824038 0.3707202838 0)
(2.432469567 0.3706304631 0)
(2.449103283 0.3710867563 0)
(2.464683202 0.3716394835 0)
(2.479305749 0.371950685 0)
(2.493512016 0.3711455817 0)
(2.507709805 0.3691008752 0)
(2.521805539 0.3673762869 0)
(2.53635816 0.3669245778 0)
(2.551675623 0.3673124017 0)
(2.566294569 0.3668775874 0)
(2.579156081 0.3650029861 0)
(2.590579542 0.3637577591 0)
(2.60139671 0.3626962546 0)
(2.611946519 0.3616017274 0)
(2.622759956 0.3604906917 0)
(2.634276109 0.3579622588 0)
(2.634550331 -0.5554656607 0)
(2.641625526 -0.5329247879 0)
(2.656238535 -0.5089207116 0)
(2.682192823 -0.4801294285 0)
(2.706742374 -0.4456892438 0)
(2.718723758 -0.4307034943 0)
(2.718491432 -0.4323492374 0)
(2.729648181 -0.4091722456 0)
(2.737181095 -0.3893130277 0)
(2.741345153 -0.3714012394 0)
(2.744654141 -0.3206254026 0)
(2.681176593 -0.113380383 0)
(2.491875858 0.2432449321 0)
(2.397835476 0.3759356712 0)
(2.399866472 0.3892192068 0)
(2.414075286 0.39038222 0)
(2.431557311 0.3882310004 0)
(2.448415487 0.3887619637 0)
(2.46344678 0.3898705623 0)
(2.477121888 0.3894974693 0)
(2.491137672 0.3876837402 0)
(2.506412155 0.3857413193 0)
(2.522602993 0.3848267107 0)
(2.538127294 0.3845206666 0)
(2.551499739 0.3838346212 0)
(2.56323085 0.3817414708 0)
(2.574286454 0.3789773714 0)
(2.58505571 0.3775736827 0)
(2.596165226 0.3766385109 0)
(2.607513527 0.3757920978 0)
(2.618638093 0.3744255421 0)
(2.629541531 0.371403915 0)
(2.642142708 -0.5429765922 0)
(2.647328578 -0.5237764171 0)
(2.658569905 -0.5037055675 0)
(2.686141844 -0.4731641304 0)
(2.712608322 -0.4371249798 0)
(2.724767517 -0.4176713455 0)
(2.729702267 -0.4188892826 0)
(2.735138873 -0.4022318641 0)
(2.745555244 -0.3697797019 0)
(2.740732305 -0.3676732574 0)
(2.763589288 -0.3355545195 0)
(2.753792189 -0.2570985414 0)
(2.595122248 0.108583613 0)
(2.451413646 0.3472226077 0)
(2.400963742 0.4099447735 0)
(2.409998747 0.4113073783 0)
(2.427824128 0.4071219684 0)
(2.445661009 0.4060807192 0)
(2.460161148 0.4054635327 0)
(2.472652871 0.4039211471 0)
(2.485885671 0.4017720821 0)
(2.501073919 0.3996422395 0)
(2.518003231 0.3990619037 0)
(2.535321874 0.3999049626 0)
(2.551297535 0.4004152995 0)
(2.565024059 0.3993865307 0)
(2.57696638 0.3974381663 0)
(2.587770308 0.3963002411 0)
(2.598183321 0.3951124401 0)
(2.60878422 0.3938878752 0)
(2.620071349 0.3921477346 0)
(2.632271804 0.3888112974 0)
(2.65529478 -0.5256456924 0)
(2.658914707 -0.5072927724 0)
(2.664133179 -0.493484432 0)
(2.689678675 -0.4649968539 0)
(2.719283025 -0.4253168967 0)
(2.730637896 -0.4085216156 0)
(2.740814068 -0.4031835184 0)
(2.745676098 -0.3932115376 0)
(2.75249084 -0.3580107083 0)
(2.754067348 -0.3466613329 0)
(2.761428914 -0.3427571576 0)
(2.777657018 -0.2931820993 0)
(2.738411545 -0.1409015174 0)
(2.539518678 0.2584667222 0)
(2.410763385 0.4109910189 0)
(2.408952425 0.424309317 0)
(2.422962975 0.4257048909 0)
(2.44235041 0.4247863569 0)
(2.460207193 0.4227453929 0)
(2.476222342 0.421750352 0)
(2.491502583 0.421429578 0)
(2.506761733 0.4210767573 0)
(2.52149224 0.4199290898 0)
(2.535053273 0.4174185175 0)
(2.547431051 0.4144622879 0)
(2.559366528 0.4122090325 0)
(2.571302789 0.4108597298 0)
(2.583335815 0.4114725841 0)
(2.595513961 0.411914433 0)
(2.607487228 0.4113310122 0)
(2.61918435 0.4094171033 0)
(2.630580963 0.4048074032 0)
(2.662584627 -0.5123444974 0)
(2.66446679 -0.4960918397 0)
(2.668185267 -0.4870842752 0)
(2.691461267 -0.4604374804 0)
(2.723251495 -0.4175062601 0)
(2.736899197 -0.3987421073 0)
(2.746729106 -0.3941667858 0)
(2.758626323 -0.3795127478 0)
(2.761831781 -0.348809442 0)
(2.761799336 -0.3296091943 0)
(2.762044801 -0.3367689877 0)
(2.789993998 -0.3017161064 0)
(2.785759153 -0.2371687186 0)
(2.661629232 0.06566013232 0)
(2.497317424 0.3388888275 0)
(2.418057511 0.4341025998 0)
(2.421809466 0.4456086993 0)
(2.43640179 0.4413086758 0)
(2.454411553 0.436214816 0)
(2.471686175 0.4354480436 0)
(2.487101675 0.436047963 0)
(2.501381524 0.4356836999 0)
(2.515596331 0.4341295535 0)
(2.530742329 0.4326098658 0)
(2.546393986 0.4319737974 0)
(2.560576763 0.4318031223 0)
(2.571994467 0.4312799249 0)
(2.581362227 0.4304116667 0)
(2.590986134 0.427907427 0)
(2.6015324 0.424762005 0)
(2.612977693 0.421965182 0)
(2.625931421 0.4185255969 0)
(2.674981506 -0.4959788898 0)
(2.676719825 -0.4793933897 0)
(2.677680735 -0.47383447 0)
(2.695217141 -0.4510188328 0)
(2.727853225 -0.4073818122 0)
(2.742782069 -0.3874046705 0)
(2.753980276 -0.384132169 0)
(2.772233576 -0.3621579853 0)
(2.775676906 -0.334172652 0)
(2.770796363 -0.317187366 0)
(2.771619194 -0.3192383313 0)
(2.790063474 -0.3102718793 0)
(2.802681733 -0.2585943991 0)
(2.776767913 -0.1458810787 0)
(2.581684571 0.264094491 0)
(2.447306471 0.4438884688 0)
(2.424653925 0.4633771776 0)
(2.436030745 0.4590081204 0)
(2.454168125 0.4542302054 0)
(2.471579437 0.4543618822 0)
(2.486629322 0.4557746196 0)
(2.500110588 0.4550397146 0)
(2.513816395 0.4526680084 0)
(2.528248944 0.4503112341 0)
(2.542447004 0.4486726536 0)
(2.555098941 0.4473936704 0)
(2.565749387 0.4460218739 0)
(2.576472427 0.445025064 0)
(2.589040576 0.4428877908 0)
(2.602947369 0.4406083034 0)
(2.617386445 0.4388449717 0)
(2.630348041 0.4361950319 0)
(2.68505596 -0.4815759907 0)
(2.685877657 -0.4655166286 0)
(2.684965898 -0.4639574017 0)
(2.698981734 -0.4442196626 0)
(2.730626097 -0.4005107944 0)
(2.74546085 -0.3792716588 0)
(2.759075412 -0.3770588897 0)
(2.77916837 -0.3539969937 0)
(2.787621873 -0.3183096865 0)
(2.781390537 -0.3073157228 0)
(2.783015173 -0.3014692992 0)
(2.792817801 -0.3011949747 0)
(2.811011381 -0.26313461 0)
(2.809438739 -0.2094996858 0)
(2.729956432 0.01861594216 0)
(2.550199212 0.3487513681 0)
(2.444086729 0.4573837555 0)
(2.44483965 0.4704870007 0)
(2.455950805 0.4740629976 0)
(2.46947798 0.4738929198 0)
(2.481706075 0.4731874142 0)
(2.493959658 0.4712167134 0)
(2.507407868 0.4687695872 0)
(2.522217893 0.4669794858 0)
(2.538023648 0.4663456229 0)
(2.553537103 0.4663013798 0)
(2.568058559 0.4651465557 0)
(2.580946388 0.462940859 0)
(2.593026987 0.4602255419 0)
(2.6048054 0.4581046489 0)
(2.615627825 0.4549779481 0)
(2.625663966 0.4502659805 0)
(2.697355895 -0.4665652706 0)
(2.699426095 -0.4488627543 0)
(2.697691907 -0.4497568979 0)
(2.707359394 -0.4333454468 0)
(2.734748275 -0.3907466738 0)
(2.747988107 -0.3708435398 0)
(2.763020758 -0.3677739094 0)
(2.787649482 -0.3419527423 0)
(2.798710482 -0.3021505792 0)
(2.795978917 -0.2886175307 0)
(2.790686113 -0.2922157749 0)
(2.801213158 -0.2837240275 0)
(2.815071146 -0.2628985705 0)
(2.822822117 -0.2234548031 0)
(2.808853975 -0.13944346 0)
(2.635177014 0.2418285443 0)
(2.491246485 0.4325425698 0)
(2.455074135 0.4882407559 0)
(2.45294921 0.4952780944 0)
(2.464331079 0.4938783276 0)
(2.477377619 0.4914123894 0)
(2.489638032 0.4876154262 0)
(2.502245125 0.483720387 0)
(2.517264914 0.4812684811 0)
(2.534256884 0.4807871088 0)
(2.550504834 0.4811387 0)
(2.564319595 0.4796405085 0)
(2.575823215 0.4767952124 0)
(2.586786626 0.4733090485 0)
(2.598071496 0.4704436052 0)
(2.610256745 0.4686966351 0)
(2.62407429 0.4673103096 0)
(2.70797691 -0.4530968765 0)
(2.711635492 -0.4337090519 0)
(2.711073122 -0.4358072826 0)
(2.718590854 -0.4213334748 0)
(2.739995653 -0.3796816928 0)
(2.750161344 -0.3628067783 0)
(2.764070888 -0.3601564235 0)
(2.790973989 -0.3340799564 0)
(2.805503518 -0.2912629431 0)
(2.805734209 -0.2726718681 0)
(2.800483026 -0.2809208206 0)
(2.808771506 -0.2680445196 0)
(2.82080177 -0.2496358209 0)
(2.828200064 -0.2208984892 0)
(2.829703679 -0.1805368334 0)
(2.780489269 -0.0123385089 0)
(2.567352392 0.3720269327 0)
(2.452968677 0.5062962124 0)
(2.45289281 0.5141963747 0)
(2.461651829 0.5121266229 0)
(2.475988349 0.5078125616 0)
(2.492780324 0.5048584823 0)
(2.509693357 0.50366434 0)
(2.525597769 0.5013933611 0)
(2.539319635 0.4990618433 0)
(2.551370662 0.497669103 0)
(2.563188821 0.4958556363 0)
(2.574860285 0.4936672092 0)
(2.586603157 0.4905813455 0)
(2.598345965 0.4877103635 0)
(2.609538353 0.4852265197 0)
(2.620195434 0.4817850774 0)
(2.717146784 -0.4386966442 0)
(2.722930982 -0.418742426 0)
(2.725374497 -0.4213464774 0)
(2.732177227 -0.4085496977 0)
(2.746621505 -0.3686406199 0)
(2.75303939 -0.3549643815 0)
(2.763817623 -0.3525683909 0)
(2.793039579 -0.3236794782 0)
(2.811120813 -0.2794314837 0)
(2.812572955 -0.2584896564 0)
(2.812562177 -0.2657766187 0)
(2.813345663 -0.260680115 0)
(2.82989529 -0.2290901181 0)
(2.828604976 -0.2184490181 0)
(2.842891048 -0.1914841912 0)
(2.832507913 -0.1229197062 0)
(2.688004736 0.1953485618 0)
(2.531624052 0.4376296846 0)
(2.45480931 0.5224108339 0)
(2.462412462 0.5282004774 0)
(2.479700649 0.5256521647 0)
(2.497750142 0.5233439742 0)
(2.513484365 0.5203888159 0)
(2.527500567 0.5175350125 0)
(2.540786645 0.5169551025 0)
(2.553113141 0.516900103 0)
(2.564201346 0.5155106675 0)
(2.574188517 0.512677985 0)
(2.584172022 0.5081936455 0)
(2.594628136 0.5043300658 0)
(2.605894627 0.5019565025 0)
(2.618553527 0.4993930449 0)
(2.721760484 -0.4279369532 0)
(2.73048729 -0.4064570058 0)
(2.737825139 -0.4076694553 0)
(2.74923988 -0.3915703479 0)
(2.757625046 -0.3522849483 0)
(2.759323884 -0.3416272379 0)
(2.76450465 -0.3426882042 0)
(2.792744835 -0.3142738981 0)
(2.814396896 -0.2684493908 0)
(2.817629561 -0.245167963 0)
(2.82259307 -0.2486471989 0)
(2.821181963 -0.2487414047 0)
(2.835625957 -0.2156634258 0)
(2.838927556 -0.1986206825 0)
(2.84680664 -0.1886268398 0)
(2.847383377 -0.1506905704 0)
(2.81895559 -0.0211569406 0)
(2.584303987 0.4071917292 0)
(2.474281015 0.5203212709 0)
(2.470228955 0.5380615457 0)
(2.48075769 0.5433770537 0)
(2.499196494 0.5448386529 0)
(2.515819736 0.5407556111 0)
(2.528078273 0.5353116803 0)
(2.537751689 0.5318651524 0)
(2.547101728 0.5300825623 0)
(2.556398723 0.5277977017 0)
(2.565304909 0.5243515432 0)
(2.574701816 0.5196955553 0)
(2.584927539 0.516193976 0)
(2.597237947 0.5139194682 0)
(2.612107789 0.5121902427 0)
(2.725137841 -0.4151074686 0)
(2.735581256 -0.3943889474 0)
(2.746678646 -0.3952204253 0)
(2.760988965 -0.3771751968 0)
(2.766125861 -0.339700292 0)
(2.765181637 -0.3313530722 0)
(2.766122926 -0.3354302212 0)
(2.791489246 -0.3072530458 0)
(2.815296344 -0.2593078676 0)
(2.82006308 -0.2357662711 0)
(2.826832216 -0.2361920241 0)
(2.829066037 -0.2393007899 0)
(2.841181948 -0.208067279 0)
(2.84283274 -0.1814824907 0)
(2.842770648 -0.185181554 0)
(2.861562419 -0.1576359973 0)
(2.854400667 -0.09858709823 0)
(2.724922789 0.1806378085 0)
(2.548846914 0.4490072356 0)
(2.476834572 0.5599803869 0)
(2.480008754 0.5690251766 0)
(2.493583416 0.5645071036 0)
(2.509827316 0.5565804999 0)
(2.524195314 0.5530075161 0)
(2.536781199 0.5520065352 0)
(2.54852168 0.5512286191 0)
(2.559751406 0.5486918654 0)
(2.570230693 0.5445448817 0)
(2.580442104 0.5393514256 0)
(2.590847445 0.5354339151 0)
(2.601722012 0.5322935488 0)
(2.612445469 0.5285969583 0)
(2.72599064 -0.405419218 0)
(2.737498292 -0.3853183767 0)
(2.751393539 -0.3846457883 0)
(2.772264448 -0.3606595931 0)
(2.778752368 -0.3215079026 0)
(2.776652991 -0.3128546966 0)
(2.773793244 -0.3197694615 0)
(2.792017596 -0.2956006153 0)
(2.816932316 -0.2467511726 0)
(2.823260119 -0.2215191824 0)
(2.830271549 -0.2231334197 0)
(2.841029765 -0.2203927551 0)
(2.848959937 -0.1934654381 0)
(2.848902126 -0.1649935512 0)
(2.851093374 -0.1646586578 0)
(2.865268444 -0.1593372936 0)
(2.86641339 -0.1155073217 0)
(2.82978163 0.005541083475 0)
(2.630940361 0.3764294519 0)
(2.495411951 0.5551648248 0)
(2.471483527 0.5837764949 0)
(2.481938887 0.5800727069 0)
(2.499241735 0.5727924565 0)
(2.515316196 0.5681519381 0)
(2.529783401 0.5665911068 0)
(2.5436911 0.5654813771 0)
(2.557217393 0.5630504365 0)
(2.569750623 0.5595554214 0)
(2.58119721 0.5552752329 0)
(2.591963993 0.5518237956 0)
(2.603328447 0.5500039834 0)
(2.615785445 0.5476212779 0)
(2.727011628 -0.3943028286 0)
(2.738408622 -0.3754341994 0)
(2.753482132 -0.3737622079 0)
(2.777958186 -0.3476666497 0)
(2.785695187 -0.3090801921 0)
(2.783907139 -0.3002285739 0)
(2.780058496 -0.3090886583 0)
(2.792928074 -0.2891813364 0)
(2.817087329 -0.240178225 0)
(2.82352528 -0.2137496501 0)
(2.831191971 -0.2161571182 0)
(2.843310099 -0.2097820807 0)
(2.854070836 -0.1819647735 0)
(2.853694759 -0.1571766617 0)
(2.854847742 -0.1499446518 0)
(2.863526979 -0.1543027593 0)
(2.877547201 -0.1200910798 0)
(2.867900216 -0.06486722538 0)
(2.771136472 0.1674715419 0)
(2.553557499 0.4918011546 0)
(2.485667654 0.577185821 0)
(2.48623886 0.5907436907 0)
(2.497365136 0.5927574087 0)
(2.512212512 0.5877560084 0)
(2.527073878 0.5835107439 0)
(2.54206971 0.5820885831 0)
(2.557054863 0.5805186692 0)
(2.570654641 0.5770310049 0)
(2.582061701 0.571673605 0)
(2.591498932 0.5664945023 0)
(2.600553987 0.5626741115 0)
(2.611021127 0.5594461423 0)
(2.728770207 -0.3818147002 0)
(2.738611323 -0.3663007967 0)
(2.752832313 -0.3635722974 0)
(2.78249166 -0.3335365109 0)
(2.794520287 -0.2922962134 0)
(2.795184194 -0.2809827055 0)
(2.792451306 -0.2902349217 0)
(2.79994758 -0.2742155943 0)
(2.821158103 -0.2260870293 0)
(2.826868471 -0.1991245474 0)
(2.834499374 -0.202445451 0)
(2.84670981 -0.1941056842 0)
(2.86347252 -0.1611529436 0)
(2.86198011 -0.1418751816 0)
(2.861308624 -0.1342225426 0)
(2.868976722 -0.136315081 0)
(2.885782366 -0.1195821848 0)
(2.877854601 -0.07395910484 0)
(2.855298727 0.01891744104 0)
(2.643308405 0.3811534932 0)
(2.510871787 0.5726973711 0)
(2.491582171 0.6215645904 0)
(2.499222897 0.6185146849 0)
(2.513845887 0.608349154 0)
(2.528182652 0.6003231064 0)
(2.542003777 0.5964671265 0)
(2.556502563 0.5947588483 0)
(2.570397187 0.5937580732 0)
(2.582630384 0.5911447523 0)
(2.593207638 0.5874727423 0)
(2.602937441 0.5839308247 0)
(2.612889442 0.5802745584 0)
(2.731164147 -0.3723919214 0)
(2.73904725 -0.35807213 0)
(2.751247651 -0.354425195 0)
(2.783774729 -0.3232183099 0)
(2.798616989 -0.2816863277 0)
(2.801064595 -0.2684749475 0)
(2.799990435 -0.2775378355 0)
(2.805618989 -0.2644741677 0)
(2.823992039 -0.2179999106 0)
(2.828364312 -0.1915564471 0)
(2.835260284 -0.1951173249 0)
(2.847207229 -0.1863556209 0)
(2.865808325 -0.1519474389 0)
(2.867021299 -0.1295823728 0)
(2.865381825 -0.1281781741 0)
(2.873508375 -0.1205949236 0)
(2.886125756 -0.1126117208 0)
(2.887668065 -0.07826370813 0)
(2.881738382 -0.03084054866 0)
(2.801622912 0.1621257894 0)
(2.572061227 0.5194174294 0)
(2.498183482 0.6176926539 0)
(2.500242496 0.624757347 0)
(2.513365655 0.6251708267 0)
(2.530652204 0.6216375968 0)
(2.545924474 0.6172929855 0)
(2.558324166 0.6125836337 0)
(2.567960742 0.6081116695 0)
(2.576634787 0.6034112299 0)
(2.585652484 0.5991182832 0)
(2.595704128 0.5959127931 0)
(2.607065527 0.5934868429 0)
(2.738863896 -0.3550059714 0)
(2.742756064 -0.3449182018 0)
(2.751182083 -0.3421414279 0)
(2.785482528 -0.3101429578 0)
(2.804108738 -0.2667810229 0)
(2.808939119 -0.2511089459 0)
(2.810940283 -0.259424034 0)
(2.816577678 -0.2480035562 0)
(2.831809456 -0.2026800039 0)
(2.83414765 -0.1775464962 0)
(2.839386088 -0.1807473412 0)
(2.850231779 -0.1717003724 0)
(2.871691104 -0.1368089785 0)
(2.874801352 -0.1110366516 0)
(2.874192593 -0.1125820325 0)
(2.878434922 -0.1064775479 0)
(2.89389236 -0.09139478333 0)
(2.896759801 -0.07260797033 0)
(2.893096781 -0.03777149457 0)
(2.875513142 0.03975106312 0)
(2.671243715 0.3903909093 0)
(2.542621965 0.5790539009 0)
(2.498518935 0.6382572354 0)
(2.506470789 0.6419678608 0)
(2.523179214 0.6380507263 0)
(2.540403618 0.6326844481 0)
(2.55516142 0.6295244215 0)
(2.56734314 0.6277251608 0)
(2.577162537 0.624958434 0)
(2.585547969 0.6211460464 0)
(2.594285443 0.616631106 0)
(2.604488281 0.6115809967 0)
(2.744352412 -0.3448044065 0)
(2.746676323 -0.3358517739 0)
(2.751778813 -0.3341591177 0)
(2.785233144 -0.3024912823 0)
(2.806378339 -0.2579462532 0)
(2.812597604 -0.2400988764 0)
(2.817092255 -0.2471494867 0)
(2.824369035 -0.2356780841 0)
(2.838009384 -0.1913427293 0)
(2.83899086 -0.1676064714 0)
(2.842062142 -0.1713451468 0)
(2.851149289 -0.1629403346 0)
(2.874532134 -0.1286278926 0)
(2.878412858 -0.1003049287 0)
(2.88081078 -0.1004154879 0)
(2.881703809 -0.1003010473 0)
(2.896537952 -0.07673856873 0)
(2.901538999 -0.06323541588 0)
(2.900773803 -0.03794634152 0)
(2.896877299 -6.871605954e-06 0)
(2.825522034 0.1702959554 0)
(2.60840226 0.5333817117 0)
(2.49689494 0.6535030495 0)
(2.497039308 0.6612330052 0)
(2.512251967 0.6565699855 0)
(2.530518301 0.6482432445 0)
(2.546841332 0.6429234702 0)
(2.56041731 0.6401666642 0)
(2.571113986 0.6372904517 0)
(2.580122721 0.6336679729 0)
(2.589981306 0.6297955722 0)
(2.601931108 0.6258648092 0)
(2.758416594 -0.3246747923 0)
(2.757705899 -0.3174366719 0)
(2.758206553 -0.3185721747 0)
(2.788290896 -0.2880702484 0)
(2.811275729 -0.2428090202 0)
(2.81852436 -0.2239976633 0)
(2.824970951 -0.2308235299 0)
(2.834169124 -0.2196478288 0)
(2.847266276 -0.1762888007 0)
(2.84722841 -0.1531280573 0)
(2.848041527 -0.1577384934 0)
(2.855313175 -0.1492956156 0)
(2.879395938 -0.1152594511 0)
(2.8848549 -0.08546497073 0)
(2.889422504 -0.08306737097 0)
(2.888810385 -0.08741635171 0)
(2.90239134 -0.06374379183 0)
(2.912013316 -0.04010777222 0)
(2.90611269 -0.03370589518 0)
(2.910764728 -0.006339387712 0)
(2.892881356 0.06327740664 0)
(2.70935795 0.3928512703 0)
(2.566648566 0.6074192817 0)
(2.498436639 0.6629215049 0)
(2.505638919 0.6679074628 0)
(2.522595727 0.6653437059 0)
(2.541014746 0.6611960658 0)
(2.557136328 0.6594086858 0)
(2.57032408 0.6575011159 0)
(2.581240535 0.6538170437 0)
(2.591829386 0.6486951934 0)
(2.603425556 0.6430353337 0)
(2.765394738 -0.3132890333 0)
(2.765135398 -0.3052409205 0)
(2.764129401 -0.3087783451 0)
(2.790004722 -0.2810365224 0)
(2.813876082 -0.2352052332 0)
(2.821506629 -0.2147391286 0)
(2.829111432 -0.2203067302 0)
(2.840748183 -0.2075701466 0)
(2.854845389 -0.1644408798 0)
(2.854833961 -0.1404641604 0)
(2.854646317 -0.1452798417 0)
(2.858801789 -0.1388386128 0)
(2.882977672 -0.1052941894 0)
(2.889962749 -0.07531120723 0)
(2.894634577 -0.06934927939 0)
(2.895629667 -0.07668758336 0)
(2.907612669 -0.05585604646 0)
(2.915467844 -0.02455335562 0)
(2.915098028 -0.01950412346 0)
(2.917104865 -0.004601411464 0)
(2.912659808 0.03065144699 0)
(2.843596057 0.1907126157 0)
(2.647512354 0.5447335934 0)
(2.505716727 0.6822676979 0)
(2.504103136 0.6853881277 0)
(2.513747613 0.6811618677 0)
(2.531495975 0.6752000158 0)
(2.549546728 0.6727402169 0)
(2.564604676 0.6706978104 0)
(2.577433475 0.6670761168 0)
(2.589988838 0.662681464 0)
(2.603320521 0.6583129525 0)
(2.779578949 -0.2937755259 0)
(2.78007692 -0.284789542 0)
(2.777561165 -0.2904592328 0)
(2.798143747 -0.2648563449 0)
(2.82142768 -0.2186866277 0)
(2.82873727 -0.1980319613 0)
(2.836362947 -0.2037944781 0)
(2.849022274 -0.1911641483 0)
(2.864188652 -0.1490486074 0)
(2.864417399 -0.124688339 0)
(2.863724059 -0.1300456589 0)
(2.864808209 -0.1258456186 0)
(2.888449399 -0.09273367692 0)
(2.896188079 -0.06237322633 0)
(2.900241047 -0.05647541999 0)
(2.905040129 -0.06095378876 0)
(2.913476046 -0.04553204883 0)
(2.921316862 -0.0123934676 0)
(2.922921968 0.0005062238605 0)
(2.919583229 -0.002612789938 0)
(2.928432602 0.0268424084 0)
(2.909059355 0.0910244041 0)
(2.742384474 0.4064598692 0)
(2.584197349 0.6360625818 0)
(2.51234531 0.6945315999 0)
(2.51724877 0.6974055626 0)
(2.530149915 0.6931549835 0)
(2.545452572 0.6894417579 0)
(2.559865011 0.6883137984 0)
(2.57348627 0.6857462708 0)
(2.587468165 0.681085984 0)
(2.601908305 0.6758466123 0)
(2.787192464 -0.2819894167 0)
(2.789104734 -0.270774492 0)
(2.786988169 -0.2778123999 0)
(2.803862049 -0.2558425365 0)
(2.826363507 -0.2103035769 0)
(2.833286875 -0.1890252026 0)
(2.840401283 -0.1944615557 0)
(2.853407408 -0.181552105 0)
(2.870730642 -0.1394212269 0)
(2.872174335 -0.1128183545 0)
(2.872245511 -0.1167301214 0)
(2.871426849 -0.1143908424 0)
(2.893928052 -0.08209218286 0)
(2.902316242 -0.04982554112 0)
(2.906369218 -0.04461415969 0)
(2.912114827 -0.04558321772 0)
(2.920092028 -0.03351162454 0)
(2.929072522 -0.0009296561749 0)
(2.928639526 0.01647806799 0)
(2.929662628 0.01175364403 0)
(2.935416102 0.02634480301 0)
(2.928837244 0.06569421394 0)
(2.8652339 0.2133424889 0)
(2.671327696 0.5643288286 0)
(2.53277363 0.7017022603 0)
(2.524157729 0.7132318658 0)
(2.528750855 0.7108658028 0)
(2.539257754 0.7057544122 0)
(2.550718939 0.7013231332 0)
(2.564261711 0.6969377545 0)
(2.579574307 0.6930892435 0)
(2.59573777 0.6896963126 0)
(2.797762414 -0.2664684347 0)
(2.802000864 -0.2522827432 0)
(2.801936657 -0.2591580081 0)
(2.816707804 -0.2384674797 0)
(2.837691657 -0.1928984171 0)
(2.843558355 -0.1715578285 0)
(2.849535638 -0.1771468964 0)
(2.861912941 -0.1646823568 0)
(2.88039504 -0.1234362448 0)
(2.882755723 -0.0959360627 0)
(2.883534852 -0.09916854499 0)
(2.880747982 -0.1001277326 0)
(2.9007222 -0.06985901278 0)
(2.908858152 -0.0371553426 0)
(2.913108289 -0.0317786206 0)
(2.916633042 -0.03412136863 0)
(2.928400699 -0.01789332914 0)
(2.935702758 0.009138896356 0)
(2.934783796 0.0288584326 0)
(2.937469725 0.02877825806 0)
(2.938847184 0.02982898381 0)
(2.943316587 0.06586807173 0)
(2.925128352 0.1241158209 0)
(2.769311502 0.4235415053 0)
(2.607816139 0.6611169147 0)
(2.528749903 0.726037199 0)
(2.530221848 0.7296134941 0)
(2.539024496 0.7280647705 0)
(2.550897438 0.7230488221 0)
(2.562287835 0.716458102 0)
(2.574618031 0.7104430646 0)
(2.589260355 0.7055675219 0)
(2.806222436 -0.253719849 0)
(2.811780967 -0.2370809281 0)
(2.812846423 -0.2444755017 0)
(2.825441226 -0.227078241 0)
(2.845587391 -0.1828322999 0)
(2.850845417 -0.1607242335 0)
(2.8556703 -0.1662454076 0)
(2.866447052 -0.1549347499 0)
(2.886473125 -0.1138676892 0)
(2.890195759 -0.08414177036 0)
(2.891824935 -0.08603079231 0)
(2.889146925 -0.08800952583 0)
(2.907709793 -0.05876346902 0)
(2.916032921 -0.02458239282 0)
(2.920314715 -0.01806512793 0)
(2.922261292 -0.02203155173 0)
(2.93501176 -0.003586089458 0)
(2.943616087 0.02349141156 0)
(2.942293117 0.03903687782 0)
(2.943675501 0.04429024591 0)
(2.946909722 0.04143166392 0)
(2.951246499 0.06446630698 0)
(2.944768142 0.1016411393 0)
(2.884021494 0.2408294781 0)
(2.706916765 0.5741619199 0)
(2.548419531 0.729387066 0)
(2.531986393 0.7520104448 0)
(2.533378298 0.7476446526 0)
(2.542848443 0.7399442143 0)
(2.554665368 0.7310023906 0)
(2.567515431 0.7233999497 0)
(2.582121492 0.7185007297 0)
(2.81539294 -0.2399372882 0)
(2.82213983 -0.2211178967 0)
(2.824842693 -0.2278764336 0)
(2.838645081 -0.2100128984 0)
(2.85860552 -0.1656821399 0)
(2.863019077 -0.1430223832 0)
(2.866552676 -0.1486930386 0)
(2.874762658 -0.1391580752 0)
(2.894807347 -0.09935967439 0)
(2.899413247 -0.06866350772 0)
(2.901949756 -0.06929120047 0)
(2.899545995 -0.07269956856 0)
(2.915539494 -0.04574664936 0)
(2.923629377 -0.01161521024 0)
(2.927408889 -0.003828826205 0)
(2.928775502 -0.00916732627 0)
(2.940364886 0.00799577052 0)
(2.95049017 0.03875189597 0)
(2.950276427 0.05136615306 0)
(2.949827133 0.05690362166 0)
(2.955000607 0.05834376483 0)
(2.958669488 0.07277027971 0)
(2.95679066 0.1074785387 0)
(2.941210958 0.1581549238 0)
(2.796356283 0.4469808975 0)
(2.631389177 0.6837134918 0)
(2.539624158 0.7552086588 0)
(2.539153341 0.763560796 0)
(2.547823514 0.7606341609 0)
(2.559331533 0.75151109 0)
(2.570106468 0.7423701797 0)
(2.581107106 0.7355282808 0)
(2.82385956 -0.2286124259 0)
(2.831477507 -0.206655577 0)
(2.83541934 -0.2128504513 0)
(2.847940488 -0.1973436341 0)
(2.868133925 -0.1539691466 0)
(2.872495859 -0.1294313166 0)
(2.875271773 -0.1344202292 0)
(2.880939734 -0.1268416013 0)
(2.901210048 -0.08788593293 0)
(2.906784221 -0.05531675174 0)
(2.910009422 -0.05468998756 0)
(2.907997886 -0.05880233415 0)
(2.92311351 -0.03273979852 0)
(2.93115436 0.001326369721 0)
(2.934246064 0.01018892008 0)
(2.935484722 0.004078477516 0)
(2.945806574 0.0197476619 0)
(2.956155161 0.05143600648 0)
(2.957486385 0.06604874482 0)
(2.955406934 0.06535765605 0)
(2.960408258 0.07439109481 0)
(2.9642242 0.08195999311 0)
(2.964419092 0.1075275064 0)
(2.960493899 0.1372670794 0)
(2.906697809 0.2649261574 0)
(2.728357759 0.6028910864 0)
(2.555343815 0.7686971495 0)
(2.544561981 0.7844921888 0)
(2.546463139 0.7778130552 0)
(2.555524135 0.768069781 0)
(2.567933807 0.7587562964 0)
(2.580105257 0.7521304139 0)
(2.834044084 -0.21309443 0)
(2.841658442 -0.1900127286 0)
(2.84587123 -0.1962021479 0)
(2.858484375 -0.1810383546 0)
(2.879276924 -0.1380075073 0)
(2.883456802 -0.1126308934 0)
(2.885455436 -0.117536381 0)
(2.888421152 -0.1123191158 0)
(2.907800545 -0.0749088045 0)
(2.913810813 -0.04133024977 0)
(2.917532461 -0.03937028418 0)
(2.915992245 -0.04404333352 0)
(2.93021605 -0.01936312159 0)
(2.938398641 0.01455221863 0)
(2.94099147 0.0241880034 0)
(2.942552647 0.0185327992 0)
(2.950638443 0.03155791203 0)
(2.9622135 0.06404778456 0)
(2.964176895 0.08256019958 0)
(2.962546702 0.07896322256 0)
(2.964874364 0.08747795514 0)
(2.974310626 0.1032265148 0)
(2.97326251 0.119468605 0)
(2.971260426 0.144908363 0)
(2.957107864 0.1919971914 0)
(2.818387447 0.4686902159 0)
(2.648474539 0.7076454001 0)
(2.552249625 0.7883325636 0)
(2.552131364 0.7949666241 0)
(2.560758766 0.7885818958 0)
(2.570861253 0.7778931184 0)
(2.581189203 0.769549997 0)
(2.841883455 -0.2026479138 0)
(2.849586129 -0.1766815573 0)
(2.853999728 -0.1820855725 0)
(2.865507563 -0.1683246533 0)
(2.887575648 -0.1257267241 0)
(2.892604484 -0.09755788047 0)
(2.894905777 -0.1008179805 0)
(2.896063387 -0.09743184601 0)
(2.914240123 -0.06159408104 0)
(2.920487489 -0.02721638016 0)
(2.924340858 -0.02428457756 0)
(2.922988762 -0.0294730777 0)
(2.93669678 -0.005693675244 0)
(2.945081957 0.02814357289 0)
(2.947423763 0.03810364803 0)
(2.948854185 0.03284976025 0)
(2.955474536 0.04380284301 0)
(2.967340129 0.07504850266 0)
(2.968652721 0.09472561332 0)
(2.968685072 0.09091820994 0)
(2.967939726 0.09405071977 0)
(2.977566556 0.1171375241 0)
(2.978010016 0.1276187647 0)
(2.978560143 0.1471008256 0)
(2.975364745 0.1704538575 0)
(2.926451828 0.2910610429 0)
(2.724718761 0.6502444257 0)
(2.57250919 0.7993295318 0)
(2.558807332 0.8091301482 0)
(2.560487231 0.8055181606 0)
(2.571737125 0.7972081001 0)
(2.583331695 0.7889140093 0)
(2.85239548 -0.1860298847 0)
(2.859314085 -0.159259687 0)
(2.863228626 -0.1645516078 0)
(2.872975115 -0.1523335897 0)
(2.895540374 -0.1105819509 0)
(2.901033692 -0.08116728776 0)
(2.903540099 -0.08356545241 0)
(2.903203628 -0.08238472152 0)
(2.920104002 -0.04847971368 0)
(2.926560629 -0.0133417291 0)
(2.930377572 -0.008972168272 0)
(2.929158559 -0.01456208232 0)
(2.942140757 0.007926964018 0)
(2.95112872 0.04194256767 0)
(2.953620778 0.0530587469 0)
(2.954647212 0.04770234174 0)
(2.960723648 0.05821849495 0)
(2.972685907 0.08862536063 0)
(2.974158661 0.1107315234 0)
(2.976200886 0.1094457163 0)
(2.972719533 0.1084306861 0)
(2.982728766 0.1330888453 0)
(2.988165755 0.1517275119 0)
(2.984793538 0.1583784844 0)
(2.985703684 0.1774296827 0)
(2.971445889 0.2246899135 0)
(2.833617486 0.4891113897 0)
(2.647715431 0.7464693539 0)
(2.560637947 0.8242282076 0)
(2.562151848 0.8261016983 0)
(2.571042449 0.8183033341 0)
(2.582198931 0.808882378 0)
(2.860258298 -0.1736566211 0)
(2.867043886 -0.1444411646 0)
(2.870587527 -0.1490748718 0)
(2.878219928 -0.1388370345 0)
(2.901464269 -0.09789610593 0)
(2.907966701 -0.06620771943 0)
(2.911124804 -0.06695799291 0)
(2.910269497 -0.06702670242 0)
(2.926113449 -0.03463702633 0)
(2.932529572 0.0008951355004 0)
(2.935965672 0.006121871451 0)
(2.934657657 0.0002662641118 0)
(2.946918761 0.02162998826 0)
(2.95629494 0.05517638953 0)
(2.958868079 0.06685858953 0)
(2.959684518 0.06084636555 0)
(2.96478447 0.06990077991 0)
(2.976184674 0.09875720736 0)
(2.977736678 0.1198613316 0)
(2.979664087 0.1209198811 0)
(2.975931187 0.1168440593 0)
(2.985885105 0.1390161664 0)
(2.989894928 0.1637715149 0)
(2.989060145 0.166078555 0)
(2.992625649 0.1795184686 0)
(2.988245105 0.2022591133 0)
(2.94055211 0.3223425764 0)
(2.719064065 0.6835771628 0)
(2.588665542 0.8194494289 0)
(2.569421646 0.836997564 0)
(2.57149547 0.8350647231 0)
(2.580675249 0.8272866888 0)
(2.869168343 -0.1581325463 0)
(2.875627816 -0.127628488 0)
(2.878806903 -0.1315133169 0)
(2.884273679 -0.1230945407 0)
(2.90733907 -0.08339454701 0)
(2.914541977 -0.05029631064 0)
(2.918314724 -0.04949557338 0)
(2.917170002 -0.05113791379 0)
(2.931785225 -0.02086153939 0)
(2.938417763 0.01514970919 0)
(2.941552065 0.02183752926 0)
(2.940118158 0.01583270864 0)
(2.951195652 0.03576806886 0)
(2.96156001 0.06981623507 0)
(2.964473645 0.08344829204 0)
(2.965705755 0.07800159063 0)
(2.969860199 0.08643198795 0)
(2.981507017 0.1159092134 0)
(2.9834468 0.1372004929 0)
(2.984855304 0.1397884332 0)
(2.983298436 0.1352877243 0)
(2.990428747 0.1550112925 0)
(2.994830831 0.1822398505 0)
(2.996790786 0.1891682508 0)
(2.997345769 0.1894301717 0)
(2.998070197 0.2087640049 0)
(2.983453031 0.2574366822 0)
(2.841901902 0.5143344027 0)
(2.648303572 0.7799932039 0)
(2.571024382 0.8524269808 0)
(2.572542117 0.8536924281 0)
(2.580774495 0.8491027102 0)
(2.877113296 -0.1437010729 0)
(2.883878308 -0.1110318994 0)
(2.886987454 -0.1139300447 0)
(2.890152118 -0.1080572786 0)
(2.91261387 -0.06990195438 0)
(2.920456729 -0.03533894155 0)
(2.924589201 -0.0330961333 0)
(2.92348239 -0.03545360751 0)
(2.937419553 -0.006508690401 0)
(2.9442117 0.0295975078 0)
(2.946967892 0.03719086996 0)
(2.945323943 0.03079221363 0)
(2.955095878 0.0489532731 0)
(2.965544805 0.08177832918 0)
(2.968317692 0.0958852752 0)
(2.969755885 0.08995974452 0)
(2.972671066 0.09617117325 0)
(2.983982124 0.1247540534 0)
(2.986076676 0.146315204 0)
(2.986922349 0.1478100766 0)
(2.987139522 0.1464217085 0)
(2.991390057 0.1616752765 0)
(2.997997328 0.1889158624 0)
(2.998222574 0.2008464407 0)
(3.000451538 0.1960410399 0)
(3.005121595 0.2097682802 0)
(2.998685675 0.2377676815 0)
(2.950568061 0.3548678081 0)
(2.724524515 0.7060421344 0)
(2.597815558 0.8417924667 0)
(2.576064199 0.8690786028 0)
(2.578386072 0.8669715456 0)
(2.884632434 -0.1288237175 0)
(2.891858768 -0.0944509206 0)
(2.895152619 -0.0959273473 0)
(2.896842307 -0.09171613076 0)
(2.918334829 -0.05516196737 0)
(2.926678649 -0.01950858335 0)
(2.931083017 -0.0155934881 0)
(2.929868807 -0.01920958273 0)
(2.942690814 0.007657235499 0)
(2.950045755 0.04429819746 0)
(2.952696022 0.05362582046 0)
(2.951057757 0.04764196189 0)
(2.959712156 0.06497719982 0)
(2.970973037 0.09833401483 0)
(2.974026293 0.1144968722 0)
(2.976360419 0.109815644 0)
(2.978409695 0.1150073656 0)
(2.989460265 0.1434619872 0)
(2.991640913 0.1659520313 0)
(2.99217057 0.1662151021 0)
(2.992257478 0.1661860685 0)
(2.997337937 0.1807089803 0)
(3.003171264 0.2059404662 0)
(3.002368048 0.2188910992 0)
(3.006272985 0.2160762756 0)
(3.011129746 0.2185718166 0)
(3.006610643 0.2430954083 0)
(2.992285417 0.2915670885 0)
(2.846944312 0.5441098997 0)
(2.650087762 0.8081336781 0)
(2.579542252 0.8792142508 0)
(2.580363609 0.8825159926 0)
(2.891970274 -0.1138170561 0)
(2.899858144 -0.07733055659 0)
(2.903473675 -0.0773099535 0)
(2.903792768 -0.0752385674 0)
(2.924076288 -0.04061135678 0)
(2.932821234 -0.004189573735 0)
(2.937214223 0.00105873754 0)
(2.936043286 -0.003001533315 0)
(2.947957666 0.02232573021 0)
(2.955483967 0.05844667468 0)
(2.957874035 0.06863689393 0)
(2.956155843 0.06207845821 0)
(2.96310474 0.0769287519 0)
(2.97424426 0.1089286349 0)
(2.977097897 0.1253050881 0)
(2.979563339 0.1209794204 0)
(2.980780738 0.124071322 0)
(2.991729377 0.1513815915 0)
(2.993783509 0.1748884619 0)
(2.994667365 0.1753356208 0)
(2.993309268 0.1737651691 0)
(3.000415402 0.1914114131 0)
(3.00498101 0.2125292039 0)
(3.005275905 0.2266009687 0)
(3.008299533 0.2290916159 0)
(3.013695148 0.2273403297 0)
(3.013390459 0.2464199237 0)
(3.006594779 0.2760889413 0)
(2.957236413 0.3891667424 0)
(2.730485955 0.7300322229 0)
(2.598705926 0.8749614536 0)
(2.581833793 0.9017170013 0)
(2.907389566 -0.06068556681 0)
(2.911315683 -0.05900846277 0)
(2.910866376 -0.05851101008 0)
(2.92992225 -0.02579845156 0)
(2.939207674 0.01147595212 0)
(2.94362644 0.018602558 0)
(2.942337451 0.01383041462 0)
(2.953010493 0.03737994589 0)
(2.961361134 0.07441086791 0)
(2.96391432 0.08686514001 0)
(2.96265909 0.0812566756 0)
(2.968674248 0.09554929902 0)
(2.980201641 0.1277972367 0)
(2.983248795 0.1455990782 0)
(2.986082438 0.1421234321 0)
(2.987085494 0.1445191474 0)
(2.997270142 0.1708341745 0)
(2.999057701 0.1946851514 0)
(3.000422385 0.1952065652 0)
(2.997542929 0.1922084065 0)
(3.005513709 0.2111431097 0)
(3.01050939 0.2324696819 0)
(3.009991848 0.2417335748 0)
(3.011573123 0.2461869996 0)
(3.01657317 0.2422659987 0)
(3.021207078 0.2537905376 0)
(3.012673187 0.2798297437 0)
(2.998964781 0.3267778357 0)
(2.846629806 0.5820060903 0)
(2.658720206 0.8300966178 0)
(2.58621184 0.9072344781 0)
(2.914891095 -0.04345635368 0)
(2.919122075 -0.03999631232 0)
(2.918179864 -0.04091234209 0)
(2.935881039 -0.01025698837 0)
(2.945518357 0.02705192326 0)
(2.949777628 0.03539093277 0)
(2.948483287 0.03000443496 0)
(2.957679176 0.0513055071 0)
(2.965909149 0.08709211142 0)
(2.968169488 0.1000987523 0)
(2.966925528 0.09398472857 0)
(2.971507294 0.1058537052 0)
(2.983097203 0.1369662494 0)
(2.986039126 0.1553519801 0)
(2.988823015 0.1523715587 0)
(2.989556655 0.1538183996 0)
(2.999408561 0.1788025964 0)
(3.001388747 0.203298331 0)
(3.002952572 0.2055655363 0)
(2.999603294 0.2008148438 0)
(3.007428145 0.2186178272 0)
(3.012531531 0.2427159959 0)
(3.012794048 0.2493946316 0)
(3.013963049 0.2541430303 0)
(3.01959629 0.2588177733 0)
(3.024932423 0.2656347475 0)
(3.01910018 0.2869057721 0)
(3.013856548 0.3125066753 0)
(2.962581648 0.4250535355 0)
(2.728963315 0.7700790936 0)
(2.606100836 0.9069000687 0)
(2.922050167 -0.02658196171 0)
(2.926460013 -0.02127354789 0)
(2.925133348 -0.02365159507 0)
(2.941405105 0.004855266667 0)
(2.951866094 0.04306777643 0)
(2.956223525 0.05371190289 0)
(2.955150433 0.04870921213 0)
(2.963190541 0.06890262707 0)
(2.972159388 0.1055830338 0)
(2.974705357 0.1209370851 0)
(2.974186408 0.1158069445 0)
(2.977803198 0.1267348107 0)
(2.989358236 0.1575126419 0)
(2.992320689 0.1765713918 0)
(2.995211003 0.1739158807 0)
(2.99571621 0.1748883278 0)
(3.004870811 0.1989779805 0)
(3.006628988 0.2227368428 0)
(3.008164311 0.2255067729 0)
(3.005064093 0.2198833501 0)
(3.011878581 0.2363416756 0)
(3.016711217 0.2607288274 0)
(3.017936275 0.268714067 0)
(3.017511238 0.2677784376 0)
(3.02182567 0.2754692605 0)
(3.027586023 0.2797586148 0)
(3.026720179 0.2938754344 0)
(3.019569888 0.3153752438 0)
(3.00502342 0.3635385256 0)
(2.850849346 0.6163803277 0)
(2.659168455 0.8712520307 0)
(2.929235715 -0.009165987531 0)
(2.933792667 -0.002006867869 0)
(2.932479966 -0.0053102182 0)
(2.947114727 0.02090268804 0)
(2.957653614 0.05820602864 0)
(2.961732505 0.06967254914 0)
(2.960572362 0.06371032683 0)
(2.966879658 0.08096391304 0)
(2.975745515 0.116300244 0)
(2.978006335 0.1322655002 0)
(2.977597564 0.1271306348 0)
(2.980194469 0.1361103034 0)
(2.991993775 0.1658926627 0)
(2.9949649 0.1859458432 0)
(2.997900147 0.1841068682 0)
(2.998082033 0.1842632647 0)
(3.006971885 0.2074468089 0)
(3.009081508 0.2315124239 0)
(3.010427197 0.2354698466 0)
(3.008061729 0.2298043833 0)
(3.013755186 0.2446455727 0)
(3.019236322 0.2699233765 0)
(3.020256745 0.2799300183 0)
(3.01976844 0.2753750261 0)
(3.023745122 0.283845711 0)
(3.030701948 0.2976836926 0)
(3.030184446 0.3043309544 0)
(3.026014098 0.3221972826 0)
(3.021062148 0.3450143877 0)
(2.966004982 0.4646592604 0)
(2.725893783 0.8118877352 0)
(2.936180861 0.008086155988 0)
(2.940906646 0.01743276579 0)
(2.939643127 0.01330484326 0)
(2.952642633 0.03749042909 0)
(2.964131449 0.07586399154 0)
(2.968448028 0.09012533838 0)
(2.967928369 0.08537270627 0)
(2.973297649 0.1018515792 0)
(2.982502336 0.1374783658 0)
(2.984946433 0.1551243104 0)
(2.985103627 0.1506127885 0)
(2.986774348 0.1583541172 0)
(2.998147198 0.1872736555 0)
(3.000991728 0.2073882149 0)
(3.004011443 0.2056971177 0)
(3.003931402 0.205395007 0)
(3.012206726 0.2277945658 0)
(3.014133777 0.2512551629 0)
(3.015209067 0.2547824815 0)
(3.013887611 0.2496452212 0)
(3.017502058 0.2615045955 0)
(3.023419727 0.2860490233 0)
(3.023923738 0.2969917135 0)
(3.024903542 0.2927113327 0)
(3.026478475 0.2969726199 0)
(3.032827314 0.3144096783 0)
(3.035323946 0.3222290988 0)
(3.032190601 0.3308744811 0)
(3.027098773 0.3476223295 0)
(3.011776443 0.3977072036 0)
(2.838577842 0.6699733649 0)
(2.942975029 0.02540764441 0)
(2.947706298 0.03641745308 0)
(2.946703176 0.03138925213 0)
(2.957718663 0.05265476718 0)
(2.968947086 0.0894690053 0)
(2.97285758 0.1042470818 0)
(2.972242789 0.09871018624 0)
(2.976188951 0.1123404208 0)
(2.985548986 0.1468225514 0)
(2.987850958 0.1654658246 0)
(2.988189452 0.1615294367 0)
(2.989135713 0.1678065726 0)
(3.000646812 0.1957200124 0)
(3.003607409 0.2168738731 0)
(3.006685582 0.2163781366 0)
(3.006335961 0.2151528146 0)
(3.014323192 0.2365451111 0)
(3.01646139 0.2605217449 0)
(3.017542047 0.2644894795 0)
(3.016229588 0.2602202415 0)
(3.020007302 0.2724586862 0)
(3.026282379 0.2963672759 0)
(3.026279115 0.3086549436 0)
(3.028491426 0.3048041967 0)
(3.027905161 0.3051537073 0)
(3.035343983 0.3241060234 0)
(3.037279727 0.337984759 0)
(3.034108093 0.3379042759 0)
(3.033553459 0.3526480188 0)
(3.027645402 0.3759086842 0)
(2.966407181 0.5039544676 0)
(2.949866254 0.04341961351 0)
(2.954868241 0.05714754013 0)
(2.954438529 0.05261328213 0)
(2.96404844 0.07259316593 0)
(2.975930577 0.1102411546 0)
(2.9801263 0.1275980939 0)
(2.980199249 0.123098093 0)
(2.983190115 0.1356579803 0)
(2.992431963 0.1696792553 0)
(2.994735175 0.1891334622 0)
(2.995437222 0.1854664111 0)
(2.995629887 0.1904670797 0)
(3.006496151 0.217281925 0)
(3.009261183 0.2381270721 0)
(3.012347003 0.2378034222 0)
(3.011877118 0.2361528044 0)
(3.019272637 0.2566523628 0)
(3.021199796 0.2801208571 0)
(3.022300576 0.2841756002 0)
(3.020491609 0.2788543747 0)
(3.024408166 0.2903538357 0)
(3.029704994 0.3115936581 0)
(3.029663745 0.3227177213 0)
(3.032322279 0.3204143408 0)
(3.03083342 0.3188431812 0)
(3.038887263 0.3360337699 0)
(3.039458526 0.353808071 0)
(3.039167419 0.3551702164 0)
(3.039723503 0.3611525651 0)
(3.034403915 0.377580577 0)
(3.014623449 0.4368452363 0)
(2.955923513 0.05979672106 0)
(2.960663288 0.07454690452 0)
(2.960380894 0.06895051847 0)
(2.968000168 0.08552969909 0)
(2.979714882 0.1216333056 0)
(2.983583507 0.1397703034 0)
(2.983753544 0.1351851705 0)
(2.985711852 0.1453422817 0)
(2.995250374 0.1783126725 0)
(2.997578471 0.1990950687 0)
(2.998515609 0.1964857095 0)
(2.998242912 0.2004782173 0)
(3.009054297 0.2263092582 0)
(3.011973966 0.2479763978 0)
(3.014999965 0.2488189826 0)
(3.014400552 0.2465016248 0)
(3.021429228 0.2658787231 0)
(3.023552401 0.2897794771 0)
(3.024681187 0.2945520063 0)
(3.022621243 0.2894719426 0)
(3.026870296 0.3018341016 0)
(3.032506924 0.3239937868 0)
(3.032831512 0.3351985851 0)
(3.03518221 0.3351576874 0)
(3.034824983 0.3323363468 0)
(3.04136466 0.3482540185 0)
(3.041739749 0.367115274 0)
(3.041669327 0.3722318656 0)
(3.041371678 0.3675805997 0)
(3.041091915 0.3831802535 0)
(3.03297493 0.4084312494 0)
(2.963190873 0.08009836135 0)
(2.968336724 0.09821291755 0)
(2.969043833 0.0940445691 0)
(2.975533709 0.1095851443 0)
(2.987310303 0.1457192466 0)
(2.991285686 0.165408443 0)
(2.99193118 0.1612851694 0)
(2.99290242 0.1700291813 0)
(3.001939612 0.2019437798 0)
(3.004129835 0.2228400105 0)
(3.005341521 0.2202754663 0)
(3.004468756 0.2228796777 0)
(3.014568568 0.2474680931 0)
(3.017287237 0.2686856689 0)
(3.020226633 0.2696949138 0)
(3.019707275 0.2673417941 0)
(3.02603823 0.285728944 0)
(3.027951215 0.3089772825 0)
(3.029042944 0.3138522364 0)
(3.027033924 0.3079352007 0)
(3.030416626 0.3183971731 0)
(3.0354565 0.3393919497 0)
(3.035951185 0.3486481713 0)
(3.037590157 0.3471173119 0)
(3.038616132 0.3454397184 0)
(3.042263152 0.3576031191 0)
(3.044143181 0.3773202112 0)
(3.043113331 0.3847144989 0)
(3.044086635 0.3792355894 0)
(3.046486051 0.3887753109 0)
(3.040112737 0.4088295802 0)
(2.968120257 0.09448677308 0)
(2.972787677 0.1132032843 0)
(2.973494875 0.1083682565 0)
(2.97850643 0.1208924967 0)
(2.990367815 0.1557100386 0)
(2.994221144 0.1766565083 0)
(2.995125891 0.1731876793 0)
(2.995331857 0.1799177336 0)
(3.004586418 0.2107033793 0)
(3.006941247 0.23290485 0)
(3.008383165 0.2316846946 0)
(3.007329315 0.2338692846 0)
(3.017292649 0.2576008228 0)
(3.020167883 0.2795235644 0)
(3.023014675 0.2816255085 0)
(3.022394595 0.2784832954 0)
(3.028213617 0.295562171 0)
(3.03039774 0.3189328226 0)
(3.031396429 0.3248021701 0)
(3.029514979 0.3193437906 0)
(3.032719408 0.3301074464 0)
(3.038273178 0.3520941725 0)
(3.039008895 0.3627339585 0)
(3.040384499 0.3605160474 0)
(3.042163047 0.3620167396 0)
(3.045567809 0.3731039754 0)
(3.047641633 0.3916878213 0)
(3.045838441 0.4001935199 0)
(3.047822928 0.3979798662 0)
(3.049073993 0.3980480018 0)
(3.046704154 0.4170917922 0)
(2.975983998 0.1182986935 0)
(2.98107114 0.1400887547 0)
(2.982669263 0.1365599453 0)
(2.986636391 0.1478050773 0)
(2.997983712 0.1818485816 0)
(3.001680979 0.2033299637 0)
(3.002882433 0.1999336093 0)
(3.002280103 0.2051999383 0)
(3.010840418 0.2345975799 0)
(3.01298756 0.2564846741 0)
(3.014668299 0.2551617794 0)
(3.013129624 0.2557331358 0)
(3.022313298 0.2780434601 0)
(3.024980838 0.2992456895 0)
(3.027669084 0.3012284757 0)
(3.027122839 0.2983422538 0)
(3.032532382 0.3149045546 0)
(3.034520596 0.3376006878 0)
(3.035331704 0.343760621 0)
(3.033828495 0.3378977644 0)
(3.035808153 0.3460280168 0)
(3.041157828 0.3665440074 0)
(3.04165891 0.3767707518 0)
(3.043081106 0.3736762721 0)
(3.043859234 0.3744714541 0)
(3.048544974 0.3879882343 0)
(3.049479728 0.4012997947 0)
(3.047943021 0.4100060146 0)
(3.049129433 0.4093697716 0)
(3.051257012 0.4063369448 0)
(3.050323631 0.4209893942 0)
(2.979899575 0.1300110886 0)
(2.98460203 0.1528103851 0)
(2.986276012 0.1494959039 0)
(2.989215991 0.1583935936 0)
(3.000689754 0.191266506 0)
(3.004396099 0.2143078111 0)
(3.005898811 0.2121588612 0)
(3.004776121 0.2157935432 0)
(3.013393978 0.243947814 0)
(3.015801933 0.2670207385 0)
(3.017666907 0.2672900126 0)
(3.016120659 0.2677630685 0)
(3.025121933 0.2892308567 0)
(3.028006659 0.3112239244 0)
(3.030596058 0.3145805214 0)
(3.03011681 0.3112737594 0)
(3.034935491 0.3264440331 0)
(3.037019386 0.3487084921 0)
(3.037752676 0.3548597718 0)
(3.036252467 0.3492307929 0)
(3.037982131 0.3576194478 0)
(3.0438513 0.3787407658 0)
(3.044174301 0.3898343669 0)
(3.045941936 0.3869859966 0)
(3.045431282 0.3862636833 0)
(3.051106249 0.401773642 0)
(3.05224875 0.4145385233 0)
(3.050904255 0.4216216262 0)
(3.051378363 0.424448558 0)
(3.053593691 0.4210121276 0)
(3.056034051 0.4320161128 0)
(2.988385131 0.1573057008 0)
(2.993218553 0.1818042398 0)
(2.99542007 0.1791878483 0)
(2.997355011 0.1865710233 0)
(3.007907472 0.218148887 0)
(3.011254828 0.2410849951 0)
(3.012942439 0.2387637468 0)
(3.011231439 0.2409057529 0)
(3.019137623 0.2675830039 0)
(3.021259708 0.2898795319 0)
(3.02322059 0.2897364524 0)
(3.021402402 0.2890463294 0)
(3.029680704 0.3092898816 0)
(3.032302701 0.3305216343 0)
(3.034719616 0.3336220781 0)
(3.034119399 0.3296499305 0)
(3.038433873 0.3437992728 0)
(3.040581182 0.3656151816 0)
(3.041234785 0.3724226105 0)
(3.040182003 0.3675774902 0)
(3.041261148 0.3745262902 0)
(3.046811902 0.3940136593 0)
(3.046964987 0.4051940326 0)
(3.048982676 0.4026545954 0)
(3.0482585 0.4014515545 0)
(3.053744598 0.4159299904 0)
(3.054588886 0.4309132062 0)
(3.053685749 0.4345291148 0)
(3.053541375 0.4363678579 0)
(3.055875504 0.4378541071 0)
(3.058313746 0.4438483323 0)
(2.991629968 0.1675455212 0)
(2.99635177 0.1935668361 0)
(2.998704165 0.1919694476 0)
(2.99989553 0.1974630636 0)
(3.010407486 0.2278057417 0)
(3.013853281 0.2521749716 0)
(3.015774701 0.2514708167 0)
(3.013853133 0.2527233691 0)
(3.021708306 0.2781749721 0)
(3.024181353 0.3016468554 0)
(3.026326947 0.3033399357 0)
(3.024588253 0.3020319185 0)
(3.032320523 0.3208950661 0)
(3.035173741 0.3423780079 0)
(3.037407952 0.3465479079 0)
(3.03688829 0.3433108541 0)
(3.041073002 0.3572185796 0)
(3.043260591 0.3790420608 0)
(3.043873954 0.3862080962 0)
(3.042890915 0.3811036509 0)
(3.043588466 0.3872395647 0)
(3.049150094 0.4063496828 0)
(3.04920308 0.4170755291 0)
(3.051201352 0.4145812165 0)
(3.050138602 0.412779039 0)
(3.055732755 0.4271715922 0)
(3.055893577 0.4427371201 0)
)
;

boundaryField
{
    inlet
    {
        type            fixedValue;
        value           nonuniform 0();
    }
    outlet
    {
        type            inletOutlet;
        inletValue      nonuniform 0();
        value           nonuniform 0();
    }
    bottom
    {
        type            slip;
    }
    top
    {
        type            slip;
    }
    obstacle
    {
        type            slip;
    }
    defaultFaces
    {
        type            empty;
    }
    procBoundary4to3
    {
        type            processor;
        value           nonuniform List<vector> 
62
(
(2.056557602 -0.01555873642 0)
(2.057021495 0.009095376151 0)
(2.193114228 -0.08353953523 0)
(2.307151034 -0.1970062631 0)
(2.471873069 -0.5227490983 0)
(2.529877258 -0.6493445731 0)
(2.555262504 -0.6742849718 0)
(2.55635543 -0.6932452865 0)
(2.548323795 -0.6804515384 0)
(2.541163965 -0.6720896555 0)
(2.533726613 -0.6787762197 0)
(2.527559086 -0.6792223287 0)
(2.52465348 -0.6793071528 0)
(2.525240182 -0.6771699211 0)
(2.527820191 -0.6712928837 0)
(2.532205057 -0.6684248867 0)
(2.544069638 -0.6578412224 0)
(2.55279251 -0.6504985326 0)
(2.570080405 -0.6363210567 0)
(2.58078336 -0.6258789447 0)
(2.599158985 -0.6096627381 0)
(2.609079975 -0.5963623146 0)
(2.61977491 -0.5822304055 0)
(2.630240799 -0.5672626552 0)
(2.637729886 -0.5548855684 0)
(2.647500769 -0.5404550291 0)
(2.653080137 -0.5296548461 0)
(2.661066642 -0.5186023444 0)
(2.66941598 -0.5088194413 0)
(2.678836241 -0.4989241001 0)
(2.686493224 -0.4906614954 0)
(2.692555794 -0.4803301159 0)
(2.693799213 -0.4739751086 0)
(2.6950403 -0.4639749168 0)
(2.695218962 -0.4565320571 0)
(2.69805935 -0.4472363834 0)
(2.704467303 -0.4339872353 0)
(2.71160922 -0.424887552 0)
(2.728138551 -0.4044324642 0)
(2.735955966 -0.3927554372 0)
(2.753387944 -0.370789778 0)
(2.759046504 -0.3593870525 0)
(2.770400151 -0.3406971936 0)
(2.775154845 -0.3297558962 0)
(2.781730611 -0.3163857472 0)
(2.787492509 -0.3051611637 0)
(2.794323601 -0.2920708179 0)
(2.800633537 -0.2825658138 0)
(2.810788629 -0.2663697036 0)
(2.817682069 -0.2568019269 0)
(2.829920777 -0.2383109797 0)
(2.8372172 -0.2257831312 0)
(2.846701571 -0.2082472089 0)
(2.854007083 -0.1928109049 0)
(2.861293539 -0.1760031642 0)
(2.868383943 -0.1596658966 0)
(2.898918958 -0.09856931287 0)
(2.898918958 -0.09856931287 0)
(2.905726044 -0.08315407573 0)
(2.912369145 -0.06717928936 0)
(2.918866637 -0.05102969369 0)
(2.925134226 -0.0344011818 0)
)
;
    }
    procBoundary4to5
    {
        type            processor;
        value           nonuniform List<vector> 
69
(
(2.657571152 0.013158932 0)
(2.665302951 0.02475142866 0)
(2.663499594 0.04001636978 0)
(2.667389064 0.05760839282 0)
(2.674244903 0.07210438737 0)
(2.672042352 0.08709956865 0)
(2.670757777 0.1038940197 0)
(2.674987252 0.1194981084 0)
(2.671493106 0.1350499244 0)
(2.670072993 0.1518419923 0)
(2.667609675 0.1675617894 0)
(2.665464181 0.1838540815 0)
(2.66175555 0.1990464338 0)
(2.660946941 0.2155655872 0)
(2.656794959 0.2294808702 0)
(2.658755368 0.2460023551 0)
(2.652647516 0.2593044736 0)
(2.651553313 0.2754788777 0)
(2.646999786 0.2892031545 0)
(2.647143792 0.3063381993 0)
(2.646509402 0.3230765643 0)
(2.642162131 0.3369151963 0)
(2.645744875 0.355773144 0)
(2.640115006 0.3692678367 0)
(2.644140297 0.3867201722 0)
(2.640412259 0.4005820676 0)
(2.640130105 0.4165049523 0)
(2.641283879 0.4334480218 0)
(2.636166848 0.4473857852 0)
(2.637403952 0.4661840079 0)
(2.630838828 0.4790269864 0)
(2.631864212 0.4972485542 0)
(2.627180409 0.5116285128 0)
(2.623612045 0.5260184773 0)
(2.627983016 0.5447251198 0)
(2.622294962 0.5569790529 0)
(2.622920451 0.5766879806 0)
(2.619256427 0.5917590235 0)
(2.616185138 0.607346199 0)
(2.61494234 0.6222316153 0)
(2.615931859 0.6382514044 0)
(2.616927368 0.6544250183 0)
(2.61613953 0.6712404736 0)
(2.611697905 0.6863649817 0)
(2.605219519 0.7017164184 0)
(2.597901376 0.7155958818 0)
(2.593464982 0.7305440049 0)
(2.592184525 0.7474086628 0)
(2.591888393 0.764371213 0)
(2.592038904 0.7823395152 0)
(2.592348526 0.8019998183 0)
(2.589254919 0.8190887209 0)
(2.592506567 0.8415256133 0)
(2.587492378 0.8587469786 0)
(2.589876446 0.8786216993 0)
(2.587211277 0.8967565667 0)
(2.587729378 0.9110189854 0)
(2.587807792 0.9266989065 0)
(2.591207298 0.9375830659 0)
(2.609217938 0.9358988699 0)
(2.658608973 0.9018122231 0)
(2.716132299 0.8551040847 0)
(2.836808404 0.7107221165 0)
(2.965569676 0.5482054677 0)
(3.016509234 0.4747298164 0)
(3.037127612 0.4431359867 0)
(3.045340982 0.4383750837 0)
(3.049590059 0.4494501778 0)
(3.053414029 0.4579874105 0)
)
;
    }
    procBoundary4to9
    {
        type            processor;
        value           nonuniform List<vector> 9((2.931327973 -0.01741739583 0) (2.937239554 -0.0001912201558 0) (2.943157807 0.01715827227 0) (2.949234274 0.03639042143 0) (2.954363793 0.05259977258 0) (2.961276276 0.07559203085 0) (2.965150209 0.08911643763 0) (2.973428048 0.1166340645 0) (2.976287378 0.1285355024 0));
    }
    procBoundary4to10
    {
        type            processor;
        value           nonuniform List<vector> 
32
(
(3.055789749 0.4456709073 0)
(3.055272328 0.4449350224 0)
(3.056876062 0.4494344861 0)
(3.058471466 0.4517614943 0)
(3.000094897 0.1971282732 0)
(3.004612332 0.2234644794 0)
(3.007193845 0.2220619812 0)
(3.007606031 0.2261168756 0)
(3.017065665 0.2548811307 0)
(3.020073115 0.2787461791 0)
(3.022102153 0.2777334775 0)
(3.01968909 0.2769293247 0)
(3.026712943 0.3005094174 0)
(3.028878261 0.3227542327 0)
(3.03097885 0.323872498 0)
(3.029197829 0.3225280159 0)
(3.036597091 0.3408841846 0)
(3.039315343 0.3622574761 0)
(3.041369005 0.3669087519 0)
(3.040950508 0.3626674524 0)
(3.044142987 0.3743172093 0)
(3.046006363 0.3943404724 0)
(3.046584151 0.4002685759 0)
(3.045280378 0.3947836264 0)
(3.045843882 0.400872449 0)
(3.051722354 0.4193393644 0)
(3.051880139 0.4308637544 0)
(3.054007713 0.4302233251 0)
(3.053295818 0.4278416589 0)
(3.058097341 0.4407178243 0)
(3.055789749 0.4456709073 0)
(3.058278733 0.4566116713 0)
)
;
    }
}


// ************************************************************************* //
