/*--------------------------------*- C++ -*----------------------------------*\
  =========                 |
  \\      /  F ield         | OpenFOAM: The Open Source CFD Toolbox
   \\    /   O peration     | Website:  https://openfoam.org
    \\  /    A nd           | Version:  7
     \\/     M anipulation  |
\*---------------------------------------------------------------------------*/
FoamFile
{
    version     2.0;
    format      ascii;
    class       volScalarField;
    location    "4.1";
    object      rho;
}
// * * * * * * * * * * * * * * * * * * * * * * * * * * * * * * * * * * * * * //

dimensions      [1 -3 0 0 0 0 0];

internalField   nonuniform List<scalar> 
2222
(
1.40000504
1.40000504
1.40000504
1.40000504
1.40000504
1.40000504
1.40000504
1.40000504
1.40000504
1.40000504
1.40000504
1.40000504
1.40000504
1.40000504
1.40000504
1.40000504
1.40000504
1.40000504
1.40000504
1.40000504
1.40000504
1.40000504
1.40000504
1.40000504
1.40000504
1.40000504
1.40000504
1.40000504
1.40000504
1.40000504
1.40000504
1.40000504
1.40000504
1.40000504
1.40000504
1.40000504
1.40000504
1.40000504
1.40000504
1.40000504
1.40000504
1.40000504
1.40000504
1.40000504
1.40000504
1.40000504
1.40000504
1.40000504
1.40000504
1.40000504
1.40000504
1.40000504
1.40000504
1.40000504
1.40000504
1.40000504
1.40000504
1.40000504
1.40000504
1.40000504
1.40000504
1.40000504
1.40000504
1.40000504
1.40000504
1.40000504
1.40000504
1.40000504
1.40000504
1.40000504
1.40000504
1.40000504
1.40000504
1.40000504
1.40000504
1.40000504
1.40000504
1.40000504
1.40000504
1.40000504
1.40000504
1.40000504
1.40000504
1.40000504
1.40000504
1.40000504
1.40000504
1.40000504
1.40000504
1.40000504
1.40000504
1.40000504
1.40000504
1.40000504
1.40000504
1.40000504
1.40000504
1.40000504
1.40000504
1.40000504
1.40000504
1.40000504
1.40000504
1.40000504
1.40000504
1.40000504
1.40000504
1.40000504
1.40000504
1.40000504
1.40000504
1.40000504
1.40000504
1.40000504
1.40000504
1.40000504
1.40000504
1.40000504
1.40000504
1.40000504
1.40000504
1.40000504
1.40000504
1.40000504
1.40000504
1.40000504
1.40000504
1.40000504
1.40000504
1.40000504
1.40000504
1.40000504
1.40000504
1.40000504
1.40000504
1.40000504
1.40000504
1.40000504
1.40000504
1.40000504
1.40000504
1.40000504
1.40000504
1.40000504
1.40000504
1.40000504
1.40000504
1.40000504
1.40000504
1.40000504
1.40000504
1.40000504
1.40000504
1.40000504
1.40000504
1.40000504
1.40000504
1.40000504
1.40000504
1.40000504
1.40000504
1.40000504
1.40000504
1.40000504
1.40000504
1.40000504
1.40000504
1.40000504
1.40000504
1.40000504
1.40000504
1.40000504
1.40000504
1.40000504
1.40000504
1.40000504
1.40000504
1.40000504
1.40000504
1.40000504
1.40000504
1.40000504
1.40000504
1.40000504
1.40000504
1.40000504
1.40000504
1.40000504
1.40000504
1.40000504
1.40000504
1.40000504
1.40000504
1.40000504
1.40000504
1.40000504
1.40000504
1.40000504
1.40000504
1.40000504
1.40000504
1.40000504
1.40000504
1.40000504
1.40000504
1.40000504
1.40000504
1.40000504
1.40000504
1.40000504
1.40000504
1.40000504
1.40000504
1.40000504
1.40000504
1.40000504
1.40000504
1.40000504
1.40000504
1.40000504
1.40000504
1.40000504
1.40000504
1.40000504
1.40000504
1.40000504
1.40000504
1.40000504
1.40000504
1.40000504
1.40000504
1.40000504
1.40000504
1.40000504
1.40000504
1.40000504
1.40000504
1.40000504
1.40000504
1.40000504
1.40000504
1.40000504
1.40000504
1.40000504
1.40000504
1.40000504
1.40000504
1.40000504
1.40000504
1.40000504
1.40000504
1.40000504
1.40000504
1.40000504
1.40000504
1.40000504
1.40000504
1.40000504
1.40000504
1.40000504
1.40000504
1.40000504
1.40000504
1.40000504
1.40000504
1.40000504
1.40000504
1.40000504
1.40000504
1.40000504
1.40000504
1.40000504
1.40000504
1.40000504
1.40000504
1.40000504
1.40000504
1.40000504
1.40000504
1.40000504
1.40000504
1.40000504
1.40000504
1.40000504
1.40000504
1.40000504
1.40000504
1.40000504
1.40000504
1.40000504
1.40000504
1.40000504
1.40000504
1.40000504
1.40000504
1.40000504
1.40000504
1.40000504
1.40000504
1.40000504
1.40000504
1.40000504
1.40000504
1.40000504
1.40000504
1.40000504
1.40000504
1.40000504
1.40000504
1.40000504
1.40000504
1.40000504
1.40000504
1.40000504
1.40000504
1.40000504
1.40000504
1.40000504
1.40000504
1.40000504
1.40000504
1.40000504
1.40000504
1.40000504
1.40000504
1.40000504
1.40000504
1.40000504
1.40000504
1.40000504
1.40000504
1.40000504
1.40000504
1.40000504
1.40000504
1.40000504
1.40000504
1.40000504
1.40000504
1.40000504
1.40000504
1.40000504
1.40000504
1.40000504
1.40000504
1.40000504
1.40000504
1.40000504
1.40000504
1.40000504
1.40000504
1.40000504
1.40000504
1.40000504
1.40000504
1.40000504
1.40000504
1.40000504
1.40000504
1.40000504
1.40000504
1.40000504
1.40000504
1.40000504
1.40000504
1.40000504
1.40000504
1.40000504
1.40000504
1.40000504
1.40000504
1.40000504
1.40000504
1.40000504
1.40000504
1.40000504
1.40000504
1.40000504
1.40000504
1.40000504
1.40000504
1.40000504
1.40000504
1.40000504
1.40000504
1.40000504
1.40000504
1.40000504
1.40000504
1.40000504
1.40000504
1.40000504
1.40000504
1.40000504
1.40000504
1.40000504
1.40000504
1.40000504
1.40000504
1.40000504
1.40000504
1.40000504
1.40000504
1.40000504
1.40000504
1.40000504
1.40000504
1.40000504
1.40000504
1.40000504
1.40000504
1.40000504
1.40000504
1.40000504
1.40000504
1.40000504
1.40000504
1.40000504
1.40000504
1.40000504
1.40000504
1.40000504
1.40000504
1.40000504
1.40000504
1.40000504
1.40000504
1.40000504
1.40000504
1.40000504
1.40000504
1.40000504
1.40000504
1.40000504
1.40000504
1.40000504
1.40000504
1.40000504
1.40000504
1.40000504
1.40000504
1.40000504
1.40000504
1.40000504
1.40000504
1.40000504
1.40000504
1.40000504
1.40000504
1.40000504
1.40000504
1.40000504
1.40000504
1.40000504
1.40000504
1.40000504
1.40000504
1.40000504
1.40000504
1.40000504
1.40000504
1.40000504
1.40000504
1.40000504
1.40000504
1.40000504
1.40000504
1.40000504
1.40000504
1.40000504
1.40000504
1.40000504
1.40000504
1.40000504
1.40000504
1.40000504
1.40000504
1.40000504
1.40000504
1.40000504
1.40000504
1.40000504
1.40000504
1.40000504
1.40000504
1.40000504
1.40000504
1.40000504
1.40000504
1.40000504
1.40000504
1.40000504
1.40000504
1.40000504
1.40000504
1.40000504
1.40000504
1.40000504
1.40000504
1.40000504
1.40000504
1.40000504
1.40000504
1.40000504
1.40000504
1.40000504
1.40000504
1.40000504
1.40000504
1.40000504
1.40000504
1.40000504
1.40000504
1.40000504
1.40000504
1.40000504
1.40000504
1.40000504
1.40000504
1.40000504
1.40000504
1.40000504
1.40000504
1.40000504
1.40000504
1.40000504
1.40000504
1.40000504
1.40000504
1.40000504
1.40000504
1.40000504
1.40000504
1.40000504
1.40000504
1.40000504
1.40000504
1.40000504
1.40000504
1.40000504
1.40000504
1.40000504
1.40000504
1.40000504
1.40000504
1.40000504
1.40000504
1.40000504
1.40000504
1.40000504
1.40000504
1.40000504
1.40000504
1.40000504
1.40000504
1.40000504
1.40000504
1.40000504
1.40000504
1.40000504
1.40000504
1.40000504
1.40000504
1.40000504
1.40000504
1.40000504
1.40000504
1.40000504
1.40000504
1.40000504
1.40000504
1.40000504
1.40000504
1.40000504
1.40000504
1.40000504
1.40000504
1.40000504
1.40000504
1.40000504
1.40000504
1.40000504
1.40000504
1.40000504
1.40000504
1.40000504
1.40000504
1.40000504
1.40000504
1.40000504
1.40000504
1.40000504
1.40000504
1.40000504
1.40000504
1.40000504
1.40000504
1.40000504
1.40000504
1.40000504
1.40000504
1.40000504
1.40000504
1.40000504
1.40000504
1.40000504
1.40000504
1.40000504
1.40000504
1.40000504
1.40000504
1.40000504
1.40000504
1.40000504
1.40000504
1.40000504
1.40000504
1.40000504
1.40000504
1.40000504
1.40000504
1.40000504
1.40000504
1.40000504
1.40000504
1.40000504
1.40000504
1.40000504
1.40000504
1.40000504
1.40000504
1.40000504
1.40000504
1.40000504
1.40000504
1.40000504
1.40000504
1.40000504
1.40000504
1.40000504
1.40000504
1.40000504
1.40000504
1.40000504
1.40000504
1.40000504
1.40000504
1.40000504
1.40000504
1.40000504
1.40000504
1.40000504
1.40000504
1.40000504
1.40000504
1.40000504
1.40000504
1.40000504
1.40000504
1.40000504
1.40000504
1.40000504
1.40000504
1.40000504
1.40000504
1.40000504
1.40000504
1.40000504
1.40000504
1.40000504
1.40000504
1.40000504
1.40000504
1.40000504
1.40000504
1.40000504
1.40000504
1.40000504
1.40000504
1.40000504
1.40000504
1.40000504
1.40000504
1.40000504
1.40000504
1.40000504
1.40000504
1.40000504
1.40000504
1.40000504
1.40000504
1.40000504
1.40000504
1.40000504
1.40000504
1.40000504
1.40000504
1.40000504
1.40000504
1.40000504
1.40000504
1.40000504
1.40000504
1.40000504
1.40000504
1.40000504
1.40000504
1.40000504
1.40000504
1.40000504
1.40000504
1.40000504
1.40000504
1.40000504
1.40000504
1.40000504
1.40000504
1.40000504
1.40000504
1.40000504
1.40000504
1.40000504
1.40000504
1.40000504
1.40000504
1.40000504
1.40000504
1.40000504
1.40000504
1.40000504
1.40000504
1.40000504
1.40000504
1.40000504
1.40000504
1.40000504
1.40000504
1.40000504
1.40000504
1.40000504
1.40000504
1.40000504
1.40000504
1.40000504
1.40000504
1.40000504
1.40000504
1.40000504
1.40000504
1.40000504
1.40000504
1.40000504
1.40000504
1.40000504
1.40000504
1.40000504
1.40000504
1.40000504
1.40000504
1.40000504
1.40000504
1.40000504
1.40000504
1.40000504
1.40000504
1.40000504
1.40000504
1.40000504
1.40000504
1.40000504
1.40000504
1.40000504
1.40000504
1.40000504
1.40000504
1.40000504
1.40000504
1.40000504
1.40000504
1.40000504
1.40000504
1.40000504
1.40000504
1.40000504
1.40000504
1.40000504
1.40000504
1.40000504
1.40000504
1.40000504
1.40000504
1.40000504
1.40000504
1.40000504
1.40000504
1.40000504
1.40000504
1.40000504
1.40000504
1.40000504
1.40000504
1.40000504
1.40000504
1.40000504
1.40000504
1.40000504
1.40000504
1.40000504
1.40000504
1.40000504
1.40000504
1.40000504
1.40000504
1.40000504
1.40000504
1.40000504
1.40000504
1.40000504
1.40000504
1.40000504
1.40000504
1.40000504
1.40000504
1.40000504
1.40000504
1.40000504
1.40000504
1.40000504
1.40000504
1.40000504
1.40000504
1.40000504
1.40000504
1.40000504
1.40000504
1.40000504
1.40000504
1.40000504
1.40000504
1.40000504
1.40000504
1.40000504
1.40000504
1.40000504
1.40000504
1.40000504
1.40000504
1.40000504
1.40000504
1.40000504
1.40000504
1.40000504
1.40000504
1.40000504
1.40000504
1.40000504
1.40000504
1.40000504
1.40000504
1.40000504
1.40000504
1.40000504
1.40000504
1.40000504
1.40000504
1.40000504
1.40000504
1.40000504
1.40000504
1.40000504
1.40000504
1.40000504
1.40000504
1.40000504
1.40000504
1.40000504
1.40000504
1.40000504
1.40000504
1.40000504
1.40000504
1.40000504
1.40000504
1.40000504
1.40000504
1.40000504
1.40000504
1.40000504
1.40000504
1.40000504
1.40000504
1.40000504
1.40000504
1.40000504
1.40000504
1.40000504
1.40000504
1.40000504
1.40000504
1.40000504
1.40000504
1.40000504
1.40000504
1.40000504
1.40000504
1.40000504
1.40000504
1.40000504
1.40000504
1.40000504
1.40000504
1.40000504
1.40000504
1.40000504
1.40000504
1.40000504
1.40000504
1.40000504
1.40000504
1.40000504
1.40000504
1.40000504
1.40000504
1.40000504
1.40000504
1.40000504
1.40000504
1.40000504
1.40000504
1.40000504
1.40000504
1.40000504
1.40000504
1.40000504
1.40000504
1.40000504
1.40000504
1.40000504
1.40000504
1.40000504
1.40000504
1.40000504
1.40000504
1.40000504
1.40000504
1.40000504
1.40000504
1.40000504
1.40000504
1.40000504
1.40000504
1.40000504
1.40000504
1.40000504
1.40000504
1.40000504
1.40000504
1.40000504
1.40000504
1.40000504
1.40000504
1.40000504
1.40000504
1.40000504
1.40000504
1.40000504
1.40000504
1.40000504
1.40000504
1.40000504
1.40000504
1.40000504
1.40000504
1.40000504
1.40000504
1.40000504
1.40000504
1.40000504
1.40000504
1.40000504
1.40000504
1.40000504
1.40000504
1.40000504
1.40000504
1.40000504
1.40000504
1.40000504
1.40000504
1.40000504
1.40000504
1.40000504
1.40000504
1.40000504
1.40000504
1.40000504
1.40000504
1.40000504
1.40000504
1.40000504
1.40000504
1.40000504
1.40000504
1.40000504
1.40000504
1.40000504
1.40000504
1.40000504
1.40000504
1.40000504
1.40000504
1.40000504
1.40000504
1.40000504
1.40000504
1.40000504
1.40000504
1.40000504
1.40000504
1.40000504
1.40000504
1.40000504
1.40000504
1.40000504
1.40000504
1.40000504
1.40000504
1.40000504
1.40000504
1.40000504
1.40000504
1.40000504
1.40000504
1.40000504
1.40000504
1.40000504
1.40000504
1.40000504
1.40000504
1.40000504
1.40000504
1.40000504
1.40000504
1.40000504
1.40000504
1.40000504
1.40000504
1.40000504
1.40000504
1.40000504
1.40000504
1.40000504
1.40000504
1.40000504
1.40000504
1.40000504
1.40000504
1.40000504
1.40000504
1.40000504
1.40000504
1.40000504
1.40000504
1.40000504
1.40000504
1.40000504
1.40000504
1.40000504
1.40000504
1.40000504
1.40000504
1.40000504
1.40000504
1.40000504
1.40000504
1.40000504
1.40000504
1.40000504
1.40000504
1.40000504
1.40000504
1.40000504
1.40000504
1.40000504
1.40000504
1.40000504
1.40000504
1.40000504
1.40000504
1.40000504
1.40000504
1.40000504
1.40000504
1.40000504
1.40000504
1.40000504
1.40000504
1.40000504
1.40000504
1.40000504
1.40000504
1.40000504
1.40000504
1.40000504
1.40000504
1.40000504
1.40000504
1.40000504
1.40000504
1.40000504
1.40000504
1.40000504
1.40000504
1.40000504
1.40000504
1.40000504
1.40000504
1.40000504
1.40000504
1.40000504
1.40000504
1.40000504
1.40000504
1.40000504
1.40000504
1.40000504
1.40000504
1.40000504
1.40000504
1.40000504
1.40000504
1.40000504
1.40000504
1.40000504
1.40000504
1.40000504
1.40000504
1.40000504
1.40000504
1.40000504
1.40000504
1.40000504
1.40000504
1.40000504
1.40000504
1.40000504
1.40000504
1.40000504
1.40000504
1.40000504
1.40000504
1.40000504
1.40000504
1.40000504
1.40000504
1.40000504
1.40000504
1.40000504
1.40000504
1.40000504
1.40000504
1.40000504
1.40000504
1.40000504
1.40000504
1.40000504
1.40000504
1.40000504
1.40000504
1.40000504
1.40000504
1.40000504
1.40000504
1.40000504
1.40000504
1.40000504
1.40000504
1.40000504
1.40000504
1.40000504
1.40000504
1.40000504
1.40000504
1.40000504
1.40000504
1.40000504
1.40000504
1.40000504
1.40000504
1.40000504
1.40000504
1.40000504
1.40000504
1.40000504
1.40000504
1.40000504
1.40000504
1.40000504
1.40000504
1.40000504
1.40000504
1.40000504
1.40000504
1.40000504
1.40000504
1.40000504
1.40000504
1.40000504
1.40000504
1.40000504
1.40000504
1.40000504
1.40000504
1.40000504
1.40000504
1.40000504
1.40000504
1.40000504
1.40000504
1.40000504
1.40000504
1.40000504
1.40000504
1.40000504
1.40000504
1.40000504
1.40000504
1.40000504
1.40000504
1.40000504
1.40000504
1.40000504
1.40000504
1.40000504
1.40000504
1.40000504
1.40000504
1.40000504
1.40000504
1.40000504
1.40000504
1.40000504
1.40000504
1.40000504
1.40000504
1.40000504
1.40000504
1.40000504
1.40000504
1.40000504
1.40000504
1.40000504
1.40000504
1.40000504
1.40000504
1.40000504
1.40000504
1.40000504
1.40000504
1.40000504
1.40000504
1.40000504
1.40000504
1.40000504
1.40000504
1.40000504
1.40000504
1.40000504
1.40000504
1.40000504
1.40000504
1.40000504
1.40000504
1.40000504
1.40000504
1.40000504
1.40000504
1.40000504
1.40000504
1.40000504
1.40000504
1.40000504
1.40000504
1.40000504
1.40000504
1.40000504
1.40000504
1.40000504
1.40000504
1.40000504
1.40000504
1.40000504
1.40000504
1.40000504
1.40000504
1.40000504
1.40000504
1.40000504
1.40000504
1.40000504
1.40000504
1.40000504
1.40000504
1.40000504
1.40000504
1.40000504
1.40000504
1.40000504
1.40000504
1.40000504
1.40000504
1.40000504
1.40000504
1.40000504
1.40000504
1.40000504
1.40000504
1.40000504
1.40000504
1.40000504
1.40000504
1.40000504
1.40000504
1.40000504
1.40000504
1.40000504
1.40000504
1.40000504
1.40000504
1.40000504
1.40000504
1.40000504
1.40000504
1.40000504
1.40000504
1.40000504
1.40000504
1.40000504
1.40000504
1.40000504
1.40000504
1.40000504
1.40000504
1.40000504
1.40000504
1.40000504
1.40000504
1.40000504
1.40000504
1.40000504
1.40000504
1.40000504
1.40000504
1.40000504
1.40000504
1.40000504
1.40000504
1.40000504
1.40000504
1.40000504
1.40000504
1.40000504
1.40000504
1.40000504
1.40000504
1.40000504
1.40000504
1.40000504
1.40000504
1.40000504
1.40000504
1.40000504
1.40000504
1.40000504
1.40000504
1.40000504
1.40000504
1.40000504
1.40000504
1.40000504
1.40000504
1.40000504
1.40000504
1.40000504
1.40000504
1.40000504
1.40000504
1.40000504
1.40000504
1.40000504
1.40000504
1.40000504
1.40000504
1.40000504
1.40000504
1.40000504
1.40000504
1.40000504
1.40000504
1.40000504
1.40000504
1.40000504
1.40000504
1.40000504
1.40000504
1.40000504
1.40000504
1.40000504
1.40000504
1.40000504
1.40000504
1.40000504
1.40000504
1.40000504
1.40000504
1.40000504
1.40000504
1.40000504
1.40000504
1.40000504
1.40000504
1.40000504
1.40000504
1.40000504
1.40000504
1.40000504
1.40000504
1.40000504
1.40000504
1.40000504
1.40000504
1.40000504
1.40000504
1.40000504
1.40000504
1.40000504
1.40000504
1.40000504
1.40000504
1.40000504
1.40000504
1.40000504
1.40000504
1.40000504
1.40000504
1.40000504
1.40000504
1.40000504
1.40000504
1.40000504
1.40000504
1.40000504
1.40000504
1.40000504
1.40000504
1.40000504
1.40000504
1.40000504
1.40000504
1.40000504
1.40000504
1.40000504
1.40000504
1.40000504
1.40000504
1.40000504
1.40000504
1.40000504
1.40000504
1.40000504
1.40000504
1.40000504
1.40000504
1.40000504
1.40000504
1.40000504
1.40000504
1.40000504
1.40000504
1.40000504
1.40000504
1.40000504
1.40000504
1.40000504
1.40000504
1.40000504
1.40000504
1.40000504
1.40000504
1.40000504
1.40000504
1.40000504
1.40000504
1.40000504
1.40000504
1.40000504
1.40000504
1.40000504
1.40000504
1.40000504
1.40000504
1.40000504
1.40000504
1.40000504
1.40000504
1.40000504
1.40000504
1.40000504
1.40000504
1.40000504
1.40000504
1.40000504
1.40000504
1.40000504
1.40000504
1.40000504
1.40000504
1.40000504
1.40000504
1.40000504
1.40000504
1.40000504
1.40000504
1.40000504
1.40000504
1.40000504
1.40000504
1.40000504
1.40000504
1.40000504
1.40000504
1.40000504
1.40000504
1.40000504
1.40000504
1.40000504
1.40000504
1.40000504
1.40000504
1.40000504
1.40000504
1.40000504
1.40000504
1.40000504
1.40000504
1.40000504
1.40000504
1.40000504
1.40000504
1.40000504
1.40000504
1.40000504
1.40000504
1.40000504
1.40000504
1.40000504
1.40000504
1.40000504
1.40000504
1.40000504
1.40000504
1.40000504
1.40000504
1.40000504
1.40000504
1.40000504
1.40000504
1.40000504
1.40000504
1.40000504
1.40000504
1.40000504
1.40000504
1.40000504
1.40000504
1.40000504
1.40000504
1.40000504
1.40000504
1.40000504
1.40000504
1.40000504
1.40000504
1.40000504
1.40000504
1.40000504
1.40000504
1.40000504
1.40000504
1.40000504
1.40000504
1.40000504
1.40000504
1.40000504
1.40000504
1.40000504
1.40000504
1.40000504
1.40000504
1.40000504
1.40000504
1.40000504
1.40000504
1.40000504
1.40000504
1.40000504
1.40000504
1.40000504
1.40000504
1.40000504
1.40000504
1.40000504
1.40000504
1.40000504
1.40000504
1.40000504
1.40000504
1.40000504
1.40000504
1.40000504
1.40000504
1.40000504
1.40000504
1.40000504
1.40000504
1.40000504
1.40000504
1.40000504
1.40000504
1.40000504
1.40000504
1.40000504
1.40000504
1.40000504
1.40000504
1.40000504
1.40000504
1.40000504
1.40000504
1.40000504
1.40000504
1.40000504
1.40000504
1.40000504
1.40000504
1.40000504
1.40000504
1.40000504
1.40000504
1.40000504
1.40000504
1.40000504
1.40000504
1.40000504
1.40000504
1.40000504
1.40000504
1.40000504
1.40000504
1.40000504
1.40000504
1.40000504
1.40000504
1.40000504
1.40000504
1.40000504
1.40000504
1.40000504
1.40000504
1.40000504
1.40000504
1.40000504
1.40000504
1.40000504
1.40000504
1.40000504
1.40000504
1.40000504
1.40000504
1.40000504
1.40000504
1.40000504
1.40000504
1.40000504
1.40000504
1.40000504
1.40000504
1.40000504
1.40000504
1.40000504
1.40000504
1.40000504
1.40000504
1.400005083
1.400005034
1.40000504
1.40000504
1.40000504
1.40000504
1.40000504
1.40000504
1.40000504
1.40000504
1.40000504
1.40000504
1.40000504
1.40000504
1.40000504
1.40000504
1.40000504
1.40000504
1.40000504
1.40000504
1.40000504
1.40000504
1.40000504
1.40000504
1.40000504
1.40000504
1.40000504
1.40000504
1.40000504
1.40000504
1.40000504
1.400005103
1.400005026
1.399563263
1.443299928
1.40000504
1.40000504
1.40000504
1.40000504
1.40000504
1.40000504
1.40000504
1.40000504
1.40000504
1.40000504
1.40000504
1.40000504
1.40000504
1.40000504
1.40000504
1.40000504
1.40000504
1.40000504
1.40000504
1.40000504
1.40000504
1.40000504
1.40000504
1.40000504
1.40000504
1.40000504
1.400005049
1.400005039
1.400005025
1.399498761
1.481061367
1.958633503
2.707386391
1.40000504
1.40000504
1.40000504
1.40000504
1.40000504
1.40000504
1.40000504
1.40000504
1.40000504
1.40000504
1.40000504
1.40000504
1.40000504
1.40000504
1.40000504
1.40000504
1.40000504
1.40000504
1.40000504
1.40000504
1.40000504
1.40000504
1.40000504
1.40000504
1.400005066
1.400005035
1.399792907
1.401997524
1.56747266
2.081766911
2.969959509
3.820068904
4.073396427
1.40000504
1.40000504
1.40000504
1.40000504
1.40000504
1.40000504
1.40000504
1.40000504
1.40000504
1.40000504
1.40000504
1.40000504
1.40000504
1.40000504
1.40000504
1.40000504
1.40000504
1.40000504
1.40000504
1.40000504
1.40000504
1.40000504
1.400005091
1.400005031
1.399685599
1.425982146
1.681545187
2.25896078
3.297270467
3.811369842
4.13411748
4.296627294
4.336224499
1.40000504
1.40000504
1.40000504
1.40000504
1.40000504
1.40000504
1.40000504
1.40000504
1.40000504
1.40000504
1.40000504
1.40000504
1.40000504
1.40000504
1.40000504
1.40000504
1.40000504
1.40000504
1.40000504
1.400005049
1.400005039
1.400005028
1.399462633
1.483897885
1.811249437
2.635387252
3.431217707
3.933858854
4.249483466
4.311765868
4.305350233
4.314877052
4.315699094
1.40000504
1.40000504
1.40000504
1.40000504
1.40000504
1.40000504
1.40000504
1.40000504
1.40000504
1.40000504
1.40000504
1.40000504
1.40000504
1.40000504
1.40000504
1.40000504
1.40000504
1.400005066
1.400005036
1.399765872
1.407387639
1.547936827
2.099680472
2.948656033
3.598291374
4.13027664
4.243593072
4.242425729
4.256368333
4.258218251
4.259754444
4.264359321
4.267842379
1.40000504
1.40000504
1.40000504
1.40000504
1.40000504
1.40000504
1.40000504
1.40000504
1.40000504
1.40000504
1.40000504
1.40000504
1.40000504
1.40000504
1.40000504
1.400005079
1.400005032
1.399689888
1.422692361
1.70021239
2.377823838
3.180189596
3.947369024
4.086072556
4.144807215
4.203078748
4.216159275
4.218162316
4.223673478
4.221226556
4.224991557
4.232532322
4.239342205
1.40000504
1.40000504
1.40000504
1.40000504
1.40000504
1.40000504
1.40000504
1.40000504
1.40000504
1.40000504
1.40000504
1.40000504
1.40000504
1.400005088
1.400005028
1.399587286
1.461675845
1.81810069
2.602733215
3.566385752
3.927094002
4.105198933
4.170238148
4.168719466
4.162878326
4.172680669
4.177129462
4.186099044
4.196021525
4.198796853
4.202140287
4.206904142
4.21007108
1.40000504
1.40000504
1.40000504
1.40000504
1.40000504
1.40000504
1.40000504
1.40000504
1.40000504
1.40000504
1.40000504
1.400005079
1.40000503
1.399609915
1.468701455
1.959315939
2.89006276
3.640008288
4.109628368
4.19019728
4.158682693
4.117615999
4.107726726
4.113356096
4.12483757
4.133537995
4.144245682
4.158026811
4.17072917
4.175186364
4.17875692
4.181880645
4.183903418
1.40000504
1.40000504
1.40000504
1.40000504
1.40000504
1.40000504
1.40000504
1.40000504
1.40000504
1.400005057
1.400005036
1.399678611
1.472996378
1.960525641
2.948589997
3.916666244
4.130459561
4.127924234
4.107684048
4.10382203
4.089240451
4.085151528
4.082111011
4.089460124
4.105938361
4.121814755
4.133089693
4.144057023
4.156285764
4.165879802
4.168906954
4.170169782
4.170573518
1.40000504
1.40000504
1.40000504
1.40000504
1.40000504
1.40000504
1.40000504
1.40000504
1.400005357
1.399851628
1.42457688
1.864355557
3.040078239
3.893163621
4.276422728
4.301160427
4.259920463
4.191918462
4.132356125
4.105249887
4.080882288
4.081388781
4.093232108
4.109359815
4.125438394
4.139572536
4.149018038
4.157759277
4.168987776
4.176956239
4.18020114
4.181949824
4.181104387
1.40000504
1.40000504
1.40000504
1.40000504
1.40000504
1.40000505
1.400005039
1.400005029
1.399498951
1.614474719
2.73782859
4.068005527
4.501384494
4.399029539
4.257255267
4.202263846
4.19706105
4.17141259
4.147318354
4.138955446
4.13135269
4.129541858
4.139190665
4.153074511
4.166419674
4.178629046
4.18631635
4.192830865
4.200682574
4.207223387
4.212662848
4.216732143
4.218756816
1.40000504
1.400005059
1.400005038
1.400005033
1.400005017
1.399584065
1.40448112
1.510935303
2.184908934
3.682943645
4.681740651
4.846148333
4.741408619
4.594251957
4.408288929
4.294649772
4.24852247
4.220869117
4.219596878
4.221423347
4.220751481
4.220942446
4.226424202
4.235718359
4.246812595
4.257558233
4.265073362
4.271975322
4.277853371
4.281946911
4.285104954
4.287621438
4.289180064
1.400004986
1.399371889
1.410765978
1.468541554
1.652450443
1.983135233
2.597650624
3.478372026
4.664079977
5.00834136
4.682267261
4.557136977
4.48976893
4.410984266
4.344746665
4.327816899
4.299942857
4.282878676
4.284889083
4.293965263
4.306820737
4.320320767
4.334055473
4.345660971
4.35446702
4.358893622
4.359711277
4.36001028
4.359600279
4.356686414
4.352718009
4.349257209
4.345549858
2.2635564
2.861763346
3.532249889
4.173653289
4.847457869
5.448715403
5.994433058
6.429740723
6.181570309
5.440394332
4.872810759
4.564318945
4.428588386
4.348526284
4.296617562
4.268610749
4.256886361
4.265570613
4.280500537
4.300366101
4.323145921
4.345033483
4.361446138
4.37521921
4.389450748
4.395803393
4.397056346
4.39630682
4.391507569
4.382824105
4.373215448
4.364484821
0.5602470048
0.5759354242
0.5839865339
0.5826979303
0.5842405211
0.5931779313
0.6107614202
0.6334074509
0.6516182181
0.6586052364
0.6600679238
0.6669582797
0.6833439698
0.6976590408
0.7025069061
0.7040187242
0.7064558996
0.7105274943
0.7121428928
0.7130962917
0.6992230955
0.6890792329
0.6807893954
0.6794945892
0.6803576108
0.6792426503
0.6790644958
0.6800123983
0.6826088005
0.6866790343
0.6896422246
0.696762565
0.6990462681
)
;

boundaryField
{
    inlet
    {
        type            calculated;
        value           nonuniform 0();
    }
    outlet
    {
        type            calculated;
        value           nonuniform 0();
    }
    bottom
    {
        type            calculated;
        value           nonuniform 0();
    }
    top
    {
        type            calculated;
        value           nonuniform 0();
    }
    obstacle
    {
        type            calculated;
        value           nonuniform List<scalar> 
52
(
0.5602470048
0.5759354242
0.5839865339
0.5826979303
0.5842405211
0.5931779313
0.6107614202
0.6334074509
0.6516182181
0.6586052364
0.6600679238
0.6669582797
0.6833439698
0.6976590408
0.7025069061
0.7040187242
0.7064558996
0.7105274943
0.7121428928
0.7130962917
2.2635564
2.861763346
3.532249889
4.173653289
4.847457869
5.448715403
5.994433058
6.429740723
6.181570309
5.440394332
4.872810759
4.564318945
4.428588386
4.348526284
4.296617562
4.268610749
4.256886361
4.265570613
4.280500537
4.300366101
4.323145921
4.345033483
4.361446138
4.37521921
4.389450748
4.395803393
4.397056346
4.39630682
4.391507569
4.382824105
4.373215448
4.364484821
)
;
    }
    defaultFaces
    {
        type            empty;
    }
    procBoundary13to6
    {
        type            processor;
        value           nonuniform List<scalar> 2(1.40000504 1.40000504);
    }
    procBoundary13to7
    {
        type            processor;
        value           nonuniform List<scalar> 
76
(
1.40000504
1.40000504
1.40000504
1.40000504
1.40000504
1.40000504
1.40000504
1.40000504
1.40000504
1.40000504
1.40000504
1.40000504
1.40000504
1.40000504
1.40000504
1.40000504
1.40000504
1.40000504
1.40000504
1.40000504
1.40000504
1.40000504
1.40000504
1.40000504
1.40000504
1.40000504
1.40000504
1.40000504
1.40000504
1.40000504
1.40000504
1.40000504
1.40000504
1.40000504
1.40000504
1.40000504
1.40000504
1.40000504
1.40000504
1.40000504
1.40000504
1.40000504
1.40000504
1.40000504
1.40000504
1.40000504
1.40000504
1.40000504
1.40000504
1.40000504
1.40000504
1.40000504
1.40000504
1.40000504
1.40000504
1.40000504
1.40000504
1.40000504
1.40000504
1.40000504
1.40000504
1.40000504
1.40000504
1.40000504
1.40000504
1.40000504
1.40000504
1.40000504
1.40000504
1.40000504
1.40000504
1.40000504
1.40000504
1.40000504
1.40000504
1.40000504
)
;
    }
    procBoundary13to12
    {
        type            processor;
        value           nonuniform List<scalar> 
33
(
1.40000504
1.40000504
1.40000504
1.40000504
1.40000504
1.40000504
1.40000504
1.40000504
1.40000504
1.40000504
1.40000504
1.40000504
1.40000504
1.40000504
1.40000504
1.40000504
1.40000504
1.40000504
1.40000504
1.40000504
1.40000504
1.40000504
1.40000504
1.40000504
1.40000504
1.40000504
1.40000504
1.40000504
1.40000504
1.40000504
1.40000504
1.40000504
1.40000504
)
;
    }
    procBoundary13to14
    {
        type            processor;
        value           nonuniform List<scalar> 
23
(
1.40000504
1.40000504
1.40000504
1.40000504
1.40000504
1.40000504
1.40000504
1.40000504
1.40000504
1.40000504
1.40000504
1.400005068
1.39964914
1.821565964
3.720258853
4.198996684
4.337464085
4.315075013
4.27276071
4.240956601
4.210734946
4.184814223
4.170580629
)
;
    }
    procBoundary13to19
    {
        type            processor;
        value           nonuniform List<scalar> 
58
(
1.40000504
1.40000504
1.40000504
1.40000504
1.40000504
1.40000504
1.40000504
1.40000504
1.40000504
1.40000504
1.40000504
1.40000504
1.40000504
1.40000504
1.40000504
1.40000504
1.40000504
1.40000504
1.40000504
1.40000504
1.40000504
1.40000504
1.40000504
1.40000504
1.40000504
1.40000504
1.40000504
1.40000504
1.40000504
1.40000504
1.40000504
1.40000504
1.40000504
1.775128445
1.775128445
0.5583777957
0.8185074914
0.8021190846
0.7891201271
0.7670485273
0.7453754435
0.7324547873
0.7252688326
0.718224139
0.7095836285
0.7095836285
0.7261443825
0.7190285264
0.7076219433
0.6999514645
0.6992398271
0.6977337409
0.6957211548
0.6959719753
0.6966887489
0.6966887489
0.7316705593
0.72683269
)
;
    }
    procBoundary13to20
    {
        type            processor;
        value           nonuniform List<scalar> 8(4.178889474 4.219254306 4.289308728 4.341057514 4.358083082 0.7147955742 0.692248795 0.7044653172);
    }
}


// ************************************************************************* //
