/*--------------------------------*- C++ -*----------------------------------*\
  =========                 |
  \\      /  F ield         | OpenFOAM: The Open Source CFD Toolbox
   \\    /   O peration     | Website:  https://openfoam.org
    \\  /    A nd           | Version:  7
     \\/     M anipulation  |
\*---------------------------------------------------------------------------*/
FoamFile
{
    version     2.0;
    format      ascii;
    class       labelList;
    location    "constant/polyMesh";
    object      faceProcAddressing;
}
// * * * * * * * * * * * * * * * * * * * * * * * * * * * * * * * * * * * * * //


577
(
1
2
3
4
5
6
7
8
9
10
11
12
13
14
15
16
17
18
19
20
21
22
23
24
25
26
27
28
29
30
32
51
52
53
54
55
56
57
58
59
60
61
62
63
64
65
66
67
68
69
70
71
72
73
74
75
76
77
78
79
80
82
101
102
103
104
105
106
107
108
109
110
111
112
113
114
115
116
117
118
119
120
121
122
123
124
125
126
127
128
129
130
132
151
152
153
154
155
156
157
158
159
160
161
162
163
164
165
166
167
168
169
170
171
172
173
174
175
176
177
178
179
180
182
201
202
203
204
205
206
207
208
209
210
211
212
213
214
215
216
217
218
219
220
221
222
223
224
225
226
227
228
229
230
232
251
252
253
254
255
256
257
258
259
260
261
262
263
264
265
266
267
268
269
270
271
272
273
274
275
276
277
278
279
280
282
301
302
303
304
305
306
307
308
309
310
311
312
313
314
315
316
317
318
319
320
321
322
323
324
325
326
327
328
329
330
332
351
352
353
354
355
356
357
358
359
360
361
362
363
364
365
366
367
368
369
370
371
373
375
377
379
401
403
405
407
409
411
413
415
417
9826
9827
9828
9829
9830
9831
9832
9833
9834
9951
9952
9953
9954
9955
9956
9957
9958
9959
9960
9961
9962
9963
9964
9965
9966
10201
10202
10203
10204
10205
10206
10207
10208
10209
10226
10227
10228
10229
10230
10231
10232
10233
10234
10251
10252
10253
10254
10255
10256
10257
10258
10259
10276
10277
10278
10279
10280
10281
10282
10283
10284
10301
10302
10303
10304
10305
10306
10307
10308
10309
10326
10327
10328
10329
10330
10331
10332
10333
10334
10351
10352
10353
10354
10355
10356
10357
10358
10359
10376
10377
10378
10379
10380
10381
10382
10383
10384
10401
10402
10403
10404
10405
10406
10407
10408
10409
10426
10427
10428
10429
10430
10431
10432
10433
10434
10451
10452
10453
10454
10455
10456
10457
10458
10476
10477
10478
10479
10480
10481
10482
10483
10501
10502
10503
10504
10505
10506
10507
10508
10526
10527
10528
10529
10530
10531
10532
10533
10551
10552
10553
10554
10555
10556
10557
10558
10576
10577
10578
10579
10580
10581
10582
10583
10826
10827
10828
10829
10830
10831
10832
10833
10834
10851
10852
10853
10854
10855
10856
10857
10858
10859
10876
10877
10878
10879
10880
10881
10882
10883
10884
10901
10902
10903
10904
10905
10906
10907
10908
10909
10926
10927
10928
10929
10930
10931
10932
10933
10934
10951
10952
10953
10954
10955
10956
10957
10958
10959
10976
10977
10978
10979
10980
10981
10982
10983
10984
11001
11002
11003
11004
11005
11006
11007
11008
11009
11026
11027
11028
11029
11030
11031
11032
11033
11034
11051
11052
11053
11054
11055
11056
11057
11058
11059
11076
11077
11078
11079
11080
11081
11082
11083
11101
11102
11103
11104
11105
11106
11107
11108
11126
11127
11128
11129
11130
11131
11132
11133
11151
11152
11153
11154
11155
11156
11157
11158
11176
11177
11178
11179
11180
11181
11182
11183
11201
11202
11203
11204
11205
11206
11207
11208
31
81
131
181
231
281
331
381
372
374
376
378
380
382
402
404
406
408
410
412
414
416
418
419
420
)


// ************************************************************************* //
