/*--------------------------------*- C++ -*----------------------------------*\
  =========                 |
  \\      /  F ield         | OpenFOAM: The Open Source CFD Toolbox
   \\    /   O peration     | Website:  https://openfoam.org
    \\  /    A nd           | Version:  7
     \\/     M anipulation  |
\*---------------------------------------------------------------------------*/
FoamFile
{
    version     2.0;
    format      ascii;
    class       volVectorField;
    location    "3.5";
    object      U;
}
// * * * * * * * * * * * * * * * * * * * * * * * * * * * * * * * * * * * * * //

dimensions      [0 1 -1 0 0 0 0];

internalField   nonuniform List<vector> 
2222
(
(3.13663513 -0.8285441374 0)
(3.136580328 -0.8293859432 0)
(3.130049791 -0.7628671825 0)
(3.010509877 -0.1725509972 0)
(2.960054782 -0.002052597009 0)
(3.097784444 -0.819012471 0)
(3.153425532 -0.8315549071 0)
(3.264975435 -0.8658362359 0)
(3.400309236 -0.8613394705 0)
(3.373146741 -0.8805859084 0)
(3.21840006 -0.8612537571 0)
(3.115004327 -0.8443086161 0)
(3.056378256 -0.8031035998 0)
(3.038370663 -0.8027624929 0)
(3.049571329 -0.8113860283 0)
(3.068332546 -0.815544737 0)
(3.089863347 -0.8176469395 0)
(3.10405823 -0.820896894 0)
(3.113722388 -0.8250410486 0)
(3.1232038 -0.8262730702 0)
(3.126823686 -0.8257420353 0)
(3.128653709 -0.828328563 0)
(3.131984484 -0.8299089984 0)
(3.134755167 -0.828532015 0)
(3.134328905 -0.8287228809 0)
(3.133893352 -0.8294571198 0)
(3.134909294 -0.8290185103 0)
(3.134744727 -0.8281898367 0)
(3.133988102 -0.8284825188 0)
(3.134654931 -0.829030197 0)
(3.135335869 -0.8289648444 0)
(3.135180051 -0.8289307083 0)
(3.135099498 -0.8298218458 0)
(3.1363753 -0.82959699 0)
(3.136681676 -0.8292226459 0)
(3.136378818 -0.8294893448 0)
(3.136416852 -0.8221589349 0)
(3.1424286 -0.4524911432 0)
(2.960684826 -0.0006716773071 0)
(3.095724575 -0.8071860456 0)
(3.15110848 -0.8317409523 0)
(3.265346098 -0.8733024746 0)
(3.405742003 -0.8588591272 0)
(3.380378184 -0.8782354317 0)
(3.220199322 -0.8610377135 0)
(3.112903689 -0.8450841616 0)
(3.056643324 -0.8053074391 0)
(3.039841954 -0.8029009517 0)
(3.049258247 -0.8122459937 0)
(3.066524848 -0.8163362727 0)
(3.08935045 -0.8179026209 0)
(3.10411574 -0.8197807173 0)
(3.113666485 -0.8244091464 0)
(3.123958038 -0.8268086728 0)
(3.127379605 -0.8269857499 0)
(3.129150304 -0.8289188517 0)
(3.131750287 -0.8308152308 0)
(3.134322096 -0.8294333216 0)
(3.134023699 -0.8294153884 0)
(3.133670516 -0.8300402532 0)
(3.134771042 -0.8296247564 0)
(3.134788424 -0.8290027642 0)
(3.133927421 -0.8293563376 0)
(3.13433786 -0.8299998144 0)
(3.135470101 -0.8298856055 0)
(3.135312583 -0.8296930149 0)
(3.135006131 -0.8306624341 0)
(3.136296339 -0.8304153807 0)
(3.136684253 -0.8299602066 0)
(3.136464179 -0.8300677474 0)
(3.136890723 -0.8306754258 0)
(3.132176796 -0.5921124539 0)
(2.970750102 -0.1234226079 0)
(3.091255002 -0.80501079 0)
(3.149341834 -0.8366799117 0)
(3.26826793 -0.8776758343 0)
(3.40641048 -0.8566404915 0)
(3.383750984 -0.8760673378 0)
(3.220572608 -0.8610191701 0)
(3.110007097 -0.8448759868 0)
(3.056776987 -0.8071738187 0)
(3.040886178 -0.8020694435 0)
(3.048716526 -0.8110326069 0)
(3.064983293 -0.8156070047 0)
(3.088597501 -0.8176395002 0)
(3.103552126 -0.820103365 0)
(3.113212585 -0.8248133846 0)
(3.124034488 -0.8277804744 0)
(3.128689735 -0.828524122 0)
(3.130111711 -0.8296433693 0)
(3.13144798 -0.832021176 0)
(3.134055537 -0.8305500863 0)
(3.133862636 -0.8302707764 0)
(3.133395045 -0.8309548418 0)
(3.134550783 -0.8306146615 0)
(3.134949348 -0.8297717292 0)
(3.133968348 -0.830149021 0)
(3.134241883 -0.8309374705 0)
(3.135534899 -0.8306851859 0)
(3.135408196 -0.8304056886 0)
(3.135005995 -0.8313840528 0)
(3.136166364 -0.8311621473 0)
(3.136723218 -0.8306307683 0)
(3.136466064 -0.830641395 0)
(3.136569055 -0.8309658707 0)
(3.132627353 -0.7796336371 0)
(3.082145041 -0.3090042719 0)
(3.088774324 -0.8067601772 0)
(3.148509859 -0.8465805644 0)
(3.271533404 -0.8803578937 0)
(3.406942876 -0.856894819 0)
(3.384551754 -0.8744312709 0)
(3.219498905 -0.8614470902 0)
(3.106094484 -0.8444148042 0)
(3.056247435 -0.8089944282 0)
(3.042126264 -0.8004891028 0)
(3.049030711 -0.8102994908 0)
(3.064957131 -0.8161064419 0)
(3.087582512 -0.8185017816 0)
(3.102963078 -0.8212320666 0)
(3.112782934 -0.8256814288 0)
(3.123896122 -0.8291475126 0)
(3.129701938 -0.8292505143 0)
(3.130839635 -0.8301145975 0)
(3.131477669 -0.8328397721 0)
(3.133870456 -0.8314635115 0)
(3.133888279 -0.8309871243 0)
(3.133385509 -0.8316835746 0)
(3.134391513 -0.8314350576 0)
(3.135015656 -0.8304777036 0)
(3.134048222 -0.8307792353 0)
(3.134135945 -0.8316919459 0)
(3.135648743 -0.8313689648 0)
(3.135638203 -0.8308734059 0)
(3.135001835 -0.8312251901 0)
(3.136035549 -0.8314902484 0)
(3.136750535 -0.8307193724 0)
(3.136428702 -0.830462147 0)
(3.136486783 -0.8314471339 0)
(3.137209419 -0.8256740707 0)
(3.133107969 -0.4156579161 0)
(3.085146304 -0.8151032387 0)
(3.147251824 -0.8512939192 0)
(3.274328747 -0.8815085529 0)
(3.4093495 -0.8589500428 0)
(3.385269211 -0.8730683204 0)
(3.217258427 -0.8618656207 0)
(3.102820905 -0.8436810588 0)
(3.054883444 -0.810727664 0)
(3.042946167 -0.80004475 0)
(3.050737491 -0.8106214857 0)
(3.065632874 -0.8173055716 0)
(3.086511703 -0.8203953459 0)
(3.1026233 -0.8226078878 0)
(3.112714217 -0.8265985726 0)
(3.123566117 -0.8303674599 0)
(3.130394378 -0.8298892488 0)
(3.131579501 -0.8305546966 0)
(3.131602286 -0.8329967511 0)
(3.133775475 -0.8319627652 0)
(3.133996225 -0.8307877611 0)
(3.133325223 -0.8310607189 0)
(3.134188624 -0.8319172162 0)
(3.135136971 -0.8309662792 0)
(3.134000779 -0.8304873772 0)
(3.133839566 -0.8316069127 0)
(3.135661028 -0.8314520879 0)
(3.135807326 -0.830468373 0)
(3.135256622 -0.8305498277 0)
(3.136000474 -0.8311236153 0)
(3.136972449 -0.8305709991 0)
(3.13676193 -0.830186861 0)
(3.136546688 -0.8309686298 0)
(3.137093866 -0.8305112293 0)
(3.126917938 -0.6049666347 0)
(3.010545282 -0.1568055421 0)
(3.081813842 -0.8242665414 0)
(3.146486087 -0.8521922374 0)
(3.276038722 -0.882029275 0)
(3.411285104 -0.861604503 0)
(3.386570011 -0.8721057755 0)
(3.215294651 -0.8613984581 0)
(3.099312286 -0.841385506 0)
(3.05260221 -0.8119816377 0)
(3.043202333 -0.800736872 0)
(3.052466771 -0.8111112614 0)
(3.066522904 -0.8186770337 0)
(3.086108978 -0.8225365905 0)
(3.102328337 -0.8236445392 0)
(3.113009599 -0.8272682992 0)
(3.123580838 -0.83137583 0)
(3.130963211 -0.8305090941 0)
(3.132317638 -0.8306070312 0)
(3.131805511 -0.8318653804 0)
(3.133623953 -0.8317412766 0)
(3.134370772 -0.8307059997 0)
(3.133575306 -0.8307463954 0)
(3.13396734 -0.831591045 0)
(3.135204569 -0.8309954993 0)
(3.134494563 -0.83024698 0)
(3.133906393 -0.8314180545 0)
(3.135647475 -0.8313609424 0)
(3.136188083 -0.8306033313 0)
(3.135721573 -0.8308873507 0)
(3.136024805 -0.831546427 0)
(3.137047498 -0.8312147972 0)
(3.137123386 -0.8308201774 0)
(3.136611165 -0.8314811252 0)
(3.137343538 -0.8322994499 0)
(3.134187903 -0.7978249157 0)
(3.063643792 -0.1885823263 0)
(3.07989713 -0.8268216014 0)
(3.145670472 -0.8517622733 0)
(3.2767198 -0.8826988638 0)
(3.412747804 -0.8701315648 0)
(3.387978008 -0.8718920578 0)
(3.214253329 -0.8612987303 0)
(3.095366158 -0.8397030617 0)
(3.048444506 -0.8126707925 0)
(3.043201 -0.8027370583 0)
(3.054257938 -0.8119305281 0)
(3.067619196 -0.8194414696 0)
(3.085866662 -0.8241281225 0)
(3.102180616 -0.8244700587 0)
(3.113302297 -0.8266587046 0)
(3.123211449 -0.83114164 0)
(3.131588544 -0.8309752753 0)
(3.133109211 -0.8302442811 0)
(3.132680967 -0.8318579083 0)
(3.133695751 -0.8320565847 0)
(3.134613328 -0.8312452164 0)
(3.133755753 -0.8312013486 0)
(3.133698871 -0.8320190462 0)
(3.135264838 -0.8314804641 0)
(3.134888749 -0.8308544701 0)
(3.134021565 -0.8320648658 0)
(3.135432721 -0.8320642935 0)
(3.136245352 -0.8313787169 0)
(3.135613862 -0.8316903864 0)
(3.135643479 -0.8325186709 0)
(3.136840951 -0.8324125545 0)
(3.137025781 -0.8317911995 0)
(3.136404778 -0.8324198132 0)
(3.137149453 -0.8328688365 0)
(3.136780478 -0.8259995304 0)
(3.107691251 -0.4138585974 0)
(3.079300721 -0.8267070369 0)
(3.144807502 -0.8428610382 0)
(3.27714014 -0.8836080133 0)
(3.416963459 -0.8764464851 0)
(3.390166157 -0.8714072044 0)
(3.214006637 -0.8611187465 0)
(3.090632733 -0.8394952038 0)
(3.043042886 -0.814295003 0)
(3.043364444 -0.8043703421 0)
(3.057598105 -0.8129860617 0)
(3.069832915 -0.8197283828 0)
(3.085650998 -0.825093714 0)
(3.102484414 -0.8249370836 0)
(3.113627487 -0.8256696738 0)
(3.122342626 -0.8306620841 0)
(3.131752885 -0.8311782713 0)
(3.134136259 -0.8305257283 0)
(3.133109285 -0.832506435 0)
(3.133531938 -0.8330334788 0)
(3.134663533 -0.8324008276 0)
(3.133610405 -0.8319700096 0)
(3.133252845 -0.8329808438 0)
(3.135013428 -0.8325534244 0)
(3.134910012 -0.8320022876 0)
(3.133855636 -0.8330939088 0)
(3.134985185 -0.833369498 0)
(3.136123829 -0.832649093 0)
(3.135464871 -0.8327657379 0)
(3.135392125 -0.8337060337 0)
(3.136896546 -0.8334408528 0)
(3.137105145 -0.8327984765 0)
(3.136385637 -0.8333855292 0)
(3.137099551 -0.8337526978 0)
(3.138279282 -0.8334353381 0)
(3.131310596 -0.6687077953 0)
(3.079017586 -0.824694105 0)
(3.143245851 -0.8285702169 0)
(3.277207659 -0.8847160442 0)
(3.420618199 -0.8787639225 0)
(3.394284099 -0.8691187507 0)
(3.21484279 -0.8604072678 0)
(3.086972423 -0.8399645583 0)
(3.039256778 -0.8169294618 0)
(3.043280301 -0.8058849134 0)
(3.059434911 -0.8127070255 0)
(3.072485415 -0.8185327187 0)
(3.085131918 -0.8246641535 0)
(3.102789893 -0.8250392942 0)
(3.114299788 -0.8257956144 0)
(3.121892887 -0.8313669572 0)
(3.131473933 -0.8322370498 0)
(3.134422675 -0.8319608933 0)
(3.133294132 -0.833633344 0)
(3.13327797 -0.8345915036 0)
(3.134924889 -0.8332979245 0)
(3.133604033 -0.8327461866 0)
(3.132971663 -0.8341496184 0)
(3.135012019 -0.8337974307 0)
(3.135076619 -0.8330425014 0)
(3.13401147 -0.8340827698 0)
(3.134825469 -0.8345487771 0)
(3.136132166 -0.8337362858 0)
(3.135613536 -0.8336656166 0)
(3.135376376 -0.8346546517 0)
(3.136851821 -0.8344023231 0)
(3.137220151 -0.8336977731 0)
(3.136672935 -0.8341872828 0)
(3.137145947 -0.8345571744 0)
(3.138216509 -0.8339536146 0)
(3.133532396 -0.7947191602 0)
(3.079834684 -0.8179505286 0)
(3.140047217 -0.824986222 0)
(3.271328537 -0.885272809 0)
(3.426524978 -0.8805628053 0)
(3.401347478 -0.8657225015 0)
(3.217341715 -0.8599236584 0)
(3.084737752 -0.8400633663 0)
(3.036659131 -0.8190979299 0)
(3.042512273 -0.807557069 0)
(3.062127293 -0.8115976965 0)
(3.07457161 -0.8178836873 0)
(3.084578817 -0.8249846974 0)
(3.102706366 -0.825939149 0)
(3.115020284 -0.8263498979 0)
(3.12164171 -0.832489645 0)
(3.13102872 -0.8341877723 0)
(3.13486524 -0.8340432955 0)
(3.133713566 -0.834623552 0)
(3.133181513 -0.8359507015 0)
(3.134911829 -0.8343435436 0)
(3.133712568 -0.8336211208 0)
(3.13291149 -0.8351919098 0)
(3.135011943 -0.834907456 0)
(3.135491501 -0.8339782423 0)
(3.13452439 -0.8345218823 0)
(3.134849662 -0.8354301382 0)
(3.136353368 -0.8346710572 0)
(3.136004109 -0.8340082777 0)
(3.13540217 -0.8347640622 0)
(3.136707206 -0.8347970476 0)
(3.137490503 -0.8341977006 0)
(3.137036005 -0.8340497446 0)
(3.137011117 -0.8346955833 0)
(3.137987172 -0.8343083669 0)
(3.138889072 -0.8305271716 0)
(3.078956389 -0.8083965634 0)
(3.137637316 -0.8244920371 0)
(3.269389267 -0.8878099863 0)
(3.434036492 -0.8829201855 0)
(3.408495313 -0.8627692178 0)
(3.220404997 -0.8593043774 0)
(3.082795117 -0.8398737172 0)
(3.034569333 -0.8184483835 0)
(3.039501491 -0.8084009878 0)
(3.063526969 -0.8112779189 0)
(3.076605917 -0.8183971069 0)
(3.084455583 -0.8261812036 0)
(3.102509404 -0.8282842265 0)
(3.115272767 -0.8276110772 0)
(3.121749222 -0.8334775132 0)
(3.130684155 -0.835782598 0)
(3.135320372 -0.8352882529 0)
(3.134439283 -0.8354513539 0)
(3.133239297 -0.8365334002 0)
(3.134773811 -0.8348524599 0)
(3.133970963 -0.8335420348 0)
(3.132966848 -0.8352792866 0)
(3.134764218 -0.835515001 0)
(3.135945909 -0.8341052897 0)
(3.134671334 -0.8340000835 0)
(3.13444169 -0.8351724293 0)
(3.136018447 -0.83475638 0)
(3.136133317 -0.833841338 0)
(3.135312444 -0.8347546559 0)
(3.136390722 -0.8349168489 0)
(3.137445238 -0.8342188448 0)
(3.137026243 -0.8340719194 0)
(3.136696078 -0.83488263 0)
(3.137779965 -0.834807539 0)
(3.138157407 -0.8339171978 0)
(3.078268539 -0.8035994358 0)
(3.134074037 -0.8255239673 0)
(3.266031799 -0.8990077886 0)
(3.439111651 -0.8858744412 0)
(3.411285585 -0.861121774 0)
(3.221361627 -0.8586103881 0)
(3.079965458 -0.8394370259 0)
(3.032184957 -0.8174251102 0)
(3.035312267 -0.8090101738 0)
(3.06366039 -0.811794833 0)
(3.077746061 -0.8191412184 0)
(3.084839516 -0.8275301137 0)
(3.102987975 -0.831393767 0)
(3.115244676 -0.8292414611 0)
(3.121193339 -0.8331087868 0)
(3.129187869 -0.8367146908 0)
(3.13595799 -0.8359880955 0)
(3.134830139 -0.8352358559 0)
(3.133006599 -0.8362555487 0)
(3.134337755 -0.8348637545 0)
(3.134299938 -0.833533391 0)
(3.132925367 -0.8350189902 0)
(3.134089723 -0.8354247093 0)
(3.135890778 -0.8341203423 0)
(3.134779098 -0.8341381029 0)
(3.134117151 -0.835407612 0)
(3.135772362 -0.8351698127 0)
(3.136298076 -0.8342897098 0)
(3.135365016 -0.8353392433 0)
(3.136262152 -0.8356174006 0)
(3.137494581 -0.8348230295 0)
(3.137064055 -0.8346201006 0)
(3.136628756 -0.8354435283 0)
(3.137605903 -0.8351775329 0)
(3.138147794 -0.8348027812 0)
(3.078864366 -0.8034668791 0)
(3.133310591 -0.8317743718 0)
(3.266048233 -0.908118031 0)
(3.442932842 -0.8890567987 0)
(3.40979008 -0.8605633547 0)
(3.220265929 -0.8577210911 0)
(3.077135005 -0.8390466136 0)
(3.030662737 -0.8169528578 0)
(3.032337738 -0.8108883894 0)
(3.064837916 -0.814660501 0)
(3.079479861 -0.8205475585 0)
(3.086330371 -0.8293709956 0)
(3.102453193 -0.8324702674 0)
(3.115044468 -0.8301052816 0)
(3.12104777 -0.8322086608 0)
(3.128069698 -0.8364903652 0)
(3.135672533 -0.8357084202 0)
(3.135098595 -0.8347486726 0)
(3.132927869 -0.8363358407 0)
(3.134191998 -0.8352912889 0)
(3.134528495 -0.833827882 0)
(3.132990991 -0.8350870606 0)
(3.133889858 -0.8356610327 0)
(3.135842405 -0.8344016362 0)
(3.134871392 -0.8342550682 0)
(3.134085984 -0.8356185424 0)
(3.135742828 -0.8354409614 0)
(3.136410801 -0.834487403 0)
(3.135494507 -0.8355412262 0)
(3.136268233 -0.8359613657 0)
(3.137601569 -0.8351255369 0)
(3.13716535 -0.8347277384 0)
(3.136672039 -0.8355725641 0)
(3.137573933 -0.8356337514 0)
(3.138414727 -0.8350930211 0)
(3.137598771 -0.8320448423 0)
(3.0785734 -0.8050386906 0)
(3.134908072 -0.8421212694 0)
(3.265510969 -0.9116484564 0)
(3.442838538 -0.892240532 0)
(3.407676328 -0.8610072058 0)
(3.218854202 -0.8564600497 0)
(3.073589259 -0.8377730871 0)
(3.029098563 -0.8150063073 0)
(3.030702611 -0.8118779782 0)
(3.065588833 -0.8177792958 0)
(3.084921556 -0.8221945579 0)
(3.089069151 -0.8279399817 0)
(3.101862256 -0.8308247756 0)
(3.115049976 -0.8292962763 0)
(3.121480026 -0.8307839711 0)
(3.127864723 -0.8358702161 0)
(3.135484257 -0.8344853607 0)
(3.135520855 -0.8331493573 0)
(3.133366051 -0.8350275397 0)
(3.134243781 -0.8349990214 0)
(3.135412439 -0.8330701136 0)
(3.13327974 -0.8340251226 0)
(3.133475229 -0.8349978397 0)
(3.136077376 -0.8343576928 0)
(3.135471293 -0.833356585 0)
(3.1343461 -0.8350603763 0)
(3.135866439 -0.8356253758 0)
(3.137286682 -0.8343684932 0)
(3.13606968 -0.8352379448 0)
(3.135858738 -0.8362748552 0)
(3.137825435 -0.8355559475 0)
(3.137583916 -0.8345515302 0)
(3.136609296 -0.835492246 0)
(3.13723467 -0.8360398819 0)
(3.138552059 -0.8351464766 0)
(3.137469451 -0.8348938933 0)
(3.076357635 -0.8095987505 0)
(3.128180478 -0.8468892798 0)
(3.263225008 -0.913441981 0)
(3.458523035 -0.9031208594 0)
(3.407381033 -0.8608608104 0)
(3.216300106 -0.852217966 0)
(3.072802819 -0.8343136147 0)
(3.027539378 -0.8116688434 0)
(3.026661754 -0.8106704118 0)
(3.062365885 -0.8177627677 0)
(3.086960559 -0.8204200968 0)
(3.091567393 -0.8240438829 0)
(3.10155831 -0.828060749 0)
(3.115655812 -0.8269394197 0)
(3.123415475 -0.8282754763 0)
(3.127478034 -0.8341555348 0)
(3.134327787 -0.8333073954 0)
(3.136398154 -0.8314762694 0)
(3.133931302 -0.8345523516 0)
(3.133995976 -0.8357629915 0)
(3.136167655 -0.8336256683 0)
(3.13322244 -0.8330295696 0)
(3.132353176 -0.8350704764 0)
(3.135463793 -0.8348870006 0)
(3.135383635 -0.8332893688 0)
(3.133860866 -0.8346948789 0)
(3.135246235 -0.8352732032 0)
(3.13691892 -0.8341310202 0)
(3.135685278 -0.8341072296 0)
(3.135110745 -0.835024612 0)
(3.136937714 -0.8348624955 0)
(3.137263778 -0.8338927373 0)
(3.13617567 -0.8344159231 0)
(3.136730051 -0.8347396163 0)
(3.138028228 -0.833851868 0)
(3.137553699 -0.8337513927 0)
(3.073223077 -0.8151976977 0)
(3.122819517 -0.8450232402 0)
(3.252643361 -0.9117612773 0)
(3.480450753 -0.911435384 0)
(3.407521202 -0.8587420322 0)
(3.217173532 -0.8480668667 0)
(3.071807383 -0.8322263588 0)
(3.026534546 -0.809642409 0)
(3.026598406 -0.8079889347 0)
(3.059994961 -0.8146803312 0)
(3.087450349 -0.8171758592 0)
(3.093207932 -0.8206396925 0)
(3.100698816 -0.8261912697 0)
(3.115489483 -0.8254904066 0)
(3.124399929 -0.8267095277 0)
(3.12677022 -0.8334667749 0)
(3.133861497 -0.8345993784 0)
(3.137372374 -0.831747298 0)
(3.133678719 -0.8332250095 0)
(3.132959044 -0.834621158 0)
(3.135339182 -0.8331291372 0)
(3.132718411 -0.8327973107 0)
(3.131650612 -0.8345167923 0)
(3.134653208 -0.833886523 0)
(3.135590524 -0.8320488949 0)
(3.133993643 -0.8330375249 0)
(3.134845492 -0.8335170004 0)
(3.136914849 -0.832267818 0)
(3.136224323 -0.8317032802 0)
(3.135648411 -0.8328769456 0)
(3.136931823 -0.8330778096 0)
(3.137853925 -0.8320681599 0)
(3.136831488 -0.8325167923 0)
(3.136966206 -0.8329820795 0)
(3.138397583 -0.8320769 0)
(3.138177589 -0.8317581668 0)
(3.073751012 -0.8203073409 0)
(3.122508001 -0.8313225138 0)
(3.237662227 -0.9070757425 0)
(3.486728041 -0.902264148 0)
(3.412988412 -0.8509704965 0)
(3.216899889 -0.8455196854 0)
(3.069792179 -0.832845058 0)
(3.024178057 -0.8102074755 0)
(3.022806901 -0.8073421988 0)
(3.05677264 -0.8142132706 0)
(3.087161466 -0.8154668893 0)
(3.094792836 -0.8184384488 0)
(3.099628896 -0.8256082445 0)
(3.116457353 -0.8271937236 0)
(3.128006943 -0.826332783 0)
(3.127165272 -0.8328663547 0)
(3.132168792 -0.834794819 0)
(3.137060252 -0.831660164 0)
(3.134254606 -0.8313324253 0)
(3.132898021 -0.8325896521 0)
(3.135335762 -0.8312878087 0)
(3.13398593 -0.830390194 0)
(3.132550126 -0.8319108164 0)
(3.134759766 -0.8316784001 0)
(3.136765831 -0.8296114367 0)
(3.134889085 -0.8304687664 0)
(3.135007738 -0.8315794374 0)
(3.137258796 -0.8303333969 0)
(3.136549901 -0.8294395381 0)
(3.135839516 -0.8307782683 0)
(3.136999473 -0.8312822033 0)
(3.138305984 -0.8300561973 0)
(3.137224537 -0.8304505414 0)
(3.13701984 -0.8312351798 0)
(3.13846178 -0.8305019829 0)
(3.138229936 -0.8299793537 0)
(3.076105474 -0.8240841655 0)
(3.123031558 -0.8147478472 0)
(3.231975178 -0.9036925246 0)
(3.500025181 -0.9109837352 0)
(3.411567727 -0.8479830303 0)
(3.207262898 -0.832305381 0)
(3.064267931 -0.8295108496 0)
(3.022355912 -0.8062534037 0)
(3.018116229 -0.8016460634 0)
(3.052453203 -0.8109137677 0)
(3.087564748 -0.8139492 0)
(3.099310809 -0.8163764905 0)
(3.099219869 -0.8251721485 0)
(3.115285645 -0.8275619169 0)
(3.127564686 -0.8258001408 0)
(3.127201601 -0.8302508566 0)
(3.131252378 -0.8325232991 0)
(3.136836684 -0.8293273675 0)
(3.134929003 -0.8270893027 0)
(3.132658786 -0.8288287379 0)
(3.135282224 -0.8276193446 0)
(3.135169497 -0.8262047618 0)
(3.132853256 -0.8283079341 0)
(3.134276714 -0.8288768072 0)
(3.13745705 -0.826826259 0)
(3.135189292 -0.8275701025 0)
(3.134527024 -0.8291278977 0)
(3.13720744 -0.8282341134 0)
(3.136922565 -0.8273122005 0)
(3.135567475 -0.828837693 0)
(3.136596476 -0.8294828855 0)
(3.138514154 -0.8282434439 0)
(3.137313403 -0.828411504 0)
(3.136587551 -0.8295748174 0)
(3.13825512 -0.8293438632 0)
(3.13840872 -0.8289407169 0)
(3.077486512 -0.8194984428 0)
(3.117249106 -0.8094308723 0)
(3.223199503 -0.899259675 0)
(3.532971882 -0.8999254566 0)
(3.412014381 -0.8287141179 0)
(3.208919021 -0.8229875955 0)
(3.063246121 -0.8193760263 0)
(3.022292513 -0.7955962959 0)
(3.025913059 -0.7886798796 0)
(3.051028247 -0.8045961451 0)
(3.083799727 -0.8132956942 0)
(3.098691491 -0.8141164613 0)
(3.098826612 -0.8202216981 0)
(3.113836807 -0.8220099886 0)
(3.12933753 -0.8195705242 0)
(3.128190858 -0.8218784989 0)
(3.130858916 -0.8263708317 0)
(3.137372962 -0.824145915 0)
(3.13523788 -0.8230129978 0)
(3.132116873 -0.8263788424 0)
(3.134842564 -0.8259423945 0)
(3.135866172 -0.8232972492 0)
(3.13245947 -0.8255664234 0)
(3.133570881 -0.82757138 0)
(3.137321993 -0.8256117745 0)
(3.134848719 -0.8255923012 0)
(3.133892552 -0.8275860577 0)
(3.136307305 -0.8274457507 0)
(3.136642039 -0.8263130583 0)
(3.134953933 -0.8276447403 0)
(3.135742756 -0.8286860475 0)
(3.137768813 -0.8275848033 0)
(3.136735594 -0.8274470143 0)
(3.135854489 -0.8285749989 0)
(3.137245207 -0.8284391323 0)
(3.137978686 -0.8273466669 0)
(3.08357934 -0.7863446257 0)
(3.122950372 -0.7739739824 0)
(3.169710542 -0.8681745065 0)
(3.547244679 -0.8741957594 0)
(3.400065348 -0.7950148946 0)
(3.197374761 -0.7917016082 0)
(3.055821985 -0.7983005161 0)
(3.015721021 -0.7814771116 0)
(3.020864537 -0.7779951442 0)
(3.043875023 -0.7942904572 0)
(3.077164867 -0.8017373329 0)
(3.099245213 -0.8029520615 0)
(3.099221508 -0.8092256695 0)
(3.112194354 -0.8142818047 0)
(3.130191541 -0.8129482524 0)
(3.127513025 -0.8156742725 0)
(3.128386993 -0.8222373449 0)
(3.134062638 -0.8212437936 0)
(3.133243443 -0.8198100667 0)
(3.129337353 -0.8222790594 0)
(3.131617629 -0.8223639042 0)
(3.134010399 -0.8203667663 0)
(3.130457827 -0.8218385472 0)
(3.131286518 -0.8239587811 0)
(3.134919626 -0.8224193435 0)
(3.133601095 -0.8222382954 0)
(3.132404953 -0.8241843483 0)
(3.134359127 -0.8242326242 0)
(3.136076691 -0.8227776727 0)
(3.134318992 -0.8237226756 0)
(3.134595098 -0.8251795718 0)
(3.136643804 -0.8243775759 0)
(3.136151546 -0.824023827 0)
(3.13517933 -0.825168272 0)
(3.136381816 -0.8252557762 0)
(3.137692501 -0.8243141218 0)
(3.07487258 -0.6310697691 0)
(3.119032637 -0.699885958 0)
(3.162055191 -0.812277071 0)
(3.522027326 -0.8245081924 0)
(3.34562189 -0.7636115708 0)
(3.158009241 -0.7654284657 0)
(3.036494073 -0.7851093092 0)
(2.999611673 -0.770086056 0)
(3.010093559 -0.7626996208 0)
(3.034746598 -0.7805168261 0)
(3.064522033 -0.7925537464 0)
(3.090667056 -0.7955088802 0)
(3.090804627 -0.8016622136 0)
(3.101641096 -0.8088973511 0)
(3.121126634 -0.8076690885 0)
(3.119695488 -0.8102096105 0)
(3.121182986 -0.8166533759 0)
(3.126462632 -0.8169715437 0)
(3.129044059 -0.8142164824 0)
(3.125185456 -0.8173942248 0)
(3.126777739 -0.8183660488 0)
(3.130769711 -0.8158133775 0)
(3.127540867 -0.8172708119 0)
(3.127678188 -0.8204008346 0)
(3.131286083 -0.8195243917 0)
(3.131552036 -0.8183989819 0)
(3.129895861 -0.8210700195 0)
(3.131178825 -0.8216892548 0)
(3.134009068 -0.8199412602 0)
(3.132225826 -0.821103727 0)
(3.131998008 -0.8229513701 0)
(3.134035035 -0.822004656 0)
(3.134429854 -0.8218044635 0)
(3.133071589 -0.8230157454 0)
(3.133842922 -0.8231470153 0)
(3.135898534 -0.8222060004 0)
(3.038199226 -0.134926224 0)
(3.079942474 -0.3298282763 0)
(3.105658303 -0.5749538712 0)
(3.055618775 -0.4671513142 0)
(2.875777732 -0.5188389953 0)
(2.844681624 -0.6224732159 0)
(2.821520715 -0.6662413973 0)
(2.838188811 -0.666733061 0)
(2.859373624 -0.670296668 0)
(2.898519834 -0.6931708645 0)
(2.917129356 -0.718660844 0)
(2.948689989 -0.7300829696 0)
(2.974566163 -0.7370265436 0)
(2.986848723 -0.749281401 0)
(3.006552457 -0.755833538 0)
(3.023702351 -0.758615861 0)
(3.032209327 -0.7686679704 0)
(3.035413447 -0.7736344905 0)
(3.047274941 -0.7753417774 0)
(3.051557951 -0.778294732 0)
(3.052498165 -0.7819069475 0)
(3.059510464 -0.7833825627 0)
(3.064972663 -0.7846219797 0)
(3.066211087 -0.7889698645 0)
(3.068225005 -0.7906567102 0)
(3.0753027 -0.7910891048 0)
(3.076793692 -0.793348108 0)
(3.077069989 -0.7954984108 0)
(3.081835897 -0.7961937441 0)
(3.084861995 -0.7968554403 0)
(3.085273727 -0.7992098352 0)
(3.086259765 -0.8003068851 0)
(3.090529769 -0.8009076496 0)
(3.091489105 -0.801689187 0)
(3.091741119 -0.8027032815 0)
(3.094688774 -0.803202953 0)
(3.096465448 -0.8036595299 0)
(3.002699426 -0.006261682396 0)
(3.023851659 -0.06990302494 0)
(3.050618188 -0.1510209861 0)
(3.04772872 -0.3023458105 0)
(3.03157045 -0.4610205128 0)
(3.035321512 -0.5392134837 0)
(3.055128673 -0.5892012321 0)
(3.082722937 -0.6083785188 0)
(3.101545575 -0.6234797983 0)
(3.116714546 -0.6690537899 0)
(3.123943946 -0.6927818291 0)
(3.142357266 -0.6975356935 0)
(3.15741429 -0.7125354158 0)
(3.153122374 -0.7303109792 0)
(3.154897559 -0.7297839833 0)
(3.159256097 -0.733031536 0)
(3.153831758 -0.7479100321 0)
(3.151023212 -0.7503505964 0)
(3.154115705 -0.7482255048 0)
(3.152178315 -0.758180584 0)
(3.147933202 -0.763280711 0)
(3.149999338 -0.7610010446 0)
(3.152390805 -0.7646817218 0)
(3.148409899 -0.7718762599 0)
(3.147823316 -0.7719862315 0)
(3.150812961 -0.7714990984 0)
(3.149224908 -0.7775900686 0)
(3.147205553 -0.779688304 0)
(3.14861354 -0.7783865109 0)
(3.149568754 -0.7811518347 0)
(3.147378054 -0.784863338 0)
(3.147129161 -0.7847748864 0)
(3.148281404 -0.7845865948 0)
(3.147270859 -0.7882049665 0)
(3.146460472 -0.7896730784 0)
(3.147546839 -0.7889141351 0)
(3.147863562 -0.7906438067 0)
(3.000091124 -0.0002029096377 0)
(3.002878684 -0.006994914156 0)
(3.015399869 -0.04023690858 0)
(3.03420391 -0.1079163773 0)
(3.050901706 -0.1805856837 0)
(3.064192255 -0.2347653298 0)
(3.07680182 -0.292246164 0)
(3.098461526 -0.3791428952 0)
(3.111597067 -0.4178001438 0)
(3.121579167 -0.4559090267 0)
(3.131148283 -0.5259223832 0)
(3.135501002 -0.5440439434 0)
(3.142677724 -0.5445245378 0)
(3.142133173 -0.585106822 0)
(3.134813975 -0.6055741568 0)
(3.133554538 -0.601399644 0)
(3.133922871 -0.6220158187 0)
(3.130593004 -0.643763948 0)
(3.132531462 -0.6431381503 0)
(3.134342725 -0.649776236 0)
(3.132258118 -0.6720540194 0)
(3.132009795 -0.6757659413 0)
(3.134599661 -0.674000649 0)
(3.135061879 -0.6892829476 0)
(3.132649669 -0.6980170227 0)
(3.134668617 -0.6963277276 0)
(3.136571396 -0.7029261557 0)
(3.134401943 -0.7132287049 0)
(3.134578741 -0.7146658245 0)
(3.136442678 -0.7155024853 0)
(3.136498606 -0.7236405279 0)
(3.135048262 -0.7282325122 0)
(3.136252397 -0.7283164777 0)
(3.136685897 -0.7323254744 0)
(3.135653772 -0.736313877 0)
(3.135848408 -0.7379459934 0)
(3.137206959 -0.7384922272 0)
(3.000000866 -1.866650359e-06 0)
(3.000219767 -0.0005272559964 0)
(3.002333857 -0.005801483597 0)
(3.009977902 -0.02552182258 0)
(3.026329274 -0.07071493419 0)
(3.047745575 -0.142242746 0)
(3.066054373 -0.2152782758 0)
(3.084425485 -0.2991216887 0)
(3.095841857 -0.3766649747 0)
(3.10734987 -0.4112717642 0)
(3.116859286 -0.4474629668 0)
(3.116359582 -0.4956802555 0)
(3.11801015 -0.5064019705 0)
(3.122434349 -0.526852022 0)
(3.119684124 -0.5692426007 0)
(3.119939275 -0.5765460864 0)
(3.125629865 -0.5787209576 0)
(3.12649112 -0.6096836615 0)
(3.124491937 -0.6210561572 0)
(3.129237945 -0.6198200304 0)
(3.131410834 -0.6382462701 0)
(3.127865407 -0.652238797 0)
(3.130604911 -0.6507746542 0)
(3.134139297 -0.6575998299 0)
(3.131301723 -0.6742552044 0)
(3.13155575 -0.6763088566 0)
(3.135465048 -0.6755241123 0)
(3.135229026 -0.6889035444 0)
(3.132721938 -0.6951832187 0)
(3.134958359 -0.6935980998 0)
(3.137159112 -0.6995897605 0)
(3.134537176 -0.7088612173 0)
(3.134819554 -0.7093776351 0)
(3.137472078 -0.7095695445 0)
(3.13683287 -0.718110704 0)
(3.134928846 -0.7218317576 0)
(3.136412914 -0.7209101509 0)
(3.000000004 -9.864002821e-09 0)
(3.000008695 -2.106529677e-05 0)
(3.000206375 -0.0005076368665 0)
(3.001787534 -0.004452211421 0)
(3.007262588 -0.01855203521 0)
(3.018345245 -0.0498873565 0)
(3.033810606 -0.09899219353 0)
(3.046058948 -0.1421884771 0)
(3.056984866 -0.1963910788 0)
(3.070325915 -0.2545077355 0)
(3.076374347 -0.2796287866 0)
(3.081763257 -0.330836102 0)
(3.091170625 -0.3839661824 0)
(3.099356432 -0.4002027236 0)
(3.105594872 -0.4365200648 0)
(3.109239337 -0.471533001 0)
(3.114791934 -0.4770654052 0)
(3.117894766 -0.4992735249 0)
(3.117425859 -0.5299154644 0)
(3.120453334 -0.533158211 0)
(3.123529898 -0.5420733474 0)
(3.124068505 -0.5709337294 0)
(3.124416562 -0.577678784 0)
(3.127813255 -0.5783737594 0)
(3.129241172 -0.5997315806 0)
(3.127317858 -0.6112297535 0)
(3.130040678 -0.610037716 0)
(3.132239708 -0.6196376688 0)
(3.130056319 -0.6356176028 0)
(3.130721578 -0.6371890731 0)
(3.133183783 -0.6378008633 0)
(3.133311806 -0.6521561868 0)
(3.131644549 -0.6586772794 0)
(3.133736461 -0.6573436293 0)
(3.135269704 -0.6636446969 0)
(3.133204252 -0.6737785445 0)
(3.133381507 -0.6749774745 0)
(3 -1.987685756e-11 0)
(3.000000215 -5.313270869e-07 0)
(3.000011296 -2.801642116e-05 0)
(3.000180326 -0.0004476409012 0)
(3.001303418 -0.003320942897 0)
(3.005060814 -0.01331362047 0)
(3.013398155 -0.03699429842 0)
(3.025953845 -0.07678721672 0)
(3.03925908 -0.1228624548 0)
(3.05461415 -0.1835529864 0)
(3.065910687 -0.2411390983 0)
(3.076685476 -0.2877582015 0)
(3.087011701 -0.3394361359 0)
(3.094154181 -0.3725175604 0)
(3.101902084 -0.3960446764 0)
(3.105670126 -0.4338711846 0)
(3.107377936 -0.4531106206 0)
(3.112481224 -0.4651849082 0)
(3.114804328 -0.4977838995 0)
(3.114470031 -0.5131459752 0)
(3.119703003 -0.5160432846 0)
(3.123200709 -0.5390676098 0)
(3.120475711 -0.5574210401 0)
(3.12357218 -0.5580538805 0)
(3.127524602 -0.5679319057 0)
(3.125220345 -0.5887335008 0)
(3.12542991 -0.5921772419 0)
(3.129551887 -0.5933925817 0)
(3.129850591 -0.6111418233 0)
(3.127428757 -0.6194251381 0)
(3.130183303 -0.6183590691 0)
(3.132803806 -0.6264576038 0)
(3.130147466 -0.6395565824 0)
(3.130337753 -0.6412548392 0)
(3.133531939 -0.6420517752 0)
(3.133330814 -0.6540244857 0)
(3.131247648 -0.6595483001 0)
(3 -1.859976368e-14 0)
(3.000000003 -8.180801203e-09 0)
(3.000000376 -9.347761336e-07 0)
(3.000011453 -2.857973296e-05 0)
(3.000144956 -0.0003666320088 0)
(3.000960372 -0.0024926512 0)
(3.003673834 -0.009758665439 0)
(3.009945875 -0.02746829131 0)
(3.019918521 -0.05735527303 0)
(3.030731568 -0.09258321027 0)
(3.042722557 -0.1362162843 0)
(3.053580784 -0.1754800073 0)
(3.060800528 -0.2112080016 0)
(3.068556749 -0.251177148 0)
(3.075391194 -0.2786682657 0)
(3.08213277 -0.3162365012 0)
(3.089634953 -0.356401961 0)
(3.096400928 -0.3707399997 0)
(3.100711549 -0.3941242758 0)
(3.104341589 -0.4298668699 0)
(3.108468162 -0.439239913 0)
(3.111789237 -0.4501072916 0)
(3.113419904 -0.481822424 0)
(3.114545379 -0.4918580017 0)
(3.117747858 -0.4937217997 0)
(3.120009515 -0.5182700601 0)
(3.119028974 -0.5337854102 0)
(3.122324817 -0.5339713018 0)
(3.124742054 -0.5452172586 0)
(3.123469537 -0.564689868 0)
(3.124489076 -0.5674133582 0)
(3.127115931 -0.5687124225 0)
(3.127624595 -0.5862206966 0)
(3.126130283 -0.5943494808 0)
(3.128513432 -0.59354931 0)
(3.13038895 -0.601866504 0)
(3.128746623 -0.6148224076 0)
(3 2.490669965e-15 0)
(3 -7.972075642e-11 0)
(3.000000008 -1.918023794e-08 0)
(3.000000455 -1.138007814e-06 0)
(3.000010231 -2.573099752e-05 0)
(3.000112889 -0.000287265325 0)
(3.000710345 -0.001845848127 0)
(3.002750247 -0.007296482164 0)
(3.00757905 -0.02080309495 0)
(3.015651268 -0.04461271692 0)
(3.02629969 -0.07768281513 0)
(3.038307566 -0.118860035 0)
(3.049515096 -0.161977803 0)
(3.060624282 -0.2093995113 0)
(3.069471895 -0.2506917321 0)
(3.078243826 -0.2837722228 0)
(3.086255789 -0.3227567036 0)
(3.09095234 -0.3504236532 0)
(3.096759293 -0.3669307435 0)
(3.101268258 -0.3981070459 0)
(3.102132105 -0.4203881872 0)
(3.106588682 -0.4276226327 0)
(3.110897854 -0.4502740519 0)
(3.11011225 -0.4731612369 0)
(3.113194083 -0.4774678582 0)
(3.117847789 -0.4883637596 0)
(3.117034211 -0.5119756513 0)
(3.117384756 -0.5177796898 0)
(3.121575448 -0.5202636225 0)
(3.122821001 -0.5403121999 0)
(3.120709638 -0.5510338803 0)
(3.123710237 -0.551139039 0)
(3.126813721 -0.5609212498 0)
(3.124535067 -0.5765646219 0)
(3.124880722 -0.5790783055 0)
(3.128384087 -0.5805073757 0)
(3.128655895 -0.5947893325 0)
(3 9.303168427e-16 0)
(3 -4.878496801e-13 0)
(3 -2.496054132e-10 0)
(3.000000011 -2.778056403e-08 0)
(3.000000455 -1.139646839e-06 0)
(3.000008528 -2.146680713e-05 0)
(3.000086634 -0.000220918641 0)
(3.000524826 -0.001366444019 0)
(3.002052046 -0.005450282954 0)
(3.005779533 -0.0157585142 0)
(3.01229162 -0.03454445776 0)
(3.021205576 -0.06177307963 0)
(3.031199574 -0.09359163992 0)
(3.040832485 -0.1271962526 0)
(3.050082232 -0.1634839814 0)
(3.057545854 -0.1914014461 0)
(3.062391058 -0.2188772413 0)
(3.069653285 -0.2563820591 0)
(3.076637172 -0.2802437419 0)
(3.081510578 -0.3029582652 0)
(3.087668864 -0.3390089753 0)
(3.093118096 -0.3559572829 0)
(3.096946731 -0.3678576646 0)
(3.100736153 -0.399984128 0)
(3.10320205 -0.4160865047 0)
(3.107235903 -0.420384083 0)
(3.10962054 -0.4438968585 0)
(3.109760386 -0.4630246804 0)
(3.113095221 -0.4650337675 0)
(3.115425958 -0.4766537144 0)
(3.115780684 -0.4994262123 0)
(3.117075245 -0.504304156 0)
(3.120040908 -0.5060781888 0)
(3.121012694 -0.5253537928 0)
(3.119884654 -0.5354490727 0)
(3.122517734 -0.5351407778 0)
(3.124383785 -0.5440958479 0)
(3 -3.115721838e-16 0)
(3 -3.565034884e-15 0)
(3 -2.051253951e-12 0)
(3 -4.315050516e-10 0)
(3.000000013 -3.1260453e-08 0)
(3.000000408 -1.023373982e-06 0)
(3.000006783 -1.716052149e-05 0)
(3.000064745 -0.0001658904944 0)
(3.000386423 -0.001005236917 0)
(3.001543889 -0.004098247408 0)
(3.004414455 -0.01202578791 0)
(3.009735598 -0.02723609805 0)
(3.01760329 -0.05073795939 0)
(3.026784996 -0.07956233633 0)
(3.037088339 -0.1144891313 0)
(3.047038644 -0.1524355883 0)
(3.055509946 -0.1865298259 0)
(3.064531834 -0.2239528173 0)
(3.071690354 -0.2579789905 0)
(3.078253952 -0.2816351421 0)
(3.08490625 -0.3104264117 0)
(3.088508157 -0.3374627634 0)
(3.092747408 -0.3505661295 0)
(3.097622157 -0.3711736224 0)
(3.099101459 -0.3967078807 0)
(3.101892013 -0.4053807497 0)
(3.10650504 -0.4167320085 0)
(3.107614714 -0.4419967708 0)
(3.108078495 -0.4513235351 0)
(3.112408026 -0.4544522658 0)
(3.114813492 -0.4745791876 0)
(3.113194636 -0.4886205885 0)
(3.11606917 -0.4905089006 0)
(3.119639519 -0.5006315386 0)
(3.118261045 -0.5182744855 0)
(3.11862172 -0.5220750507 0)
(3.122178441 -0.5236768851 0)
(3 -1.051458069e-15 0)
(3 1.819549505e-15 0)
(3 -8.289640855e-15 0)
(3 -4.220104935e-12 0)
(3 -5.47670777e-10 0)
(3.000000012 -3.05609171e-08 0)
(3.000000338 -8.520375416e-07 0)
(3.000005195 -1.316606673e-05 0)
(3.000047991 -0.0001231177241 0)
(3.000284091 -0.0007411156228 0)
(3.001153107 -0.003066825773 0)
(3.003381192 -0.009176219687 0)
(3.007711532 -0.02144676334 0)
(3.014305209 -0.04086357056 0)
(3.022240646 -0.06511442465 0)
(3.031180452 -0.09436612036 0)
(3.039978254 -0.1238302035 0)
(3.047059007 -0.1500206847 0)
(3.053649764 -0.1796466915 0)
(3.060121391 -0.2049197884 0)
(3.06471048 -0.2264623073 0)
(3.070748613 -0.2584760424 0)
(3.077051161 -0.2819325935 0)
(3.081737418 -0.2959908094 0)
(3.086349584 -0.3248615288 0)
(3.09048108 -0.3465917651 0)
(3.094917182 -0.3539741325 0)
(3.097854187 -0.3754163508 0)
(3.099859888 -0.3986818138 0)
(3.103531799 -0.4038504079 0)
(3.10584539 -0.4138635016 0)
(3.107222103 -0.4384977001 0)
(3.108625238 -0.4461376344 0)
(3.111731554 -0.4483482328 0)
(3.113547919 -0.4679330749 0)
(3.113042206 -0.4810950383 0)
(3.115827537 -0.4820188729 0)
(3 -8.41717561e-16 0)
(3 1.518745975e-15 0)
(3 -3.92207023e-16 0)
(3 -2.729476507e-14 0)
(3 -6.084933255e-12 0)
(3 -5.803977479e-10 0)
(3.000000011 -2.686695999e-08 0)
(3.000000268 -6.753346967e-07 0)
(3.000003893 -9.907224879e-06 0)
(3.000034993 -9.00750341e-05 0)
(3.000208184 -0.0005431804637 0)
(3.000862518 -0.002292042356 0)
(3.00259773 -0.007037646947 0)
(3.006126852 -0.01698734264 0)
(3.011684352 -0.03319082349 0)
(3.018952037 -0.05509435369 0)
(3.027596753 -0.08259547578 0)
(3.036162334 -0.1115926291 0)
(3.044841925 -0.143105466 0)
(3.053035242 -0.1762610623 0)
(3.059852732 -0.2038807823 0)
(3.067148063 -0.2323844478 0)
(3.073211918 -0.2617279943 0)
(3.078096226 -0.280878052 0)
(3.083561566 -0.3008494284 0)
(3.087216273 -0.3273783156 0)
(3.090026916 -0.3410569289 0)
(3.094537432 -0.3519677356 0)
(3.097546976 -0.3766057703 0)
(3.098310017 -0.3904602851 0)
(3.102334237 -0.3956353098 0)
(3.105671731 -0.4143612426 0)
(3.10506125 -0.4311771213 0)
(3.10775972 -0.4346027548 0)
(3.111494934 -0.4437036593 0)
(3.111441792 -0.4636023638 0)
(3.1114829 -0.4699003113 0)
(3 -1.314540079e-15 0)
(3 -3.465802259e-16 0)
(3 2.239879143e-15 0)
(3 2.589644315e-15 0)
(3 -4.411425183e-14 0)
(3 -7.029145888e-12 0)
(3 -5.445253499e-10 0)
(3.000000009 -2.222771285e-08 0)
(3.000000203 -5.146123419e-07 0)
(3.000002847 -7.255540163e-06 0)
(3.000025366 -6.532377165e-05 0)
(3.000152102 -0.0003973860987 0)
(3.000642222 -0.001707181805 0)
(3.001994063 -0.005394152872 0)
(3.004850736 -0.01339438205 0)
(3.009516909 -0.02683251323 0)
(3.015888673 -0.04585385875 0)
(3.023463158 -0.06926454426 0)
(3.031122445 -0.09366626298 0)
(3.038676848 -0.1202446365 0)
(3.045768662 -0.1455920623 0)
(3.051258591 -0.1663349632 0)
(3.056351606 -0.1917149349 0)
(3.0623327 -0.2165044765 0)
(3.067160095 -0.2332113314 0)
(3.071667704 -0.2578280853 0)
(3.077177922 -0.2831586029 0)
(3.082183437 -0.2944552978 0)
(3.085244953 -0.3123551899 0)
(3.088952159 -0.3383415096 0)
(3.092851906 -0.347864223 0)
(3.095720007 -0.3569469513 0)
(3.098228476 -0.3815530821 0)
(3.099900715 -0.3928489538 0)
(3.103042579 -0.3955768381 0)
(3.105004974 -0.4136898276 0)
(3.105454869 -0.4302568342 0)
(3 2.562589288e-17 0)
(3 1.444362258e-15 0)
(3 7.845194291e-15 0)
(3 8.890540268e-15 0)
(3 4.501817778e-16 0)
(3 -6.079397679e-14 0)
(3 -7.069896127e-12 0)
(3 -4.677781855e-10 0)
(3.000000007 -1.728437217e-08 0)
(3.00000015 -3.802882299e-07 0)
(3.00000205 -5.235179855e-06 0)
(3.000018186 -4.693543739e-05 0)
(3.000110433 -0.0002888338268 0)
(3.000476723 -0.001265691636 0)
(3.00153163 -0.004133754748 0)
(3.003833438 -0.0105539648 0)
(3.007756719 -0.02177545339 0)
(3.01343972 -0.03854865676 0)
(3.020311238 -0.05953592767 0)
(3.02784083 -0.08346000555 0)
(3.035948852 -0.1109965376 0)
(3.04325347 -0.137463427 0)
(3.050356852 -0.1640952049 0)
(3.057400162 -0.1932010578 0)
(3.063004259 -0.2165120676 0)
(3.068832588 -0.2371290851 0)
(3.074328386 -0.2629434637 0)
(3.077893268 -0.2817412124 0)
(3.082294986 -0.2945630945 0)
(3.086517493 -0.3168758075 0)
(3.088300259 -0.3344118668 0)
(3.091965571 -0.3414661019 0)
(3.095847531 -0.3578107656 0)
(3.096588571 -0.3778294035 0)
(3.098755918 -0.3841972795 0)
(3.102681561 -0.3919100314 0)
(3.104062875 -0.4121269046 0)
(3 -1.139622492e-15 0)
(3 -1.37901262e-15 0)
(3 5.348514441e-15 0)
(3 6.582382839e-16 0)
(3 -3.856234968e-15 0)
(3 -6.29310128e-15 0)
(3 -6.340634389e-14 0)
(3 -6.302189796e-12 0)
(3 -3.745214504e-10 0)
(3.000000005 -1.29510345e-08 0)
(3.000000108 -2.737885825e-07 0)
(3.000001449 -3.706758092e-06 0)
(3.000012923 -3.33711931e-05 0)
(3.000079803 -0.0002086802532 0)
(3.000352993 -0.0009364524847 0)
(3.001170959 -0.00315768287 0)
(3.003019404 -0.008286312778 0)
(3.006314007 -0.01764451921 0)
(3.011240185 -0.03205666853 0)
(3.017328126 -0.05029518157 0)
(3.02418961 -0.07172175874 0)
(3.031432458 -0.09524649179 0)
(3.037994096 -0.1167228291 0)
(3.043810071 -0.1389871368 0)
(3.049680481 -0.1622148938 0)
(3.054695328 -0.1800315056 0)
(3.058670792 -0.2001824996 0)
(3.064099128 -0.2251678295 0)
(3.069289489 -0.240800486 0)
(3.07276115 -0.2563590942 0)
(3.077443393 -0.281880621 0)
(3.081742381 -0.2959925588 0)
(3.084956559 -0.3045888498 0)
(3.088105942 -0.327571532 0)
(3.090612802 -0.3435145171 0)
(3.09433645 -0.3481020673 0)
(3.096423591 -0.3631586151 0)
(3 -9.314325982e-16 0)
(3 -1.3658249e-15 0)
(3 -5.704649319e-16 0)
(3 -3.718018751e-15 0)
(3 -4.897801252e-15 0)
(3 -2.486166718e-15 0)
(3 2.753983714e-15 0)
(3 -4.952049859e-14 0)
(3 -5.205400773e-12 0)
(3 -2.842160186e-10 0)
(3.000000004 -9.323584628e-09 0)
(3.000000076 -1.924260308e-07 0)
(3.000001012 -2.589256477e-06 0)
(3.000009112 -2.355029679e-05 0)
(3.000057276 -0.0001498733872 0)
(3.000260275 -0.0006900032946 0)
(3.000891926 -0.002401679626 0)
(3.002371376 -0.006489696914 0)
(3.005137336 -0.01430130284 0)
(3.009397748 -0.02666436626 0)
(3.014876814 -0.04295401043 0)
(3.021465639 -0.06326272415 0)
(3.028430704 -0.08561849521 0)
(3.035244256 -0.1083560783 0)
(3.042393839 -0.1340243497 0)
(3.048660908 -0.1582820364 0)
(3.054437068 -0.1797260013 0)
(3.060593715 -0.204252876 0)
(3.065378981 -0.2260233182 0)
(3.069927841 -0.2413549775 0)
(3.074890384 -0.2615171812 0)
(3.078026242 -0.2821752246 0)
(3.081338298 -0.2927902782 0)
(3.085441233 -0.3064155756 0)
(3.087841653 -0.3272838936 0)
(3.089769023 -0.3368892674 0)
(3.09350825 -0.3441397046 0)
(3 -1.188971794e-15 0)
(3 -7.956257517e-16 0)
(3 -3.287923814e-15 0)
(3 -1.353881752e-15 0)
(3 1.218541286e-15 0)
(3 6.361234112e-15 0)
(3 9.956806832e-15 0)
(3 8.756400354e-15 0)
(3 -4.167506588e-14 0)
(3 -4.007939108e-12 0)
(3 -2.06030891e-10 0)
(3.000000003 -6.534529552e-09 0)
(3.000000052 -1.328548077e-07 0)
(3.000000697 -1.786622124e-06 0)
(3.000006362 -1.645229812e-05 0)
(3.000040864 -0.0001068793123 0)
(3.000191184 -0.0005064594124 0)
(3.000675902 -0.001817286951 0)
(3.001857391 -0.00506889085 0)
(3.004161871 -0.01154820401 0)
(3.007812745 -0.02205144978 0)
(3.012702271 -0.03646059734 0)
(3.018680032 -0.05466591362 0)
(3.025005385 -0.07421840056 0)
(3.031243452 -0.09447351318 0)
(3.037510758 -0.1162980012 0)
(3.043133519 -0.1352222788 0)
(3.04762279 -0.1530698523 0)
(3.052530658 -0.1749323651 0)
(3.05754055 -0.1926943401 0)
(3.061206593 -0.2072077953 0)
(3.06561155 -0.2297270512 0)
(3.070433153 -0.247929606 0)
(3.074384307 -0.2578634151 0)
(3.077586217 -0.2771379317 0)
(3.081059512 -0.2965751562 0)
(3.084879365 -0.3037817623 0)
(3 -1.173168362e-15 0)
(3 -2.246323074e-15 0)
(3 -7.095791143e-15 0)
(3 -5.520062133e-15 0)
(3 1.807060142e-15 0)
(3 5.131394614e-15 0)
(3 5.111048281e-15 0)
(3 5.429549532e-15 0)
(3 1.122588555e-14 0)
(3 -2.334655087e-14 0)
(3 -2.937208388e-12 0)
(3 -1.444067123e-10 0)
(3.000000002 -4.465326843e-09 0)
(3.000000035 -8.998274143e-08 0)
(3.000000475 -1.217021567e-06 0)
(3.000004407 -1.139708237e-05 0)
(3.000028974 -7.575635398e-05 0)
(3.000139761 -0.0003699905939 0)
(3.000509674 -0.001368396439 0)
(3.001450087 -0.003948049139 0)
(3.003359005 -0.009293507296 0)
(3.006476386 -0.01820642967 0)
(3.010867548 -0.03105063416 0)
(3.01635679 -0.0475858943 0)
(3.022308384 -0.06593244431 0)
(3.02877159 -0.08672632014 0)
(3.035273463 -0.1088413999 0)
(3.041143088 -0.1293121301 0)
(3.047251693 -0.1517076117 0)
(3.052863972 -0.174450655 0)
(3.057632586 -0.1922731225 0)
(3.062793032 -0.2109901056 0)
(3.067309338 -0.2323611411 0)
(3.070780195 -0.2466779864 0)
(3.074905127 -0.2596648407 0)
(3.078565531 -0.2799797564 0)
(3.080658481 -0.2932131081 0)
(3 1.22936713e-15 0)
(3 -1.747479215e-15 0)
(3 -9.267245913e-15 0)
(3 -1.280909745e-14 0)
(3 -9.265724572e-15 0)
(3 -2.437526626e-15 0)
(3 -7.408496846e-16 0)
(3 1.830060958e-15 0)
(3 1.263330375e-14 0)
(3 1.488392923e-14 0)
(3 -1.415169034e-14 0)
(3 -2.066425903e-12 0)
(3 -9.787018795e-11 0)
(3.000000001 -2.980785005e-09 0)
(3.000000024 -6.003576838e-08 0)
(3.00000032 -8.205338814e-07 0)
(3.000003025 -7.826262204e-06 0)
(3.000020414 -5.336101642e-05 0)
(3.000101567 -0.0002687511235 0)
(3.000382413 -0.001025215247 0)
(3.001127257 -0.003063559583 0)
(3.002695557 -0.007437789298 0)
(3.005353351 -0.0149871075 0)
(3.00924578 -0.0263062855 0)
(3.014171745 -0.04096103072 0)
(3.019660892 -0.05763109935 0)
(3.025656125 -0.07666237091 0)
(3.031582369 -0.09563625729 0)
(3.036856204 -0.1130734181 0)
(3.041934453 -0.1324494973 0)
(3.046958046 -0.1507026466 0)
(3.051035261 -0.1652287034 0)
(3.054885825 -0.1838430619 0)
(3.059635553 -0.2032603503 0)
(3.063855842 -0.2154089275 0)
(3.066941983 -0.2311320212 0)
(3.071216791 -0.2520440215 0)
(3 1.901468515e-15 0)
(3 4.403927993e-17 0)
(3 -2.313743489e-15 0)
(3 -6.763553576e-15 0)
(3 -9.415764291e-15 0)
(3 -6.748701154e-15 0)
(3 -9.144417049e-16 0)
(3 2.986096113e-15 0)
(3 9.936671766e-15 0)
(3 1.500080885e-14 0)
(3 8.9818212e-15 0)
(3 -1.690632905e-14 0)
(3 -1.409035393e-12 0)
(3 -6.463705593e-11 0)
(3.000000001 -1.952566455e-09 0)
(3.000000015 -3.944915608e-08 0)
(3.000000213 -5.46825636e-07 0)
(3.000002058 -5.325324074e-06 0)
(3.000014282 -3.732270973e-05 0)
(3.000073341 -0.0001939574549 0)
(3.000285391 -0.0007640614445 0)
(3.000872218 -0.002366114523 0)
(3.002152052 -0.005922815076 0)
(3.004412285 -0.01231117297 0)
(3.007848505 -0.0222429464 0)
(3.012274346 -0.03530807848 0)
(3.017466677 -0.05098892149 0)
(3.023315027 -0.06929546908 0)
(3.029072897 -0.0877462912 0)
(3.034857119 -0.1070315711 0)
(3.040782772 -0.1282755893 0)
(3.045906593 -0.1471153148 0)
(3.050972708 -0.165211284 0)
(3.056163504 -0.1860099381 0)
(3.060212005 -0.2030627254 0)
(3.064325148 -0.216557096 0)
(3.068722392 -0.235041516 0)
(3 3.474080798e-15 0)
(3 8.030407734e-16 0)
(3 7.79243089e-16 0)
(3 -1.355350379e-15 0)
(3 -5.822819846e-15 0)
(3 -4.487409328e-15 0)
(3 9.731232728e-16 0)
(3 2.989297066e-15 0)
(3 7.485096935e-15 0)
(3 1.508037819e-14 0)
(3 1.782892113e-14 0)
(3 1.343968431e-14 0)
(3 5.324353886e-16 0)
(3 -9.051107683e-13 0)
(3 -4.153108587e-11 0)
(3 -1.252431883e-09 0)
(3.00000001 -2.553102203e-08 0)
(3.00000014 -3.601372915e-07 0)
(3.000001388 -3.590123194e-06 0)
(3.000009919 -2.591252229e-05 0)
(3.0000526 -0.0001389913306 0)
(3.000211884 -0.0005664924487 0)
(3.000670986 -0.001817498486 0)
(3.001709325 -0.004692279366 0)
(3.003622986 -0.01007882769 0)
(3.006620431 -0.0186928158 0)
(3.010583191 -0.03028053128 0)
(3.015395114 -0.04471691905 0)
(3.020789444 -0.06130868964 0)
(3.026143844 -0.07788696629 0)
(3.031476861 -0.09552855338 0)
(3.036763593 -0.1135954624 0)
(3.041387556 -0.1287858802 0)
(3.045336928 -0.1447609687 0)
(3.049798026 -0.1631678735 0)
(3.054073644 -0.1772252919 0)
(3.057262968 -0.1906890385 0)
(3 2.327715928e-16 0)
(3 1.928182747e-15 0)
(3 8.529222439e-15 0)
(3 6.920459507e-15 0)
(3 1.747133363e-15 0)
(3 3.919793176e-16 0)
(3 1.967294164e-15 0)
(3 3.632129706e-15 0)
(3 4.29552013e-15 0)
(3 4.790995477e-15 0)
(3 6.524385204e-15 0)
(3 5.720538041e-15 0)
(3 4.453678527e-15 0)
(3 4.391610185e-15 0)
(3 -5.556451391e-13 0)
(3 -2.601826433e-11 0)
(3 -7.885785159e-10 0)
(3.000000006 -1.628850518e-08 0)
(3.000000091 -2.345019913e-07 0)
(3.000000927 -2.398175855e-06 0)
(3.000006837 -1.785380408e-05 0)
(3.000037465 -9.891622015e-05 0)
(3.000156396 -0.0004176211856 0)
(3.000513076 -0.001387616589 0)
(3.00135084 -0.003699267983 0)
(3.002963022 -0.008219483454 0)
(3.005559907 -0.01564284034 0)
(3.009111283 -0.02596554863 0)
(3.013598644 -0.03932878409 0)
(3.018641506 -0.05469423643 0)
(3.023868973 -0.07092980676 0)
(3.029488841 -0.08921499117 0)
(3.034867076 -0.1073982708 0)
(3.039855879 -0.1244195342 0)
(3.045121081 -0.1435897068 0)
(3.049788605 -0.1619272199 0)
(3.053988093 -0.1767378883 0)
(3 -1.182598302e-15 0)
(3 2.500449144e-15 0)
(3 7.854974678e-15 0)
(3 9.36674506e-15 0)
(3 7.554729936e-15 0)
(3 2.267982594e-15 0)
(3 2.270464069e-15 0)
(3 3.428670149e-15 0)
(3 -1.516477516e-15 0)
(3 -6.417211114e-15 0)
(3 -2.905505972e-15 0)
(3 2.032595248e-15 0)
(3 6.420335607e-15 0)
(3 6.871962505e-15 0)
(3 1.15014578e-15 0)
(3 -3.43737061e-13 0)
(3 -1.596498604e-11 0)
(3 -4.882175276e-10 0)
(3.000000004 -1.025384687e-08 0)
(3.000000059 -1.510079548e-07 0)
(3.000000614 -1.587857927e-06 0)
(3.000004675 -1.220299829e-05 0)
(3.0000265 -6.989517643e-05 0)
(3.000114735 -0.0003060107762 0)
(3.000389844 -0.001052577723 0)
(3.001062472 -0.002902796441 0)
(3.002410083 -0.006669703312 0)
(3.004644797 -0.01302289596 0)
(3.007819262 -0.02219819794 0)
(3.011922711 -0.03433763887 0)
(3.016568907 -0.04828309293 0)
(3.021511605 -0.06349176111 0)
(3.026751045 -0.08026614238 0)
(3.031726526 -0.09602126296 0)
(3.036192375 -0.11105665 0)
(3.040659202 -0.1278390143 0)
(3.044982697 -0.1427855827 0)
(3 3.074184471e-16 0)
(3 -3.398586631e-16 0)
(3 1.182835069e-15 0)
(3 4.076392689e-15 0)
(3 6.914125612e-15 0)
(3 4.480005406e-15 0)
(3 4.785980813e-15 0)
(3 4.34570893e-15 0)
(3 9.695397728e-16 0)
(3 -2.365229373e-15 0)
(3 -1.619330843e-15 0)
(3 1.692498708e-15 0)
(3 7.389473678e-15 0)
(3 7.092426092e-15 0)
(3 9.693168162e-15 0)
(3 5.651532965e-15 0)
(3 -2.131874926e-13 0)
(3 -9.638089067e-12 0)
(3 -2.975636012e-10 0)
(3.000000003 -6.37296566e-09 0)
(3.000000038 -9.619514319e-08 0)
(3.000000403 -1.041764764e-06 0)
(3.000003172 -8.272976026e-06 0)
(3.000018613 -4.904156208e-05 0)
(3.00008363 -0.0002227861044 0)
(3.000294309 -0.0007933720504 0)
(3.000831279 -0.002266542944 0)
(3.0019494 -0.005382476296 0)
(3.003862311 -0.01079555125 0)
(3.006693142 -0.01893690974 0)
(3.010429838 -0.02991663709 0)
(3.014739128 -0.042775902 0)
(3.019565496 -0.05755339676 0)
(3.024705983 -0.07379886731 0)
(3.029628114 -0.08954600527 0)
(3.034655957 -0.106367198 0)
(3.039656096 -0.1242052096 0)
(3 7.713051842e-16 0)
(3 4.217198807e-16 0)
(3 4.162457336e-16 0)
(3 3.677801021e-15 0)
(3 9.905301744e-15 0)
(3 1.050055637e-14 0)
(3 7.549242897e-15 0)
(3 8.295434096e-15 0)
(3 7.027366978e-15 0)
(3 5.911165954e-15 0)
(3 8.17029795e-15 0)
(3 7.002112479e-15 0)
(3 6.239733328e-15 0)
(3 9.723377033e-15 0)
(3 1.205891077e-14 0)
(3 1.218078076e-14 0)
(3 9.228117489e-15 0)
(3 -1.208264743e-13 0)
(3 -5.691131276e-12 0)
(3 -1.786056744e-10 0)
(3.000000002 -3.910448477e-09 0)
(3.000000024 -6.062563457e-08 0)
(3.000000262 -6.773407809e-07 0)
(3.000002134 -5.562120254e-06 0)
(3.000012979 -3.416588547e-05 0)
(3.000060524 -0.0001610666168 0)
(3.000220747 -0.0005940987648 0)
(3.000646728 -0.001760168638 0)
(3.001566988 -0.004317203999 0)
(3.003197747 -0.008911343649 0)
(3.005702821 -0.01608749758 0)
(3.009069349 -0.02591046987 0)
(3.01305788 -0.03771745882 0)
(3.017617923 -0.05159307466 0)
(3.02241756 -0.06641985778 0)
(3.027056534 -0.08087284875 0)
(3.03169513 -0.09637994929 0)
(3 -2.643589941e-17 0)
(3 1.217396421e-15 0)
(3 1.873092516e-16 0)
(3 3.244196331e-15 0)
(3 1.168915211e-14 0)
(3 1.341583551e-14 0)
(3 9.398092122e-15 0)
(3 6.719304129e-15 0)
(3 8.046287963e-15 0)
(3 1.251714277e-14 0)
(3 1.226230833e-14 0)
(3 9.524315854e-15 0)
(3 4.992855479e-15 0)
(3 6.505453195e-15 0)
(3 7.688468073e-15 0)
(3 1.103580879e-14 0)
(3 1.488147175e-14 0)
(3 4.051690301e-15 0)
(3 -7.444062819e-14 0)
(3 -3.308840049e-12 0)
(3 -1.056082746e-10 0)
(3.000000001 -2.369493768e-09 0)
(3.000000015 -3.779719247e-08 0)
(3.000000169 -4.362428949e-07 0)
(3.000001423 -3.707369655e-06 0)
(3.000008982 -2.362100591e-05 0)
(3.000043481 -0.000115583276 0)
(3.000164478 -0.0004419748391 0)
(3.000500076 -0.001358734704 0)
(3.001251772 -0.003441589995 0)
(3.002635419 -0.007325273984 0)
(3.004837491 -0.01360777933 0)
(3.007856718 -0.02236597105 0)
(3.01156349 -0.0332848027 0)
(3.015907696 -0.04640055287 0)
(3.020472184 -0.06040604126 0)
(3.025122299 -0.07497409661 0)
(3 -1.654980479e-15 0)
(3 2.010290972e-16 0)
(3 3.633851567e-15 0)
(3 7.023959165e-15 0)
(3 9.338668326e-15 0)
(3 1.018789816e-14 0)
(3 8.228480299e-15 0)
(3 2.508634984e-15 0)
(3 3.731009369e-15 0)
(3 7.899890059e-15 0)
(3 7.399303233e-15 0)
(3 4.563801199e-15 0)
(3 5.083795491e-15 0)
(3 2.259446752e-15 0)
(3 1.03469879e-15 0)
(3 3.345508382e-15 0)
(3 1.12453858e-14 0)
(3 9.053940792e-15 0)
(3 2.015097008e-16 0)
(3 -4.116236021e-14 0)
(3 -1.886859507e-12 0)
(3 -6.151984671e-11 0)
(3.000000001 -1.417070386e-09 0)
(3.000000009 -2.330187542e-08 0)
(3.000000108 -2.781601965e-07 0)
(3.000000941 -2.449066051e-06 0)
(3.000006166 -1.620197232e-05 0)
(3.000030996 -8.23025838e-05 0)
(3.00012173 -0.0003266184962 0)
(3.000384088 -0.001042016123 0)
(3.000993738 -0.002726428198 0)
(3.002161478 -0.005993655516 0)
(3.004080286 -0.0114478499 0)
(3.006777047 -0.01922341462 0)
(3.010201846 -0.02926445079 0)
(3.014251151 -0.04139267736 0)
(3.018543174 -0.05436760464 0)
(3 -3.359958424e-15 0)
(3 -1.701241587e-15 0)
(3 4.720703385e-15 0)
(3 7.294706846e-15 0)
(3 5.144448275e-15 0)
(3 6.066050145e-15 0)
(3 6.731744357e-15 0)
(3 2.286899399e-15 0)
(3 1.176893887e-15 0)
(3 3.446846982e-15 0)
(3 2.827811879e-15 0)
(3 4.933244464e-15 0)
(3 8.757651194e-15 0)
(3 3.561120071e-15 0)
(3 5.675313352e-16 0)
(3 1.440642675e-15 0)
(3 2.506961275e-15 0)
(3 1.555534367e-15 0)
(3 -3.285096873e-15 0)
(3 -1.639003859e-15 0)
(3 -2.111275074e-14 0)
(3 -1.057932338e-12 0)
(3 -3.529834227e-11 0)
(3 -8.363385306e-10 0)
(3.000000006 -1.420204269e-08 0)
(3.000000068 -1.755686484e-07 0)
(3.000000616 -1.603181673e-06 0)
(3.000004198 -1.102073538e-05 0)
(3.000021922 -5.81408488e-05 0)
(3.000089456 -0.0002396823173 0)
(3.000292954 -0.0007935446828 0)
(3.000784006 -0.00214665183 0)
(3.001763371 -0.004878927123 0)
(3.003422866 -0.009579011507 0)
(3.005824017 -0.01646960418 0)
(3.008979228 -0.02567558785 0)
(3.012750053 -0.03688852498 0)
(3 -4.255764747e-15 0)
(3 -4.812663143e-15 0)
(3 -1.256397189e-16 0)
(3 1.250477702e-15 0)
(3 2.377997654e-16 0)
(3 1.947389242e-15 0)
(3 5.317973438e-15 0)
(3 4.402465e-15 0)
(3 -2.462057509e-15 0)
(3 -3.067840857e-15 0)
(3 -1.454734914e-15 0)
(3 -5.06918741e-17 0)
(3 3.666341254e-15 0)
(3 4.404898494e-15 0)
(3 1.945695262e-15 0)
(3 -3.384122911e-16 0)
(3 -3.045902153e-15 0)
(3 -3.956837243e-15 0)
(3 -8.615064814e-15 0)
(3 -7.372176598e-15 0)
(3 4.890520919e-15 0)
(3 -4.099483465e-15 0)
(3 -5.7787783e-13 0)
(3 -1.993538604e-11 0)
(3 -4.871772505e-10 0)
(3.000000003 -8.557630268e-09 0)
(3.000000043 -1.096637145e-07 0)
(3.0000004 -1.039751816e-06 0)
(3.000002833 -7.431546953e-06 0)
(3.00001538 -4.073990621e-05 0)
(3.000065264 -0.0001746183584 0)
(3.000221826 -0.0005999387643 0)
(3.00061473 -0.001679816597 0)
(3.001430077 -0.003948889332 0)
(3.002854958 -0.00796975763 0)
(3.004985696 -0.01405761641 0)
(3.007865273 -0.02242299462 0)
(3 -2.681278126e-15 0)
(3 -6.878575351e-16 0)
(3 5.802154299e-16 0)
(3 -1.845487699e-15 0)
(3 -4.277664898e-15 0)
(3 -3.032024204e-15 0)
(3 1.767315735e-15 0)
(3 3.388914658e-15 0)
(3 -3.941822976e-15 0)
(3 -1.131456703e-14 0)
(3 -4.360194689e-15 0)
(3 3.675016832e-15 0)
(3 5.409663914e-15 0)
(3 7.729223468e-15 0)
(3 8.436642972e-15 0)
(3 1.763512152e-15 0)
(3 -5.581606024e-15 0)
(3 -8.903616996e-15 0)
(3 -6.673350568e-15 0)
(3 -4.164922786e-15 0)
(3 8.353375018e-15 0)
(3 1.106941153e-14 0)
(3 4.952909918e-15 0)
(3 -3.005340542e-13 0)
(3 -1.108637275e-11 0)
(3 -2.801566738e-10 0)
(3.000000002 -5.097894123e-09 0)
(3.000000026 -6.779007301e-08 0)
(3.000000257 -6.680310712e-07 0)
(3.000001896 -4.967351832e-06 0)
(3.000010704 -2.831593575e-05 0)
(3.000047255 -0.0001262595207 0)
(3.000166735 -0.0004502267296 0)
(3.000478948 -0.001306307392 0)
(3.001152537 -0.003176257215 0)
(3.002368127 -0.006594779565 0)
(3.004250637 -0.01195328624 0)
(3 -3.662841271e-16 0)
(3 1.138388437e-15 0)
(3 4.713915383e-16 0)
(3 -3.354405795e-15 0)
(3 -2.547823849e-15 0)
(3 -1.10361786e-15 0)
(3 2.100483623e-16 0)
(3 2.184952559e-17 0)
(3 -8.743247678e-16 0)
(3 -4.833161995e-15 0)
(3 -4.356098665e-15 0)
(3 5.347776813e-15 0)
(3 9.584531336e-15 0)
(3 8.212093108e-15 0)
(3 3.512537614e-15 0)
(3 1.606429132e-15 0)
(3 -4.126575642e-15 0)
(3 -6.552996587e-15 0)
(3 -5.113913402e-15 0)
(3 -6.850426449e-16 0)
(3 1.814184124e-16 0)
(3 7.982116821e-15 0)
(3 1.13525455e-14 0)
(3 5.764491788e-15 0)
(3 -1.530397893e-13 0)
(3 -6.084303426e-12 0)
(3 -1.591579666e-10 0)
(3.000000001 -3.003187866e-09 0)
(3.000000016 -4.147838781e-08 0)
(3.000000164 -4.252051195e-07 0)
(3.000001257 -3.290718803e-06 0)
(3.000007388 -1.95196769e-05 0)
(3.00003395 -9.058336028e-05 0)
(3.000124395 -0.0003353406837 0)
(3.000370737 -0.001009326916 0)
(3.000922774 -0.002538208107 0)
(3.001953464 -0.005427125575 0)
(3 6.662866269e-16 0)
(3 7.792555982e-16 0)
(3 6.460997933e-16 0)
(3 -6.756791085e-16 0)
(3 1.724820799e-15 0)
(3 1.195065974e-15 0)
(3 -5.949548844e-15 0)
(3 -7.729918377e-15 0)
(3 -3.60324102e-15 0)
(3 -3.871029827e-16 0)
(3 4.165329535e-16 0)
(3 5.39724096e-15 0)
(3 6.820660053e-15 0)
(3 9.508893897e-16 0)
(3 -4.475006044e-15 0)
(3 -1.854131012e-15 0)
(3 -3.440247713e-15 0)
(3 -6.246160384e-15 0)
(3 -6.552466313e-15 0)
(3 -2.757628929e-15 0)
(3 -1.735228561e-15 0)
(3 3.094388468e-15 0)
(3 6.15479457e-15 0)
(3 8.422393009e-15 0)
(3 5.636475673e-15 0)
(3 -7.862066638e-14 0)
(3 -3.291040357e-12 0)
(3 -8.933955165e-11 0)
(3.000000001 -1.74982916e-09 0)
(3.00000001 -2.512152957e-08 0)
(3.000000103 -2.680789631e-07 0)
(3.000000826 -2.16044879e-06 0)
(3.000005058 -1.334429707e-05 0)
(3.000024196 -6.44681672e-05 0)
(3.000092119 -0.0002479168555 0)
(3.000284997 -0.00077455478 0)
(3.000733948 -0.002014999392 0)
(3 2.254450308e-16 0)
(3 3.853274006e-15 0)
(3 4.593132603e-15 0)
(3 3.419194418e-15 0)
(3 5.255060645e-16 0)
(3 -9.639204023e-15 0)
(3 -1.30967525e-14 0)
(3 -1.272701414e-14 0)
(3 -7.769457766e-15 0)
(3 1.109362902e-15 0)
(3 7.686919113e-15 0)
(3 4.615002313e-15 0)
(3 1.791821504e-15 0)
(3 -2.486047397e-15 0)
(3 -7.228234215e-15 0)
(3 -8.779845559e-15 0)
(3 -1.20461702e-14 0)
(3 -1.148817531e-14 0)
(3 -4.565859308e-15 0)
(3 3.166530802e-15 0)
(3 4.201384887e-15 0)
(3 -2.447832077e-15 0)
(3 -4.349926582e-16 0)
(3 6.177431536e-15 0)
(3 5.078896626e-15 0)
(3 -2.457752912e-16 0)
(3 -5.175589208e-14 0)
(3 -1.770501322e-12 0)
(3 -4.954625138e-11 0)
(3 -1.00818549e-09 0)
(3.000000006 -1.505941348e-08 0)
(3.000000065 -1.673968801e-07 0)
(3.000000538 -1.405512833e-06 0)
(3.000003433 -9.046138336e-06 0)
(3.000017103 -4.550541192e-05 0)
(3.000067704 -0.0001819142277 0)
(3.000217515 -0.0005901764026 0)
(3 4.051683769e-15 0)
(3 6.717742845e-15 0)
(3 5.909708616e-15 0)
(3 3.312275151e-15 0)
(3 -4.287503629e-15 0)
(3 -1.073907519e-14 0)
(3 -4.918131596e-15 0)
(3 -1.164890199e-15 0)
(3 -2.245223883e-16 0)
(3 4.323296967e-15 0)
(3 2.982386508e-15 0)
(3 -3.031828381e-17 0)
(3 -4.717272341e-15 0)
(3 -2.605478847e-15 0)
(3 -4.728456432e-15 0)
(3 -1.006546076e-14 0)
(3 -1.043277387e-14 0)
(3 -9.860740611e-15 0)
(3 6.170003505e-16 0)
(3 7.99624305e-15 0)
(3 7.572575592e-15 0)
(3 -2.999855981e-16 0)
(3 -3.258953645e-15 0)
(3 2.699292357e-15 0)
(3 2.076811808e-15 0)
(3 9.789699077e-16 0)
(3 6.229854231e-15 0)
(3 -1.345760177e-14 0)
(3 -9.29578419e-13 0)
(3 -2.715316483e-11 0)
(3 -5.743832754e-10 0)
(3.000000003 -8.933376586e-09 0)
(3.00000004 -1.035039363e-07 0)
(3.000000347 -9.059094293e-07 0)
(3.00000231 -6.079156656e-06 0)
(3.000011987 -3.185077019e-05 0)
(3.000049373 -0.0001324558693 0)
(3 3.550101889e-15 0)
(3 1.567232667e-15 0)
(3 -3.400829047e-15 0)
(3 -2.036305622e-15 0)
(3 -1.320298517e-15 0)
(3 1.533502891e-16 0)
(3 5.822076358e-15 0)
(3 5.124506786e-15 0)
(3 1.656447221e-15 0)
(3 3.436094788e-15 0)
(3 6.320623294e-15 0)
(3 9.325470746e-15 0)
(3 9.354120044e-15 0)
(3 8.742491756e-15 0)
(3 1.401571847e-15 0)
(3 -6.522015881e-15 0)
(3 -6.344604933e-15 0)
(3 -4.157019427e-15 0)
(3 4.455998249e-15 0)
(3 8.794664645e-15 0)
(3 6.1637271e-15 0)
(3 -3.390854007e-16 0)
(3 -5.01520512e-15 0)
(3 -3.552943354e-15 0)
(3 -3.727309618e-15 0)
(3 -3.712512523e-15 0)
(3 7.476878308e-15 0)
(3 9.437123744e-15 0)
(3 -5.819747889e-15 0)
(3 -4.905210076e-13 0)
(3 -1.471030825e-11 0)
(3 -3.234424618e-10 0)
(3.000000002 -5.242013002e-09 0)
(3.000000024 -6.334437461e-08 0)
(3.000000222 -5.783115481e-07 0)
(3.00000154 -4.048374046e-06 0)
(3.00000833 -2.210206874e-05 0)
(3 3.134951712e-15 0)
(3 2.783485218e-16 0)
(3 -2.992690706e-15 0)
(3 -1.613853363e-15 0)
(3 2.073635703e-15 0)
(3 6.642802437e-15 0)
(3 8.230992777e-15 0)
(3 5.357297135e-15 0)
(3 3.932717644e-15 0)
(3 3.958993537e-15 0)
(3 5.877440359e-15 0)
(3 1.181205193e-14 0)
(3 1.267785449e-14 0)
(3 1.120400892e-14 0)
(3 6.671060224e-15 0)
(3 7.282032472e-16 0)
(3 -2.736149864e-15 0)
(3 -9.252813527e-17 0)
(3 1.974931548e-15 0)
(3 -3.724327906e-15 0)
(3 -4.700022184e-15 0)
(3 -4.248566801e-15 0)
(3 -6.470465527e-15 0)
(3 -9.94788619e-15 0)
(3 -9.597221041e-15 0)
(3 -1.097011575e-15 0)
(3 8.775599866e-15 0)
(3 1.193860517e-14 0)
(3 1.108737611e-14 0)
(3 3.357793168e-15 0)
(3 -2.367142468e-13 0)
(3 -7.824631264e-12 0)
(3 -1.798631627e-10 0)
(3.000000001 -3.041262605e-09 0)
(3.000000015 -3.835785999e-08 0)
(3.00000014 -3.655541971e-07 0)
(3.000001017 -2.67073876e-06 0)
(3 3.12083856e-15 0)
(3 5.005024579e-15 0)
(3 2.073469259e-15 0)
(3 -1.432526048e-15 0)
(3 -3.865683967e-15 0)
(3 2.920407638e-15 0)
(3 7.702529295e-15 0)
(3 7.459730108e-15 0)
(3 5.931719774e-15 0)
(3 2.853755575e-15 0)
(3 2.20330399e-15 0)
(3 6.339116862e-15 0)
(3 9.225271018e-15 0)
(3 9.640110529e-15 0)
(3 1.180425303e-14 0)
(3 9.616578619e-15 0)
(3 1.507864126e-15 0)
(3 7.76990541e-16 0)
(3 1.419069541e-15 0)
(3 -5.466695895e-15 0)
(3 -4.622343182e-15 0)
(3 -6.671636798e-15 0)
(3 -5.250130105e-15 0)
(3 -6.274101552e-15 0)
(3 -1.664781194e-15 0)
(3 6.820466158e-15 0)
(3 1.269284395e-14 0)
(3 4.979385431e-15 0)
(3 5.549983775e-15 0)
(3 1.078774288e-14 0)
(3 8.942494552e-15 0)
(3 -1.167410843e-13 0)
(3 -4.11929617e-12 0)
(3 -9.881058014e-11 0)
(3.000000001 -1.744336727e-09 0)
(3.000000009 -2.297817046e-08 0)
(3.000000088 -2.2875577e-07 0)
(3 2.837078002e-15 0)
(3 1.812008569e-15 0)
(3 6.963942073e-16 0)
(3 -1.030517807e-15 0)
(3 -4.785533131e-15 0)
(3 -4.548274472e-15 0)
(3 -2.087273637e-15 0)
(3 3.945357822e-15 0)
(3 3.833894179e-15 0)
(3 2.363124761e-15 0)
(3 4.89726079e-16 0)
(3 -5.396974215e-16 0)
(3 1.72173146e-15 0)
(3 4.075949263e-15 0)
(3 7.981931713e-15 0)
(3 1.369861315e-14 0)
(3 1.394860469e-14 0)
(3 7.594759806e-15 0)
(3 4.399209273e-15 0)
(3 1.898249643e-15 0)
(3 -1.675141037e-15 0)
(3 -2.17679138e-15 0)
(3 -4.40053115e-15 0)
(3 -2.107536442e-15 0)
(3 3.872787516e-15 0)
(3 6.957756362e-15 0)
(3 5.919780922e-15 0)
(3 7.544615346e-15 0)
(3 1.04320508e-14 0)
(3 1.324945857e-14 0)
(3 1.66146803e-14 0)
(3 1.413437136e-14 0)
(3 -5.678366301e-14 0)
(3 -2.152468805e-12 0)
(3 -5.363557083e-11 0)
(3 -9.890513328e-10 0)
(3.000000005 -1.361727601e-08 0)
(3 3.854843638e-15 0)
(3 -1.76201626e-15 0)
(3 2.514501382e-15 0)
(3 3.169812416e-15 0)
(3 1.793059396e-15 0)
(3 -3.475593474e-15 0)
(3 -7.361882814e-15 0)
(3 -1.742682853e-15 0)
(3 -1.27420292e-16 0)
(3 3.609679434e-16 0)
(3 1.508101249e-15 0)
(3 2.918894742e-15 0)
(3 8.078890437e-16 0)
(3 2.226456256e-15 0)
(3 4.475701789e-15 0)
(3 1.093141336e-14 0)
(3 1.764410247e-14 0)
(3 1.547057544e-14 0)
(3 9.682004018e-15 0)
(3 3.467104925e-15 0)
(3 -6.227920368e-15 0)
(3 -4.727567232e-15 0)
(3 4.153077017e-16 0)
(3 1.845737839e-15 0)
(3 6.582836682e-15 0)
(3 -1.699446454e-15 0)
(3 -3.997227632e-15 0)
(3 2.23840338e-15 0)
(3 4.133428771e-15 0)
(3 8.360493391e-15 0)
(3 1.285760155e-14 0)
(3 9.879287845e-15 0)
(3 1.270466715e-14 0)
(3 -2.391027595e-14 0)
(3 -1.097867599e-12 0)
(3 -2.873776655e-11 0)
(3 -5.543373855e-10 0)
(3 9.258043799e-16 0)
(3 -1.624461089e-16 0)
(3 9.174351906e-16 0)
(3 4.037472483e-15 0)
(3 5.547350586e-15 0)
(3 1.680783963e-15 0)
(3 -8.523406461e-15 0)
(3 -8.876457148e-15 0)
(3 -2.963103389e-15 0)
(3 -5.030407492e-17 0)
(3 2.994105418e-15 0)
(3 2.323135938e-15 0)
(3 1.250738541e-15 0)
(3 1.344337276e-15 0)
(3 3.071833875e-15 0)
(3 8.962092246e-15 0)
(3 8.09179819e-15 0)
(3 6.803025768e-15 0)
(3 5.881153438e-15 0)
(3 2.302127585e-15 0)
(3 -1.573982445e-15 0)
(3 3.581219796e-15 0)
(3 4.458849269e-15 0)
(3 3.016324292e-15 0)
(3 1.134497534e-15 0)
(3 3.56542241e-15 0)
(3 -2.592726222e-15 0)
(3 -4.329633613e-15 0)
(3 -2.622660518e-15 0)
(3 4.227587622e-15 0)
(3 1.090233595e-14 0)
(3 8.373089562e-15 0)
(3 1.071024257e-14 0)
(3 1.525343291e-14 0)
)
;

boundaryField
{
    inlet
    {
        type            fixedValue;
        value           nonuniform 0();
    }
    outlet
    {
        type            inletOutlet;
        inletValue      nonuniform 0();
        value           nonuniform 0();
    }
    bottom
    {
        type            slip;
    }
    top
    {
        type            slip;
    }
    obstacle
    {
        type            slip;
    }
    defaultFaces
    {
        type            empty;
    }
    procBoundary27to20
    {
        type            processor;
        value           nonuniform List<vector> 
32
(
(3 8.340102457e-15 0)
(3 7.14919357e-15 0)
(3 5.125122496e-15 0)
(3 3.438961176e-15 0)
(3 9.303320233e-16 0)
(3 1.388932248e-15 0)
(3 3.679482583e-15 0)
(3 2.360154809e-15 0)
(3 -1.558632925e-15 0)
(3 -2.209799727e-15 0)
(3 4.446390221e-16 0)
(3 -1.409130198e-15 0)
(3 -2.23050803e-15 0)
(3 -1.019859257e-15 0)
(3 -1.781830248e-16 0)
(3 -2.416458233e-16 0)
(3 2.353695254e-16 0)
(3 5.666414238e-18 0)
(3 -1.006523859e-15 0)
(3 -7.277293997e-17 0)
(3 2.388148209e-15 0)
(3 1.833697905e-15 0)
(3 -1.969499229e-16 0)
(3 -1.12413126e-15 0)
(3 1.442102222e-16 0)
(3 -6.559954451e-16 0)
(3 -7.793353481e-16 0)
(3 -1.711993052e-15 0)
(3 -2.026407806e-15 0)
(3 -2.920806376e-15 0)
(3 -2.487427876e-15 0)
(3 1.460148397e-16 0)
)
;
    }
    procBoundary27to21
    {
        type            processor;
        value           nonuniform List<vector> 
35
(
(3.136522811 -0.828313994 0)
(3.135990043 -0.8273554675 0)
(3.125847575 -0.576338594 0)
(2.994161973 -0.05938957136 0)
(2.952532755 -0.02000695558 0)
(3.097234581 -0.8303284525 0)
(3.155653337 -0.8327483193 0)
(3.266913742 -0.8598563367 0)
(3.39422269 -0.8613234708 0)
(3.365498689 -0.8830802048 0)
(3.216813838 -0.8616759334 0)
(3.116582157 -0.8435751071 0)
(3.056072382 -0.8003682419 0)
(3.036725971 -0.8020144608 0)
(3.050144778 -0.8098174081 0)
(3.069389594 -0.8142561974 0)
(3.09025549 -0.8172609691 0)
(3.103326454 -0.8213209763 0)
(3.113308873 -0.8256328045 0)
(3.122326644 -0.8257550612 0)
(3.125955724 -0.8255127404 0)
(3.127817625 -0.828285917 0)
(3.13209386 -0.8297623796 0)
(3.134827964 -0.8282682717 0)
(3.134258314 -0.8285042432 0)
(3.133973937 -0.8295001172 0)
(3.134780526 -0.8289029813 0)
(3.134385508 -0.8278395095 0)
(3.133748478 -0.8280590273 0)
(3.134715571 -0.8286136192 0)
(3.135443927 -0.828245975 0)
(3.135091438 -0.8283640903 0)
(3.135178983 -0.8292309419 0)
(3.136544423 -0.8289257038 0)
(3.136544423 -0.8289257038 0)
)
;
    }
    procBoundary27to26
    {
        type            processor;
        value           nonuniform List<vector> 8((3 -6.695219993e-16 0) (3 -1.169095171e-16 0) (3 2.823770103e-15 0) (3 3.064644303e-15 0) (3 3.189211552e-15 0) (3 4.596793e-15 0) (3 2.143851323e-15 0) (3 2.202402164e-16 0));
    }
    procBoundary27to28
    {
        type            processor;
        value           nonuniform List<vector> 
55
(
(2.951210198 0.0002276482371 0)
(2.949901321 0.02010208175 0)
(2.952821038 0.02542671444 0)
(2.955068831 -0.02141922852 0)
(2.971702043 -0.09610630554 0)
(2.971702043 -0.09610630554 0)
(2.956131245 -0.013722985 0)
(2.969813012 -0.05036769067 0)
(2.979807176 -0.0482787446 0)
(2.987134055 -0.07225311782 0)
(3.029713054 -0.2542889994 0)
(3.159753437 -0.5033787993 0)
(3.138106464 -0.6193466539 0)
(3.134682442 -0.8077896844 0)
(3.134682442 -0.8077896844 0)
(3.134455412 -0.4161164955 0)
(3.126981569 -0.6416401707 0)
(3.133993043 -0.8075768947 0)
(3.136662477 -0.8287848415 0)
(3.137342673 -0.8319912927 0)
(3.137566371 -0.8304128724 0)
(3.137112601 -0.8278512328 0)
(3.136511572 -0.8253713136 0)
(3.13467314 -0.8230731956 0)
(3.13467314 -0.8230731956 0)
(3.09581168 -0.8052026476 0)
(3.146511938 -0.7928250484 0)
(3.137162642 -0.7443475353 0)
(3.138179118 -0.7243612526 0)
(3.135380959 -0.6752125452 0)
(3.13312803 -0.6584982535 0)
(3.12924487 -0.6165322716 0)
(3.126653637 -0.6017750465 0)
(3.123466212 -0.5596947689 0)
(3.123150156 -0.539409439 0)
(3.117642036 -0.4903998585 0)
(3.115188737 -0.4721478126 0)
(3.108380595 -0.4328919624 0)
(3.104093304 -0.4209737721 0)
(3.097731059 -0.3823379638 0)
(3.096089476 -0.3637778392 0)
(3.087076554 -0.3159552999 0)
(3.084159045 -0.3005491588 0)
(3.075277439 -0.2628416236 0)
(3.071609933 -0.2514201758 0)
(3.061336329 -0.2099880481 0)
(3.058544747 -0.1935509273 0)
(3.048501564 -0.1555706202 0)
(3.044048265 -0.1397731154 0)
(3.036225621 -0.1116367844 0)
(3.030019249 -0.09102618734 0)
(3.022990828 -0.06820873905 0)
(3.01683319 -0.04918847404 0)
(3.011348024 -0.03269847038 0)
(3.006861662 -0.01950407923 0)
)
;
    }
    procBoundary27to33
    {
        type            processor;
        value           nonuniform List<vector> 
38
(
(3 -9.855563105e-15 0)
(3 -5.709074272e-13 0)
(3 -1.525720221e-11 0)
(3 -4.142042918e-15 0)
(3 1.295455611e-15 0)
(3 -1.960859061e-15 0)
(3 -2.83749401e-15 0)
(3 5.661327859e-16 0)
(3 -1.89923117e-16 0)
(3 -4.776223281e-15 0)
(3 -1.368861398e-14 0)
(3 -9.63088414e-15 0)
(3 -7.915929939e-15 0)
(3 2.902295166e-16 0)
(3 3.754338863e-15 0)
(3 3.708430583e-15 0)
(3 4.253982328e-15 0)
(3 5.710071418e-15 0)
(3 7.914250823e-15 0)
(3 2.224575048e-15 0)
(3 -3.45158388e-15 0)
(3 -2.716174553e-15 0)
(3 8.655715932e-16 0)
(3 5.841615635e-15 0)
(3 6.054069437e-15 0)
(3 3.69284248e-15 0)
(3 -2.182226241e-15 0)
(3 -6.876368055e-15 0)
(3 -8.467197995e-16 0)
(3 -8.058516774e-15 0)
(3 -1.011525777e-14 0)
(3 -4.628715382e-15 0)
(3 3.406806925e-15 0)
(3 9.865464157e-15 0)
(3 9.200861907e-15 0)
(3 7.563792508e-15 0)
(3 -9.855563105e-15 0)
(3 1.101605354e-14 0)
)
;
    }
    procBoundary27to34
    {
        type            processor;
        value           nonuniform List<vector> 9((3.003607061 -0.01011860032 0) (3.001602405 -0.00444195555 0) (3.000579772 -0.001588775984 0) (3.000164784 -0.0004463842013 0) (3.000035717 -9.567546352e-05 0) (3.000005737 -1.520249889e-05 0) (3.000000665 -1.74509919e-06 0) (3.000000055 -1.417012549e-07 0) (3.000000003 -7.982675163e-09 0));
    }
}


// ************************************************************************* //
