/*--------------------------------*- C++ -*----------------------------------*\
  =========                 |
  \\      /  F ield         | OpenFOAM: The Open Source CFD Toolbox
   \\    /   O peration     | Website:  https://openfoam.org
    \\  /    A nd           | Version:  7
     \\/     M anipulation  |
\*---------------------------------------------------------------------------*/
FoamFile
{
    version     2.0;
    format      ascii;
    class       volVectorField;
    location    "0.9";
    object      U;
}
// * * * * * * * * * * * * * * * * * * * * * * * * * * * * * * * * * * * * * //

dimensions      [0 1 -1 0 0 0 0];

internalField   nonuniform List<vector> 
2222
(
(2.687311024 -0.5168567148 0)
(2.704236907 -0.4897061586 0)
(2.719244365 -0.4773371467 0)
(2.753464507 -0.4302600865 0)
(2.77484759 -0.3857046226 0)
(2.783426907 -0.3764757111 0)
(2.803623376 -0.349819479 0)
(2.835257932 -0.2899898974 0)
(2.848680425 -0.2586351874 0)
(2.855525034 -0.2636419484 0)
(2.871096029 -0.2404163574 0)
(2.891557387 -0.1815538477 0)
(2.896068784 -0.1581061945 0)
(2.900061069 -0.1628510821 0)
(2.917461305 -0.1374178316 0)
(2.932904034 -0.08880949078 0)
(2.937446601 -0.07583120695 0)
(3 -1.728376207e-15 0)
(3 -3.436362005e-11 0)
(2.999999988 -3.053571609e-08 0)
(2.99999724 -6.793586436e-06 0)
(2.999738365 -0.0006293285634 0)
(2.99012908 -0.02390062466 0)
(2.905618192 -0.2081050609 0)
(2.643356609 -0.5972614925 0)
(2.566887071 -0.7221481956 0)
(2.567563938 -0.6802331564 0)
(2.592037059 -0.65186098 0)
(2.59855867 -0.6503149998 0)
(2.59940398 -0.6601658525 0)
(2.584570526 -0.6739719138 0)
(2.572010252 -0.6736537884 0)
(2.57489857 -0.6588915492 0)
(2.588548203 -0.6358749798 0)
(2.612115142 -0.6057977177 0)
(2.634395245 -0.5865087977 0)
(2.665486395 -0.5551235117 0)
(2.701375476 -0.4995977293 0)
(2.719252327 -0.4724626486 0)
(2.735183143 -0.4587954288 0)
(2.77047635 -0.4093574157 0)
(2.791430688 -0.3634162056 0)
(2.799000254 -0.3550666457 0)
(2.816642795 -0.3300064774 0)
(2.847456012 -0.2704654056 0)
(2.860587559 -0.2386375688 0)
(2.866633463 -0.2438060458 0)
(2.881069391 -0.2211134931 0)
(2.901329325 -0.1626568034 0)
(2.906288807 -0.139205452 0)
(2.91050691 -0.141993268 0)
(2.928676416 -0.1132381816 0)
(2.941268113 -0.06747488507 0)
(2.945520028 -0.05875513228 0)
(3 5.330400181e-16 0)
(2.999999999 -1.471809572e-09 0)
(2.999999669 -8.598363986e-07 0)
(2.999957954 -0.000107095072 0)
(2.997379888 -0.006546491343 0)
(2.959764633 -0.09655651248 0)
(2.775488284 -0.417689571 0)
(2.592832899 -0.6879602992 0)
(2.556961693 -0.7109058316 0)
(2.543373876 -0.6819599852 0)
(2.569712864 -0.6596373908 0)
(2.578666712 -0.6535103038 0)
(2.586727451 -0.6565498419 0)
(2.584022229 -0.6644318359 0)
(2.579768435 -0.663839789 0)
(2.586061819 -0.6500583966 0)
(2.603593252 -0.6244269251 0)
(2.628600466 -0.5908419341 0)
(2.649310032 -0.5722796957 0)
(2.679436497 -0.540759407 0)
(2.716670595 -0.4822704623 0)
(2.735171094 -0.4526706624 0)
(2.751235832 -0.4372720556 0)
(2.786434611 -0.3865356592 0)
(2.807496017 -0.3393027827 0)
(2.814405085 -0.3323795743 0)
(2.829207317 -0.31025829 0)
(2.859237887 -0.2513476636 0)
(2.871936682 -0.2183963938 0)
(2.87755689 -0.2219974125 0)
(2.892425417 -0.1972421279 0)
(2.911818173 -0.1391807174 0)
(2.916810425 -0.1170871194 0)
(2.920412281 -0.121459943 0)
(2.93674797 -0.094256372 0)
(2.948718746 -0.04972589953 0)
(2.953301484 -0.04110690588 0)
(3 -1.554178477e-15 0)
(2.999999982 -4.577532363e-08 0)
(2.999992732 -1.828018375e-05 0)
(2.99943589 -0.001560014012 0)
(2.982732207 -0.04222582158 0)
(2.874860767 -0.2832048078 0)
(2.694082284 -0.5563372987 0)
(2.579687444 -0.7065363423 0)
(2.544589392 -0.7090732619 0)
(2.534145513 -0.691779259 0)
(2.550214692 -0.6724031534 0)
(2.56454133 -0.6575564433 0)
(2.574990257 -0.6582698308 0)
(2.582330069 -0.6604458204 0)
(2.590087826 -0.654576572 0)
(2.601191261 -0.6390852775 0)
(2.62169561 -0.6106993855 0)
(2.647411139 -0.574320749 0)
(2.666730586 -0.5559310484 0)
(2.696002157 -0.5234983357 0)
(2.73310394 -0.4622499471 0)
(2.750703478 -0.4314024954 0)
(2.764934406 -0.416815447 0)
(2.7992068 -0.3665282123 0)
(2.820653629 -0.318595735 0)
(2.827505612 -0.3117250285 0)
(2.841238624 -0.2899142661 0)
(2.870945317 -0.2304416229 0)
(2.883402229 -0.1954418706 0)
(2.888560948 -0.198783315 0)
(2.901695919 -0.1756641097 0)
(2.920178931 -0.1193825874 0)
(2.925530345 -0.09882292368 0)
(2.929397406 -0.1012034809 0)
(2.947203836 -0.06964860436 0)
(2.957159274 -0.02692822816 0)
(2.9612856 -0.02118476985 0)
(3 -8.610635835e-13 0)
(2.999999495 -1.300282667e-06 0)
(2.999884963 -0.0002878757619 0)
(2.994853641 -0.01552115405 0)
(2.918772403 -0.1784924113 0)
(2.778439307 -0.4524552249 0)
(2.625750169 -0.6460099896 0)
(2.578642739 -0.6998106725 0)
(2.543981639 -0.7023068139 0)
(2.533944467 -0.6918704875 0)
(2.543437314 -0.6777659973 0)
(2.559864423 -0.6627055944 0)
(2.569613131 -0.65778586 0)
(2.58220806 -0.6546916683 0)
(2.597686402 -0.6442624334 0)
(2.614337485 -0.6268206681 0)
(2.639656008 -0.5952436332 0)
(2.666611879 -0.5558342901 0)
(2.684695585 -0.537181631 0)
(2.713073704 -0.5036423117 0)
(2.749850732 -0.4399228642 0)
(2.766696479 -0.408084896 0)
(2.779034021 -0.3948277312 0)
(2.812723216 -0.3446779099 0)
(2.835263136 -0.293702484 0)
(2.842315733 -0.2858720255 0)
(2.853943262 -0.2662871088 0)
(2.881918781 -0.2085679149 0)
(2.893791951 -0.1736263508 0)
(2.898578819 -0.1765083542 0)
(2.911353046 -0.1526617428 0)
(2.929624569 -0.09638182753 0)
(2.935168915 -0.07607314447 0)
(2.938900176 -0.07926900248 0)
(2.954702473 -0.04956305271 0)
(2.963330545 -0.009565944519 0)
(2.967529544 -0.004375623109 0)
(3 -2.034243312e-10 0)
(2.999988659 -2.969367061e-05 0)
(2.99865927 -0.003754794104 0)
(2.968840636 -0.0817902631 0)
(2.781320178 -0.4266762879 0)
(2.674657589 -0.5788687939 0)
(2.608024654 -0.6599470466 0)
(2.580003919 -0.6901672837 0)
(2.550195354 -0.6943468712 0)
(2.541542968 -0.6901879785 0)
(2.544513798 -0.6804523777 0)
(2.55985242 -0.6671368501 0)
(2.570474944 -0.6578926908 0)
(2.585186948 -0.6503198085 0)
(2.604039994 -0.6359116727 0)
(2.624167638 -0.6164208726 0)
(2.654211016 -0.580510942 0)
(2.684220783 -0.5354991105 0)
(2.702310965 -0.5157167541 0)
(2.72900792 -0.4829842398 0)
(2.765313103 -0.4179340188 0)
(2.781507464 -0.3852543752 0)
(2.791992878 -0.3735047226 0)
(2.824515692 -0.3243013646 0)
(2.847087769 -0.2719489087 0)
(2.854103313 -0.2631255342 0)
(2.864961427 -0.2438034441 0)
(2.892750485 -0.1858414247 0)
(2.904799099 -0.1490802013 0)
(2.909459768 -0.1519667291 0)
(2.920546946 -0.1304246893 0)
(2.93744136 -0.07667529405 0)
(2.942782826 -0.05845892284 0)
(2.946795713 -0.05914866586 0)
(2.964149564 -0.02450678737 0)
(2.971376959 0.01443347336 0)
(2.975505257 0.01771365675 0)
(2.999999987 -3.00992376e-08 0)
(2.999795245 -0.0005403707289 0)
(2.991463504 -0.02833854573 0)
(2.859440697 -0.2869967244 0)
(2.668818876 -0.5695862629 0)
(2.610793313 -0.6263842046 0)
(2.595978228 -0.6687692326 0)
(2.579383886 -0.6850374637 0)
(2.561785073 -0.6920108374 0)
(2.554370444 -0.6888979399 0)
(2.554963083 -0.6827375905 0)
(2.563871248 -0.6695852457 0)
(2.575909271 -0.6580125637 0)
(2.593326537 -0.6450132209 0)
(2.615275766 -0.6247647619 0)
(2.637145056 -0.602683972 0)
(2.669770931 -0.5628588401 0)
(2.700426963 -0.5143757327 0)
(2.717871598 -0.4947363293 0)
(2.744383023 -0.4616404843 0)
(2.780910743 -0.3949142615 0)
(2.796293657 -0.3616495245 0)
(2.804875221 -0.3510711428 0)
(2.836837244 -0.3016886491 0)
(2.860742579 -0.2453388872 0)
(2.868428441 -0.2349678702 0)
(2.877204194 -0.2187241493 0)
(2.902942696 -0.1636526862 0)
(2.914290653 -0.1281791161 0)
(2.918359388 -0.1307028834 0)
(2.929751182 -0.1072630028 0)
(2.946698092 -0.05258983528 0)
(2.952339 -0.03398045979 0)
(2.956942629 -0.03361691878 0)
(2.97241544 7.762930242e-05 0)
(2.977379166 0.03355039687 0)
(2.981550263 0.03443076082 0)
(2.999998883 -2.706257543e-06 0)
(2.99762032 -0.006490988134 0)
(2.959071701 -0.1200409198 0)
(2.714852782 -0.5262855194 0)
(2.571782199 -0.6623045334 0)
(2.575160274 -0.6460432885 0)
(2.583410693 -0.6660823742 0)
(2.580886862 -0.6774339364 0)
(2.573511678 -0.6844622013 0)
(2.567423149 -0.6827357112 0)
(2.565675881 -0.679176576 0)
(2.570593567 -0.6700007621 0)
(2.583162918 -0.6572617073 0)
(2.602723947 -0.6384330083 0)
(2.626573715 -0.6127036276 0)
(2.649676201 -0.5886144654 0)
(2.684750008 -0.5452073961 0)
(2.717201086 -0.4917140281 0)
(2.734452496 -0.471553638 0)
(2.75889108 -0.4407991702 0)
(2.795686064 -0.3724589703 0)
(2.811146743 -0.3360415818 0)
(2.818602008 -0.3256295126 0)
(2.848845215 -0.2776250191 0)
(2.872217185 -0.2213753277 0)
(2.879833998 -0.2112502323 0)
(2.887576277 -0.1961843433 0)
(2.913567906 -0.1404620941 0)
(2.925279606 -0.1021997045 0)
(2.929619066 -0.1035022742 0)
(2.93999843 -0.08086567323 0)
(2.954459208 -0.02943397882 0)
(2.959795934 -0.01454789065 0)
(2.964375119 -0.01399111216 0)
(2.980286102 0.02303258933 0)
(2.98480077 0.05588271364 0)
(2.989107073 0.05638244111 0)
(2.999944927 -0.0001440585165 0)
(2.984809917 -0.04085075232 0)
(2.843562851 -0.335008202 0)
(2.615845716 -0.6642608424 0)
(2.549124623 -0.6582636692 0)
(2.550791973 -0.6483175029 0)
(2.571093306 -0.6606103605 0)
(2.580523992 -0.6738786255 0)
(2.579425218 -0.6798264344 0)
(2.576055804 -0.6817116918 0)
(2.573511225 -0.679766084 0)
(2.578953748 -0.6699682169 0)
(2.591884396 -0.6534080635 0)
(2.613942676 -0.627637774 0)
(2.640329931 -0.5958988154 0)
(2.664620085 -0.5699450451 0)
(2.701801136 -0.523247752 0)
(2.734440103 -0.4668003038 0)
(2.750923158 -0.4465452128 0)
(2.775469199 -0.4147568315 0)
(2.81182254 -0.3452958346 0)
(2.826012637 -0.3088235385 0)
(2.831286366 -0.3011168188 0)
(2.859821103 -0.2550061053 0)
(2.884748628 -0.1948179679 0)
(2.893467002 -0.1817207004 0)
(2.899843925 -0.1691014914 0)
(2.923709892 -0.1164850899 0)
(2.934357674 -0.0798605566 0)
(2.938225578 -0.08148479075 0)
(2.948119325 -0.05831928604 0)
(2.962189434 -0.00696633293 0)
(2.96797215 0.007321868573 0)
(2.974383656 0.0111213693 0)
(2.988936664 0.04849673371 0)
(2.991403362 0.0749335303 0)
(2.995379249 0.07273996502 0)
(2.998661165 -0.003960061891 0)
(2.927781283 -0.1705456093 0)
(2.728579535 -0.494419669 0)
(2.561851411 -0.7009274384 0)
(2.529973418 -0.6855958753 0)
(2.539436239 -0.6675977983 0)
(2.564949066 -0.6654445836 0)
(2.579168552 -0.6750427273 0)
(2.58090944 -0.6789588056 0)
(2.580521323 -0.6792151535 0)
(2.580071905 -0.6762401476 0)
(2.586081118 -0.6648931251 0)
(2.600222657 -0.6455701905 0)
(2.625363141 -0.6141387309 0)
(2.653464978 -0.5778663484 0)
(2.678048637 -0.5512920664 0)
(2.717023287 -0.5016319511 0)
(2.751007679 -0.4404099872 0)
(2.766835897 -0.4203358065 0)
(2.788622162 -0.392182989 0)
(2.825634548 -0.3212816177 0)
(2.840723074 -0.2806662608 0)
(2.84586941 -0.2728696122 0)
(2.872555073 -0.2285886436 0)
(2.8963193 -0.1693878196 0)
(2.904273493 -0.1573310799 0)
(2.90907456 -0.1472736907 0)
(2.933319577 -0.09411249088 0)
(2.944631346 -0.05388883211 0)
(2.949447298 -0.05290195168 0)
(2.959150814 -0.0287996979 0)
(2.9704458 0.01840918455 0)
(2.975957148 0.02853242865 0)
(2.983057369 0.0345111961 0)
(2.997508193 0.07484475028 0)
(2.999455908 0.09917704061 0)
(3.003639451 0.09634792681 0)
(2.985791672 -0.03510122783 0)
(2.796222384 -0.4073248904 0)
(2.609122378 -0.6359606087 0)
(2.552565391 -0.6917961226 0)
(2.54130851 -0.6851066222 0)
(2.5507312 -0.6742585358 0)
(2.570262691 -0.669797374 0)
(2.580156231 -0.6737376417 0)
(2.581407371 -0.6759356012 0)
(2.581787365 -0.6759300629 0)
(2.586054409 -0.6702389081 0)
(2.595648339 -0.6561410775 0)
(2.611310448 -0.6348476654 0)
(2.639016787 -0.5982078531 0)
(2.668427805 -0.5573196151 0)
(2.692989299 -0.5300147059 0)
(2.733251251 -0.4775969682 0)
(2.766967839 -0.413931158 0)
(2.782220382 -0.3939269194 0)
(2.804723868 -0.3638030513 0)
(2.841590322 -0.2914598227 0)
(2.855506218 -0.2514279339 0)
(2.858801802 -0.2474087671 0)
(2.883000883 -0.2068812409 0)
(2.90820924 -0.1441420711 0)
(2.916997178 -0.127507735 0)
(2.922160202 -0.1165208811 0)
(2.944279679 -0.06548438872 0)
(2.954125282 -0.02859106435 0)
(2.958472532 -0.02977512284 0)
(2.96701727 -0.006888445248 0)
(2.977229382 0.0376488061 0)
(2.983264164 0.0464140657 0)
(2.991708783 0.05525828819 0)
(3.003906347 0.096007019 0)
(3.00513085 0.1149264614 0)
(3.008706573 0.1112081506 0)
(2.878433526 -0.239602343 0)
(2.671130987 -0.5531186125 0)
(2.582985133 -0.6604059207 0)
(2.554654684 -0.6853337177 0)
(2.549607389 -0.6834678679 0)
(2.555841568 -0.6794960949 0)
(2.571265752 -0.676512153 0)
(2.580803322 -0.676194745 0)
(2.582403073 -0.6757023094 0)
(2.585589451 -0.6731001215 0)
(2.592876405 -0.6642986993 0)
(2.605583138 -0.6462364348 0)
(2.624052065 -0.6212373105 0)
(2.655003359 -0.5786687121 0)
(2.684651347 -0.5348585072 0)
(2.708449546 -0.5078745048 0)
(2.749896038 -0.4522770662 0)
(2.784596569 -0.3830744149 0)
(2.799175432 -0.3635900347 0)
(2.817626319 -0.3394168026 0)
(2.854508105 -0.2671074999 0)
(2.869325513 -0.2231984751 0)
(2.873343646 -0.2174283767 0)
(2.897439037 -0.1759636274 0)
(2.920867115 -0.1141745452 0)
(2.928276453 -0.1003115596 0)
(2.93108234 -0.09366142865 0)
(2.952711075 -0.04294652206 0)
(2.963227737 -0.004851259131 0)
(2.968396683 -0.003381400101 0)
(2.978796874 0.02478121097 0)
(2.987100971 0.06553308578 0)
(2.993056002 0.07182031115 0)
(3.003530826 0.0849334904 0)
(3.013302961 0.1263710297 0)
(3.013786046 0.1408956487 0)
(3.017217572 0.1363255872 0)
(2.724591028 -0.4619780803 0)
(2.589119796 -0.6477185023 0)
(2.57410816 -0.6807862577 0)
(2.559225171 -0.6937494158 0)
(2.556204142 -0.6929811768 0)
(2.559645057 -0.6869732148 0)
(2.571593101 -0.6805800925 0)
(2.58046741 -0.6770578386 0)
(2.582992499 -0.6757923497 0)
(2.588944916 -0.6707625875 0)
(2.600029673 -0.6567353647 0)
(2.616452846 -0.632604712 0)
(2.637456055 -0.6042926947 0)
(2.671826161 -0.5562946561 0)
(2.702828192 -0.5087045212 0)
(2.72651413 -0.4815280888 0)
(2.767920041 -0.4241176673 0)
(2.800484644 -0.3543306123 0)
(2.813988226 -0.3358886356 0)
(2.832719523 -0.3103105735 0)
(2.869942037 -0.2358864305 0)
(2.884108301 -0.1904778659 0)
(2.886952189 -0.1887629696 0)
(2.907044336 -0.1538682605 0)
(2.931223009 -0.09047837071 0)
(2.93942034 -0.0721326451 0)
(2.944167642 -0.06147957564 0)
(2.964025352 -0.01157256255 0)
(2.973187016 0.02104388743 0)
(2.97828569 0.02118977368 0)
(2.98749861 0.04983776933 0)
(2.993644314 0.084435376 0)
(2.999854084 0.08895870591 0)
(3.011409078 0.1077772127 0)
(3.018242076 0.1495602636 0)
(3.018703496 0.1594566464 0)
(3.022357456 0.1549275509 0)
(2.629491376 -0.5858355546 0)
(2.586885394 -0.6702990579 0)
(2.575880654 -0.6900702195 0)
(2.570141254 -0.6990596054 0)
(2.567497368 -0.6953515433 0)
(2.567961345 -0.6855251273 0)
(2.574608562 -0.6775799019 0)
(2.579468429 -0.6742689191 0)
(2.584245822 -0.6725013023 0)
(2.59253246 -0.6655838942 0)
(2.606148308 -0.6476073037 0)
(2.6252812 -0.6197003115 0)
(2.650217694 -0.5871533641 0)
(2.689672962 -0.5315623216 0)
(2.720904676 -0.4817137495 0)
(2.743447204 -0.4563448015 0)
(2.785403198 -0.3965717369 0)
(2.818880067 -0.3205159189 0)
(2.831904748 -0.3018533029 0)
(2.846518318 -0.2829458721 0)
(2.882497185 -0.2102902781 0)
(2.896449765 -0.1627842798 0)
(2.900069399 -0.1592666163 0)
(2.920998502 -0.1216100492 0)
(2.944303747 -0.05668568392 0)
(2.951943721 -0.03980482207 0)
(2.954630115 -0.03452995075 0)
(2.972973567 0.01327791641 0)
(2.982545028 0.0444955129 0)
(2.989171748 0.04976202693 0)
(2.999674781 0.0848401234 0)
(3.002571993 0.1112448145 0)
(3.008262174 0.1115164708 0)
(3.018874488 0.1314624216 0)
(3.022447576 0.1708132402 0)
(3.023236248 0.1776133686 0)
(3.026734518 0.1742034302 0)
(2.57680412 -0.6759310827 0)
(2.57968605 -0.6782643234 0)
(2.577488108 -0.6828981553 0)
(2.573358142 -0.6848166882 0)
(2.5714435 -0.6814363788 0)
(2.572729942 -0.6751863746 0)
(2.576553491 -0.6713027678 0)
(2.579486606 -0.6711258324 0)
(2.586538772 -0.6681108458 0)
(2.596662363 -0.6593520176 0)
(2.614537759 -0.636536074 0)
(2.637775351 -0.6038320052 0)
(2.665191028 -0.5690390692 0)
(2.707758797 -0.5072957472 0)
(2.740155301 -0.4525413318 0)
(2.762778476 -0.4263149656 0)
(2.804227382 -0.36516673 0)
(2.834710811 -0.290084044 0)
(2.846331733 -0.2728936751 0)
(2.861054668 -0.252840116 0)
(2.897932929 -0.1770875129 0)
(2.911704411 -0.1257861608 0)
(2.915160544 -0.1254113074 0)
(2.930884365 -0.09685273917 0)
(2.953896737 -0.03265292573 0)
(2.962015583 -0.01345496984 0)
(2.965588707 -0.007429309069 0)
(2.982360968 0.03940221166 0)
(2.991381178 0.06542796741 0)
(2.998499566 0.07257631985 0)
(3.006642593 0.1099042617 0)
(3.008278573 0.1294277534 0)
(3.013551708 0.1325659394 0)
(3.027654955 0.1648739889 0)
(3.028563585 0.2017042967 0)
(3.029840412 0.2048536776 0)
(3.034175377 0.2034968526 0)
(2.575758087 -0.6826320995 0)
(2.577181213 -0.6816154711 0)
(2.57535444 -0.6825897711 0)
(2.573897578 -0.6807231047 0)
(2.572514139 -0.6759264702 0)
(2.574691786 -0.6714738227 0)
(2.576620139 -0.6698902869 0)
(2.580997102 -0.6680636338 0)
(2.58883163 -0.663940108 0)
(2.602320232 -0.6520690662 0)
(2.625605792 -0.6226451227 0)
(2.652043653 -0.585897687 0)
(2.68322858 -0.5462078983 0)
(2.729620934 -0.475848771 0)
(2.759960233 -0.4206535999 0)
(2.779785316 -0.398121863 0)
(2.821320339 -0.33473236 0)
(2.853285775 -0.252568258 0)
(2.864862541 -0.234375361 0)
(2.876561824 -0.2194058066 0)
(2.910879034 -0.1467726645 0)
(2.923094717 -0.09787731235 0)
(2.926024779 -0.09861343781 0)
(2.942885488 -0.06656594938 0)
(2.967394424 0.002148509642 0)
(2.975957506 0.02183612282 0)
(2.979159312 0.02784206335 0)
(2.993385999 0.07232489044 0)
(3.00212856 0.09418308272 0)
(3.012060118 0.1097083664 0)
(3.014899392 0.1453674475 0)
(3.014845347 0.154885632 0)
(3.019049126 0.1558801656 0)
(3.031735094 0.1899882986 0)
(3.030727303 0.2205289488 0)
(3.033315134 0.2201485219 0)
(3.037771259 0.2178731584 0)
(2.57859489 -0.6776032903 0)
(2.576802528 -0.6810530722 0)
(2.575818001 -0.6819056854 0)
(2.575206621 -0.680243701 0)
(2.574793473 -0.6769361096 0)
(2.575651091 -0.6725349417 0)
(2.577362541 -0.6707251265 0)
(2.582318747 -0.6676916321 0)
(2.592753378 -0.6594332312 0)
(2.610569623 -0.6410646096 0)
(2.639957024 -0.6022048335 0)
(2.67008219 -0.5597479141 0)
(2.70214962 -0.5190303424 0)
(2.74950555 -0.4437710941 0)
(2.780322892 -0.3853714761 0)
(2.800414291 -0.3619218531 0)
(2.840940488 -0.2970592838 0)
(2.868593436 -0.2186611838 0)
(2.878174701 -0.2050044402 0)
(2.889091801 -0.1896013837 0)
(2.925613706 -0.1123127709 0)
(2.938532003 -0.05949721096 0)
(2.941209019 -0.06091099149 0)
(2.956518257 -0.03190986361 0)
(2.977272276 0.02952624844 0)
(2.986548478 0.04378732311 0)
(2.988452213 0.05338968819 0)
(2.999409938 0.09389089749 0)
(3.008570304 0.1106407068 0)
(3.018600098 0.1364033884 0)
(3.017934396 0.1692484371 0)
(3.018713147 0.1722846605 0)
(3.023982139 0.1758549774 0)
(3.037547088 0.2165291993 0)
(3.036183077 0.2433512783 0)
(3.039481978 0.2424351807 0)
(3.046143319 0.2473243048 0)
(2.57707802 -0.6770178274 0)
(2.575820569 -0.6794364218 0)
(2.575852573 -0.6795787584 0)
(2.575704088 -0.6792614315 0)
(2.575563054 -0.6780073355 0)
(2.576181285 -0.6766145718 0)
(2.578384007 -0.6744246583 0)
(2.585005619 -0.6675805559 0)
(2.598618346 -0.6522940374 0)
(2.622178304 -0.6243514808 0)
(2.656836029 -0.5757348481 0)
(2.688200639 -0.5304264576 0)
(2.72419538 -0.4844900959 0)
(2.773561958 -0.4021290136 0)
(2.800904603 -0.347256006 0)
(2.81701862 -0.3310922304 0)
(2.85634072 -0.2660705121 0)
(2.88590703 -0.1801583927 0)
(2.896169163 -0.1647765816 0)
(2.905465263 -0.1518112375 0)
(2.939636326 -0.07720067299 0)
(2.950854321 -0.03122261587 0)
(2.950988062 -0.03531299756 0)
(2.969345559 0.001613167199 0)
(2.989597078 0.06099323133 0)
(2.999402123 0.0769177949 0)
(3.003270482 0.09759517664 0)
(3.008023691 0.12333878 0)
(3.016929728 0.1342725373 0)
(3.024924307 0.1690913556 0)
(3.022645014 0.1977168849 0)
(3.024077817 0.1983031973 0)
(3.032848564 0.2104184577 0)
(3.045114458 0.2533838852 0)
(3.042825244 0.2730629196 0)
(3.046226336 0.2693563288 0)
(3.052958031 0.2768980326 0)
(2.575638144 -0.6803044674 0)
(2.575496346 -0.6796321907 0)
(2.575818122 -0.679149032 0)
(2.575486992 -0.6791245251 0)
(2.575538818 -0.6789512136 0)
(2.576387081 -0.6780375454 0)
(2.579913032 -0.6740598465 0)
(2.589813101 -0.662107805 0)
(2.607652758 -0.6399067103 0)
(2.635406575 -0.6047215706 0)
(2.676106863 -0.5448785747 0)
(2.709386301 -0.495475929 0)
(2.743901246 -0.4510646574 0)
(2.792816357 -0.3655890283 0)
(2.820883796 -0.3086954127 0)
(2.83796474 -0.2909043066 0)
(2.876463644 -0.2241197986 0)
(2.901309822 -0.1448652468 0)
(2.909885695 -0.1361240146 0)
(2.917036257 -0.1253735843 0)
(2.952640221 -0.04842313512 0)
(2.965219823 0.003336076354 0)
(2.96678304 0.003542507682 0)
(2.982421169 0.03783150746 0)
(2.99942154 0.08369084346 0)
(3.007272433 0.104739184 0)
(3.009851888 0.1319147264 0)
(3.013439231 0.1479649817 0)
(3.024474953 0.1671058742 0)
(3.030840946 0.2095109915 0)
(3.027840456 0.2249116473 0)
(3.030055164 0.2199588725 0)
(3.039730596 0.2333087018 0)
(3.047955302 0.2730483298 0)
(3.046567312 0.2863884748 0)
(3.050677236 0.2795527289 0)
(3.055975664 0.2889467504 0)
(2.575458629 -0.6815929156 0)
(2.57595282 -0.6800881667 0)
(2.575515013 -0.6796656521 0)
(2.575186577 -0.6794505857 0)
(2.575397325 -0.6790516565 0)
(2.576992474 -0.677076602 0)
(2.58265117 -0.6702768954 0)
(2.596576615 -0.6528279137 0)
(2.619339383 -0.6238102396 0)
(2.653481508 -0.5797053204 0)
(2.696691894 -0.5128949557 0)
(2.729193783 -0.4637671028 0)
(2.766937011 -0.4130936254 0)
(2.816989312 -0.320277961 0)
(2.841764301 -0.26769151 0)
(2.854359794 -0.2594917717 0)
(2.890305437 -0.1956515964 0)
(2.917486661 -0.1090848567 0)
(2.927903424 -0.0947481775 0)
(2.935958678 -0.08157406859 0)
(2.968642531 -0.006620101937 0)
(2.979017786 0.04142877849 0)
(2.981011351 0.04533602502 0)
(2.993869674 0.07579067619 0)
(3.010346954 0.1156894746 0)
(3.016535637 0.1445552895 0)
(3.015766961 0.1593180149 0)
(3.019190684 0.1614352596 0)
(3.027684086 0.1809117962 0)
(3.032457729 0.2284413073 0)
(3.031831435 0.2427394721 0)
(3.035289388 0.2397270661 0)
(3.048099765 0.2613188728 0)
(3.054801319 0.2997900086 0)
(3.054364296 0.3114961755 0)
(3.059577606 0.3072667777 0)
(3.067710398 0.3223597945 0)
(2.575328358 -0.6796235367 0)
(2.57580143 -0.6793755915 0)
(2.575292876 -0.6797038337 0)
(2.574999143 -0.6796792986 0)
(2.575409504 -0.6787907685 0)
(2.578089874 -0.6751597565 0)
(2.586692089 -0.6644371064 0)
(2.606335781 -0.6392829115 0)
(2.633775283 -0.6041818645 0)
(2.67220486 -0.5543289204 0)
(2.721463113 -0.4756980296 0)
(2.754313254 -0.4247459306 0)
(2.78834982 -0.3787299724 0)
(2.836460743 -0.2851866136 0)
(2.861276772 -0.2299616874 0)
(2.875713695 -0.2152843849 0)
(2.91217257 -0.1467371609 0)
(2.934564935 -0.06544619542 0)
(2.94314829 -0.05672431608 0)
(2.948084721 -0.05108931606 0)
(2.978042525 0.01810884216 0)
(2.987889702 0.07000264043 0)
(2.990704032 0.07616002687 0)
(3.000347478 0.09744380257 0)
(3.01844924 0.1432960474 0)
(3.024570569 0.18543322 0)
(3.025756257 0.195381835 0)
(3.030366367 0.195873868 0)
(3.043625156 0.2285709658 0)
(3.043771516 0.2713492459 0)
(3.042958751 0.2777729073 0)
(3.043655782 0.2754563149 0)
(3.058500065 0.3015451954 0)
(3.058680464 0.3307781054 0)
(3.059766981 0.3348390879 0)
(3.064710832 0.3269778594 0)
(3.069912407 0.3405614542 0)
(2.575647614 -0.6785481424 0)
(2.575406122 -0.6788724843 0)
(2.574821935 -0.6795081503 0)
(2.574693557 -0.6792812608 0)
(2.575590604 -0.6776497627 0)
(2.580084385 -0.671627136 0)
(2.593007628 -0.6556287862 0)
(2.618531308 -0.6226167526 0)
(2.651901207 -0.579654276 0)
(2.696632804 -0.5206966876 0)
(2.74537516 -0.4389061365 0)
(2.776344997 -0.3909760396 0)
(2.813209357 -0.3376895715 0)
(2.862632822 -0.235160225 0)
(2.884415272 -0.1819005638 0)
(2.893461328 -0.1770934501 0)
(2.925636447 -0.1142924303 0)
(2.948999172 -0.02945869583 0)
(2.958794096 -0.01447790536 0)
(2.966666106 -0.0007730834737 0)
(2.99640971 0.06939077176 0)
(3.005005405 0.1235392384 0)
(3.008727143 0.125794276 0)
(3.013052182 0.1323570659 0)
(3.028398678 0.1787174362 0)
(3.030496192 0.2190917179 0)
(3.032593865 0.2212701138 0)
(3.03552283 0.221329548 0)
(3.049003039 0.2594880739 0)
(3.047770714 0.2935122242 0)
(3.049590845 0.2943818731 0)
(3.050533328 0.2914817857 0)
(3.061167767 0.3127769509 0)
(3.059738718 0.3369803899 0)
(3.061874182 0.3403268604 0)
(3.067093395 0.3343249679 0)
(3.071067612 0.347476361 0)
(2.575720227 -0.6785416894 0)
(2.574567876 -0.6790820567 0)
(2.574045274 -0.6791827107 0)
(2.574037474 -0.6786290903 0)
(2.575922742 -0.6756996603 0)
(2.583268541 -0.6663834737 0)
(2.602102416 -0.6434307486 0)
(2.635819182 -0.5991238117 0)
(2.672122493 -0.5522819691 0)
(2.72020948 -0.4873146094 0)
(2.77442836 -0.3923248579 0)
(2.80501803 -0.3437604265 0)
(2.837057289 -0.2962416383 0)
(2.882463355 -0.1962665973 0)
(2.90294645 -0.1438652041 0)
(2.912869677 -0.1324904406 0)
(2.948272789 -0.06103661842 0)
(2.967871939 0.02190867739 0)
(2.975908599 0.03242001349 0)
(2.97830215 0.03258119781 0)
(3.004657445 0.09706359374 0)
(3.012930084 0.1541392166 0)
(3.016668871 0.1587996093 0)
(3.022084728 0.169750078 0)
(3.038344572 0.2190499401 0)
(3.038790561 0.2524662655 0)
(3.041381579 0.2483657629 0)
(3.039590014 0.2430847009 0)
(3.052514202 0.2818906944 0)
(3.05235282 0.314455846 0)
(3.056055617 0.3157566132 0)
(3.062217534 0.3226034192 0)
(3.067770596 0.3407133081 0)
(3.064691697 0.3593899723 0)
(3.067361598 0.361015749 0)
(3.074539943 0.3592677833 0)
(3.075883695 0.3670488975 0)
(2.57506453 -0.6792735349 0)
(2.573671366 -0.6794752032 0)
(2.573320291 -0.6791836845 0)
(2.573620282 -0.6779187451 0)
(2.577244818 -0.6727145498 0)
(2.589171783 -0.6580691733 0)
(2.615072565 -0.6267465339 0)
(2.655445654 -0.5725768948 0)
(2.698303057 -0.5156704225 0)
(2.750225569 -0.4427112055 0)
(2.800272716 -0.3485505551 0)
(2.828504612 -0.3031256207 0)
(2.861971452 -0.249955553 0)
(2.908713117 -0.14117852 0)
(2.927997392 -0.08671546422 0)
(2.934572427 -0.08231791783 0)
(2.96424379 -0.01788086286 0)
(2.983438343 0.06674758069 0)
(2.991059862 0.08079852348 0)
(2.997221702 0.08620278659 0)
(3.019373217 0.1462946939 0)
(3.023005454 0.1902151813 0)
(3.025387103 0.1836103378 0)
(3.025535055 0.1885211866 0)
(3.046145759 0.2464817749 0)
(3.046581653 0.2868253878 0)
(3.049178088 0.2857014778 0)
(3.050370944 0.2904001974 0)
(3.061689682 0.326859923 0)
(3.059037968 0.3473740038 0)
(3.063320032 0.3459514045 0)
(3.068247175 0.3505945071 0)
(3.067498909 0.3618867367 0)
(3.065145003 0.3742980683 0)
(3.068646602 0.3752935442 0)
(3.074802319 0.3749827132 0)
(3.074009163 0.3783494416 0)
(2.573656202 -0.6792926448 0)
(2.57290323 -0.6792874684 0)
(2.572640634 -0.6788041227 0)
(2.573750553 -0.6765536713 0)
(2.580477433 -0.6678742738 0)
(2.597960644 -0.6470671802 0)
(2.633429703 -0.6036566572 0)
(2.682130026 -0.5356906054 0)
(2.723489246 -0.480089482 0)
(2.778221901 -0.3991639569 0)
(2.832636706 -0.2902570355 0)
(2.858914581 -0.2471333453 0)
(2.887695661 -0.1992224884 0)
(2.929352525 -0.09398541089 0)
(2.945280432 -0.04691986412 0)
(2.94988215 -0.04341323801 0)
(2.979126921 0.02356364048 0)
(2.996472869 0.1075718118 0)
(3.003268549 0.1172258729 0)
(3.006708383 0.1245515393 0)
(3.030440583 0.1878638257 0)
(3.035330796 0.2390156661 0)
(3.041089245 0.2391398363 0)
(3.044406164 0.2417222699 0)
(3.054878958 0.2875634965 0)
(3.05306274 0.3094924193 0)
(3.054259339 0.3020915182 0)
(3.055604571 0.3103349206 0)
(3.062645598 0.3329584323 0)
(3.061399568 0.3502694671 0)
(3.067490415 0.3484693004 0)
(3.070367727 0.3545487912 0)
(3.067650282 0.3640851609 0)
(3.06676184 0.374409103 0)
(3.070692841 0.3749744364 0)
(3.075061509 0.3760036855 0)
(3.074414783 0.3781828564 0)
(2.572373159 -0.6788789868 0)
(2.572065436 -0.6788488664 0)
(2.57206141 -0.6782715348 0)
(2.574828419 -0.6745049467 0)
(2.586355248 -0.6606705937 0)
(2.612479821 -0.6296883833 0)
(2.655316576 -0.5761836042 0)
(2.709872063 -0.4968845235 0)
(2.758301632 -0.427522979 0)
(2.812168149 -0.3427078434 0)
(2.858768576 -0.2401209357 0)
(2.882661675 -0.1998730908 0)
(2.911510927 -0.1488138905 0)
(2.953727044 -0.03695433476 0)
(2.970182258 0.01855527591 0)
(2.973756852 0.02612761331 0)
(3.00072412 0.08972851628 0)
(3.013874521 0.1642727057 0)
(3.021085084 0.1678139493 0)
(3.020088379 0.1621001336 0)
(3.038681542 0.2192753779 0)
(3.041095917 0.2630915771 0)
(3.045995648 0.256672475 0)
(3.047085057 0.2612300995 0)
(3.060966015 0.3107154117 0)
(3.059899766 0.3338569914 0)
(3.063507512 0.32874516 0)
(3.067794701 0.3402333802 0)
(3.068825586 0.3541283284 0)
(3.067384815 0.3670040868 0)
(3.074265959 0.3650691743 0)
(3.076295976 0.3689915374 0)
(3.073345379 0.3747173223 0)
(3.071943886 0.3813451884 0)
(3.075451405 0.3814201697 0)
(3.077840918 0.3814453631 0)
(3.076851735 0.3823156102 0)
(2.571505208 -0.6785031611 0)
(2.571464854 -0.6782421097 0)
(2.572192878 -0.6772617983 0)
(2.578042412 -0.6705851693 0)
(2.596589806 -0.6489698964 0)
(2.630565581 -0.6084524058 0)
(2.686031561 -0.5361133033 0)
(2.745142124 -0.4440736342 0)
(2.785948286 -0.3846669647 0)
(2.841678384 -0.2911619762 0)
(2.892729447 -0.170216407 0)
(2.913998142 -0.1341656082 0)
(2.939847999 -0.08565191504 0)
(2.973384581 0.01707932385 0)
(2.984905425 0.05798509914 0)
(2.983615162 0.05017822961 0)
(3.011020716 0.1168119047 0)
(3.025239522 0.2033508614 0)
(3.032023387 0.2139836997 0)
(3.035267117 0.2155102259 0)
(3.051964464 0.2685184734 0)
(3.053719572 0.3042382725 0)
(3.059148062 0.2976005722 0)
(3.058962356 0.3020507408 0)
(3.065816497 0.3384428669 0)
(3.063904191 0.3572104413 0)
(3.069492683 0.355826745 0)
(3.071790502 0.3639823514 0)
(3.070760678 0.3715457084 0)
(3.069992206 0.3798235296 0)
(3.07614678 0.3790279742 0)
(3.076883132 0.3801570911 0)
(3.074341013 0.3846694807 0)
(3.072977845 0.388723885 0)
(3.075891655 0.3881137932 0)
(3.077578891 0.3867214132 0)
(3.076826638 0.3874220989 0)
(2.57118314 -0.6782446345 0)
(2.57128773 -0.6782056319 0)
(2.573678406 -0.675675105 0)
(2.583972905 -0.664539876 0)
(2.612191352 -0.6312639627 0)
(2.657767465 -0.5747517721 0)
(2.715655273 -0.4955988019 0)
(2.779595543 -0.389845919 0)
(2.826814409 -0.314984281 0)
(2.880057835 -0.2177393336 0)
(2.919104932 -0.1131024026 0)
(2.93783253 -0.07959416453 0)
(2.959892811 -0.02937221884 0)
(2.996391264 0.08283929175 0)
(3.009838924 0.1353252724 0)
(3.015946727 0.1257832484 0)
(3.029460547 0.171470065 0)
(3.035593835 0.2361318686 0)
(3.039828239 0.2444089402 0)
(3.039621543 0.2546841408 0)
(3.058894316 0.308699107 0)
(3.058900565 0.3410329818 0)
(3.066498418 0.3337137521 0)
(3.068389179 0.3330959763 0)
(3.067682641 0.3619408129 0)
(3.067594851 0.3659290702 0)
(3.0728672 0.3616269417 0)
(3.072828807 0.3684293834 0)
(3.071865264 0.3738530105 0)
(3.072556878 0.3819284265 0)
(3.076558319 0.3814550874 0)
(3.076146392 0.3833861733 0)
(3.074850845 0.3865620251 0)
(3.073914445 0.3901356384 0)
(3.075895732 0.3898117985 0)
(3.076893041 0.3889098445 0)
(3.076218203 0.3893664409 0)
(2.571389604 -0.6782849527 0)
(2.572102845 -0.6779954006 0)
(2.576579294 -0.6736532461 0)
(2.59451361 -0.6539023347 0)
(2.633369555 -0.6061945341 0)
(2.686425167 -0.5377747121 0)
(2.75909375 -0.4310925034 0)
(2.820412174 -0.3187248252 0)
(2.854793944 -0.2658750062 0)
(2.908940113 -0.1594097057 0)
(2.950920629 -0.03507525667 0)
(2.966285454 -0.01070698543 0)
(2.978623879 0.0220581453 0)
(3.011876602 0.133631624 0)
(3.022116682 0.1720953813 0)
(3.023521164 0.1770909011 0)
(3.04298537 0.2410681526 0)
(3.049385472 0.301786886 0)
(3.05708331 0.2998550083 0)
(3.052007018 0.2884139477 0)
(3.062336423 0.3247103287 0)
(3.061384152 0.3456833018 0)
(3.06711978 0.3400378694 0)
(3.068598231 0.3489983751 0)
(3.068481565 0.3659900187 0)
(3.067846843 0.3750120533 0)
(3.076642447 0.3749968463 0)
(3.077858445 0.3775489875 0)
(3.07662923 0.3797327315 0)
(3.076726181 0.3842947758 0)
(3.078568981 0.3850540492 0)
(3.07864967 0.3858251184 0)
(3.077358819 0.3885597076 0)
(3.076583849 0.3902698055 0)
(3.077425353 0.3901780211 0)
(3.077303341 0.3891767736 0)
(3.076933019 0.3892691337 0)
(2.572134952 -0.6786276441 0)
(2.573773712 -0.677482645 0)
(2.582392765 -0.6686364302 0)
(2.609521091 -0.6378789858 0)
(2.664419229 -0.5667102721 0)
(2.725643552 -0.4836459333 0)
(2.794837579 -0.3728051064 0)
(2.856974491 -0.2514882051 0)
(2.90152629 -0.1730513734 0)
(2.946793671 -0.07031640532 0)
(2.978808723 0.04337201354 0)
(2.990508751 0.07475490492 0)
(3.010005744 0.1145739249 0)
(3.0278264 0.1957719408 0)
(3.035882411 0.2174209599 0)
(3.030831863 0.2067891999 0)
(3.044305058 0.2555913119 0)
(3.053511479 0.3179429401 0)
(3.062196217 0.3229909345 0)
(3.068696927 0.3372487286 0)
(3.071119839 0.3603452911 0)
(3.06802161 0.3772401311 0)
(3.076944443 0.3725797382 0)
(3.078354156 0.3749874729 0)
(3.074373875 0.3846889016 0)
(3.072163552 0.3890245671 0)
(3.076692793 0.3866690362 0)
(3.078469472 0.3848460622 0)
(3.077687773 0.3859860843 0)
(3.077805397 0.3888227251 0)
(3.079229049 0.388766613 0)
(3.079834849 0.3888986457 0)
(3.079186867 0.3907494969 0)
(3.078400134 0.3921284074 0)
(3.078641478 0.3920062053 0)
(3.077673368 0.3893752529 0)
(3.075745084 0.3842510363 0)
(2.573317802 -0.678880332 0)
(2.576283345 -0.6763693367 0)
(2.591318735 -0.6601813723 0)
(2.634669297 -0.6084292054 0)
(2.696797848 -0.5233461565 0)
(2.769058481 -0.4174277979 0)
(2.847143722 -0.2801523492 0)
(2.902457534 -0.1574052838 0)
(2.926524788 -0.1124817363 0)
(2.963862771 -0.01580674464 0)
(2.994552071 0.09778797909 0)
(3.001061148 0.1074036086 0)
(3.019425458 0.1668585698 0)
(3.042499613 0.2661316559 0)
(3.052457448 0.2953373764 0)
(3.058254425 0.2844221586 0)
(3.072020446 0.331252651 0)
(3.067022994 0.3626943258 0)
(3.071725633 0.355863549 0)
(3.073628253 0.3640878351 0)
(3.071236064 0.3735398047 0)
(3.070100184 0.3848488317 0)
(3.077383911 0.382033856 0)
(3.07786299 0.3832419322 0)
(3.074680647 0.388592431 0)
(3.073718059 0.3911150599 0)
(3.075900491 0.3888890543 0)
(3.077176933 0.3877786066 0)
(3.076806234 0.3891095338 0)
(3.077973883 0.3916499091 0)
(3.079268676 0.3917368495 0)
(3.080088676 0.3920632369 0)
(3.079546502 0.3933368906 0)
(3.078564873 0.3936474784 0)
(3.078039368 0.3907430745 0)
(3.075782231 0.3812816564 0)
(3.060813858 0.335657989 0)
(2.574532918 -0.6790070645 0)
(2.580472152 -0.6731438148 0)
(2.606792095 -0.643404329 0)
(2.664323161 -0.571046271 0)
(2.749562642 -0.4447645749 0)
(2.816480043 -0.3387925115 0)
(2.886044295 -0.2018680684 0)
(2.93939436 -0.07599275826 0)
(2.962838684 0.007468003931 0)
(3.003236883 0.1223269516 0)
(3.025037153 0.2112890941 0)
(3.039589132 0.2037244155 0)
(3.032124563 0.2076493081 0)
(3.051052179 0.2895793294 0)
(3.056090929 0.3165297469 0)
(3.064655528 0.322036329 0)
(3.072918545 0.3491350705 0)
(3.069414741 0.3734060865 0)
(3.076791593 0.3723180995 0)
(3.077952367 0.374808403 0)
(3.07483047 0.3791760277 0)
(3.074442839 0.3859295731 0)
(3.077560006 0.3856730458 0)
(3.077733296 0.3870270548 0)
(3.076330716 0.3898857903 0)
(3.075959545 0.3916793506 0)
(3.077600818 0.3906292404 0)
(3.078260013 0.390095395 0)
(3.077907428 0.3907102083 0)
(3.078317556 0.3934802938 0)
(3.079755585 0.3941574512 0)
(3.080043699 0.3942082478 0)
(3.079860321 0.3938323052 0)
(3.078530266 0.3913579455 0)
(3.072463408 0.3731427697 0)
(3.0584886 0.3087945568 0)
(3.026412321 0.185367506 0)
(2.575974229 -0.6788713444 0)
(2.587944216 -0.6660685141 0)
(2.630975258 -0.6147522578 0)
(2.712381755 -0.503420832 0)
(2.791679743 -0.3753120336 0)
(2.871230499 -0.2335889263 0)
(2.940940494 -0.07694739342 0)
(2.976355964 0.03526070294 0)
(2.976413767 0.0347058825 0)
(3.015741205 0.1470543276 0)
(3.031563112 0.2710600005 0)
(3.047360221 0.2773507489 0)
(3.061114443 0.297229935 0)
(3.063804689 0.3552013995 0)
(3.069448738 0.3537765409 0)
(3.074091328 0.3551867531 0)
(3.072071994 0.3686826191 0)
(3.070234016 0.3857333153 0)
(3.076289346 0.3863433537 0)
(3.080155701 0.3870593518 0)
(3.078627251 0.3887222724 0)
(3.078161124 0.3908953747 0)
(3.079019816 0.3901302668 0)
(3.078305682 0.3903318399 0)
(3.077496169 0.3917111848 0)
(3.077257644 0.3926661991 0)
(3.078502175 0.3914273652 0)
(3.079350706 0.3913244984 0)
(3.079407844 0.392991696 0)
(3.078368901 0.3946281284 0)
(3.080378424 0.3943447816 0)
(3.080561935 0.3933767143 0)
(3.078477746 0.3871549811 0)
(3.070874456 0.361742425 0)
(3.037412271 0.2534531569 0)
(3.042480995 0.1699362946 0)
(3.000361145 0.008255620173 0)
(2.578306896 -0.6779728155 0)
(2.602280015 -0.6495676001 0)
(2.667580428 -0.5650874638 0)
(2.760455264 -0.4270709344 0)
(2.864048652 -0.2294355069 0)
(2.917298308 -0.1248602286 0)
(2.978265954 0.03162140424 0)
(3.013737906 0.1778911702 0)
(3.04365193 0.1955274239 0)
(3.044191464 0.2427715726 0)
(3.040408544 0.2905939997 0)
(3.043444357 0.3046724833 0)
(3.062109967 0.3445212638 0)
(3.060777302 0.3821401592 0)
(3.068574859 0.3868497379 0)
(3.077489431 0.3817619352 0)
(3.071875005 0.385602551 0)
(3.069897917 0.3920321399 0)
(3.072906322 0.3926925422 0)
(3.076708651 0.3901478487 0)
(3.076092476 0.390628333 0)
(3.075528799 0.3925472938 0)
(3.07723564 0.3921063724 0)
(3.077853124 0.3919894878 0)
(3.077528163 0.3930248691 0)
(3.077514452 0.3938171498 0)
(3.078678029 0.3937177263 0)
(3.079606181 0.3936023125 0)
(3.07950493 0.3966736008 0)
(3.079252607 0.396644192 0)
(3.078947679 0.3944270753 0)
(3.076731767 0.3819501622 0)
(3.065021224 0.3392868945 0)
(3.037616869 0.2255786448 0)
(3.010393217 0.10856901 0)
(3.02145995 0.08016439598 0)
(2.994582191 0.02580467915 0)
(2.581478201 -0.6739103354 0)
(2.624559338 -0.6199953557 0)
(2.725365421 -0.4747582443 0)
(2.82390241 -0.3016109779 0)
(2.892544377 -0.1325162586 0)
(2.941614661 -0.03143232065 0)
(3.00651811 0.1413635209 0)
(3.02375641 0.2527609731 0)
(3.041859898 0.2767738052 0)
(3.059580682 0.3545996685 0)
(3.066165745 0.3787414418 0)
(3.079844122 0.3609536747 0)
(3.071273966 0.3684228687 0)
(3.066959386 0.3833373409 0)
(3.070462061 0.3877964526 0)
(3.073756386 0.3872933898 0)
(3.0718139 0.3875962619 0)
(3.069982631 0.3907091687 0)
(3.071485321 0.3909044668 0)
(3.073685092 0.3896448395 0)
(3.07332235 0.3900219787 0)
(3.072770769 0.3917674812 0)
(3.074555525 0.3918794274 0)
(3.076322617 0.3927789198 0)
(3.076788102 0.3943574187 0)
(3.077153025 0.395874456 0)
(3.078604767 0.3961019319 0)
(3.079394412 0.397717388 0)
(3.078649792 0.3974323152 0)
(3.078072166 0.3947072349 0)
(3.073147913 0.3743417244 0)
(3.058737141 0.3162151247 0)
(3.019393905 0.1541155952 0)
(3.014120101 0.08773376106 0)
(2.997079551 -0.02049584251 0)
(2.975960666 0.0009629642135 0)
(2.971045291 0.005823775086 0)
(2.587017077 -0.6643335501 0)
(2.669958797 -0.5468738822 0)
(2.773147294 -0.3727925605 0)
(2.884457004 -0.1089111757 0)
(2.946671978 0.1237105606 0)
(2.99945609 0.2047254785 0)
(3.026588733 0.2915370743 0)
(3.02756698 0.2571874467 0)
(3.04931104 0.309543297 0)
(3.060922268 0.3490995782 0)
(3.07014148 0.3875654628 0)
(3.08841351 0.3844651142 0)
(3.087884529 0.3905837014 0)
(3.083741412 0.3948721963 0)
(3.082238518 0.3948039097 0)
(3.081751703 0.3903788636 0)
(3.078272183 0.3883989551 0)
(3.073125503 0.3897018594 0)
(3.073230196 0.3894030559 0)
(3.073581015 0.388624409 0)
(3.073405144 0.3896125085 0)
(3.072745826 0.3914626295 0)
(3.073245398 0.393675756 0)
(3.074202685 0.3956165643 0)
(3.075520033 0.3981519987 0)
(3.076426778 0.3992615279 0)
(3.077806681 0.3989191702 0)
(3.077854059 0.3977102141 0)
(3.076833824 0.3935512558 0)
(3.069668694 0.3649770299 0)
(3.050659716 0.2697083523 0)
(3.018305473 0.1353102244 0)
(3.011481846 0.08023836819 0)
(2.994011692 0.03187942213 0)
(2.986563414 0.01398992493 0)
(2.979614264 0.001580758813 0)
(2.975245052 0.002853595831 0)
(2.610212427 -0.6327386527 0)
(2.721382433 -0.4082091705 0)
(2.802476741 -0.184257938 0)
(2.852646999 -0.002556756446 0)
(2.894320112 0.1084198744 0)
(2.97541803 0.2533710383 0)
(2.995374798 0.390302275 0)
(3.034295159 0.3874707846 0)
(3.056468855 0.3778099771 0)
(3.057290597 0.3831525999 0)
(3.066448086 0.3928280946 0)
(3.077153549 0.39053549 0)
(3.081155662 0.3883436201 0)
(3.080454657 0.3924404275 0)
(3.079669058 0.3928975931 0)
(3.080059705 0.3879893673 0)
(3.079657824 0.3873666067 0)
(3.075987231 0.3891073636 0)
(3.075793646 0.3891340556 0)
(3.076093253 0.3887990538 0)
(3.075585153 0.3906585029 0)
(3.074889108 0.3941172957 0)
(3.074369388 0.3960250657 0)
(3.073841045 0.3969325838 0)
(3.07506386 0.398283605 0)
(3.075540333 0.3987169538 0)
(3.075758831 0.3976059673 0)
(3.074843295 0.3895460832 0)
(3.070863762 0.3484254696 0)
(3.039176718 0.195817045 0)
(3.028688294 0.1114628836 0)
(3.003046181 0.01869925608 0)
(2.986795396 -0.01291324275 0)
(2.974678374 -0.001483321361 0)
(2.973258046 0.006136992091 0)
(2.975253443 0.005883202309 0)
(2.975946827 0.005083998838 0)
(2.668542736 -0.5356069007 0)
(2.722637166 -0.1824489591 0)
(2.777226763 0.1775066302 0)
(2.83412303 0.3743352163 0)
(2.876093394 0.2634534667 0)
(2.926416821 0.3223831497 0)
(2.941992491 0.3738878022 0)
(2.961424088 0.3937214575 0)
(2.991194542 0.3932903719 0)
(2.995940083 0.3916140372 0)
(3.007231142 0.3904580633 0)
(3.023318045 0.3843049275 0)
(3.036823079 0.3841222442 0)
(3.045406208 0.3929434824 0)
(3.053750433 0.3959222677 0)
(3.061742826 0.391468685 0)
(3.068336475 0.3922509076 0)
(3.072529228 0.394479104 0)
(3.075918457 0.3932270673 0)
(3.076283046 0.3925891058 0)
(3.07642253 0.3937097637 0)
(3.075896861 0.3965703575 0)
(3.075275862 0.3979766871 0)
(3.075169633 0.4001596533 0)
(3.075171307 0.3998045361 0)
(3.074665987 0.3972034795 0)
(3.070539279 0.3833990908 0)
(3.071192987 0.2933969939 0)
(3.058998929 0.1981738669 0)
(3.01409451 0.08954333629 0)
(2.994716501 0.04622032245 0)
(2.979779117 0.01272524628 0)
(2.966331844 -0.003669103067 0)
(2.963139467 -0.002717267631 0)
(2.961847882 0.001104353712 0)
(2.963855428 0.005696768813 0)
(2.966827804 0.006901267992 0)
(2.796066398 -0.1653240833 0)
(2.909094808 0.01921312828 0)
(2.853070999 0.3173758815 0)
(2.835017474 0.4293273791 0)
(2.86197787 0.3955461112 0)
(2.852808063 0.35944752 0)
(2.872050371 0.3869573295 0)
(2.895408714 0.3929333384 0)
(2.918281848 0.3905203129 0)
(2.937695268 0.3863261352 0)
(2.957965348 0.3788099338 0)
(2.975670164 0.3716650371 0)
(2.987242933 0.3743789539 0)
(2.997470612 0.3834378239 0)
(3.012477852 0.3886780793 0)
(3.027035152 0.3874026036 0)
(3.041595886 0.3885193048 0)
(3.054850359 0.3899718952 0)
(3.06592911 0.3923150052 0)
(3.068855074 0.3948139031 0)
(3.071043276 0.397044913 0)
(3.071466847 0.3989643571 0)
(3.073231151 0.4000983974 0)
(3.073750523 0.399313956 0)
(3.073147406 0.3931544934 0)
(3.069095832 0.3693601093 0)
(3.034792226 0.2460875018 0)
(3.050853264 0.1860303325 0)
(2.958359844 -0.002195586872 0)
(2.944466543 -0.01331974221 0)
(2.937270825 0.003799571503 0)
(2.944024781 0.007449456286 0)
(2.945933994 0.005491450712 0)
(2.949262944 0.002259873935 0)
(2.948382854 0.002839651868 0)
(2.948023045 0.004698413355 0)
(2.949998829 0.007224454178 0)
(3.009423939 0.4526581983 0)
(4.037904678 0.3650369639 0)
(3.3844637 0.40071265 0)
(2.921698488 0.4245369838 0)
(2.856903705 0.4042327949 0)
(2.847307976 0.3811352274 0)
(2.871782711 0.3808839894 0)
(2.894159003 0.3834240905 0)
(2.91598791 0.378909897 0)
(2.934141909 0.3749737305 0)
(2.952464614 0.3700755715 0)
(2.969175541 0.3663193732 0)
(2.984196697 0.3699782233 0)
(2.996903097 0.3803104069 0)
(3.012127472 0.3862204363 0)
(3.026988078 0.386096154 0)
(3.04193612 0.3877457762 0)
(3.057253362 0.391350866 0)
(3.062092411 0.3965126288 0)
(3.065115877 0.3976454063 0)
(3.067941377 0.3988196891 0)
(3.069007249 0.4001035955 0)
(3.071697499 0.4005992619 0)
(3.073561116 0.3972568822 0)
(3.070940564 0.3770416069 0)
(3.060584029 0.3047940899 0)
(3.015969823 0.1441930773 0)
(2.913844975 0.04657831053 0)
(2.898019085 0.02746487922 0)
(2.93144041 -0.01079019458 0)
(2.928275663 0.008300912768 0)
(2.934158441 0.01005716017 0)
(2.942881529 0.00613763819 0)
(2.944525666 0.002986476652 0)
(2.941859135 0.00312275781 0)
(2.940733555 0.004929570198 0)
(3.176531083 0.4619067201 0)
(3.930593615 0.3689184566 0)
(3.433463352 0.4200531542 0)
(2.966333336 0.426332893 0)
(2.869161515 0.4000580774 0)
(2.848885191 0.3796949479 0)
(2.871432131 0.3800044732 0)
(2.893551196 0.382251119 0)
(2.91588484 0.3774538852 0)
(2.935165152 0.3739238135 0)
(2.9521029 0.3687033137 0)
(2.96775687 0.3662843483 0)
(2.983313201 0.3705548351 0)
(2.996378626 0.3812863067 0)
(3.011869732 0.3868667675 0)
(3.026986396 0.3865772502 0)
(3.042173765 0.3883300551 0)
(3.056403219 0.392355131 0)
(3.061630709 0.3966923215 0)
(3.064571324 0.3978607862 0)
(3.067425479 0.3991645468 0)
(3.068639565 0.4003103665 0)
(3.071436059 0.4003564298 0)
(3.073294865 0.3944194669 0)
(3.069603855 0.3630039377 0)
(3.057572103 0.2620302823 0)
(3.012266367 0.09467573479 0)
(2.927256415 0.03137351368 0)
(2.911900351 0.02191281743 0)
(2.928738573 -0.01201145172 0)
(2.927703023 0.006543880672 0)
(2.934293191 0.009051776939 0)
(2.940867639 0.005303549133 0)
(2.943652035 0.002538644653 0)
(2.94225004 0.00318285541 0)
(2.941241974 0.005258072341 0)
(3.258812174 0.4668023794 0)
(3.769180253 0.3946204626 0)
(3.438277927 0.4485048722 0)
(3.014748559 0.4273864839 0)
(2.890828728 0.3980329956 0)
(2.85238998 0.3785130705 0)
(2.870748141 0.3799738053 0)
(2.892754654 0.3810656995 0)
(2.915220249 0.3759947091 0)
(2.935132428 0.3717466286 0)
(2.951427915 0.3675523617 0)
(2.965585062 0.3662369834 0)
(2.981674207 0.3712753258 0)
(2.99547412 0.3821226559 0)
(3.011594446 0.3865269769 0)
(3.027310936 0.3862314687 0)
(3.042593327 0.388347576 0)
(3.055142122 0.3929328984 0)
(3.060949293 0.3968998834 0)
(3.063850818 0.3981923156 0)
(3.066748882 0.3995420763 0)
(3.068394351 0.400823018 0)
(3.071147357 0.3998355015 0)
(3.072549155 0.3907633841 0)
(3.066751002 0.3471174808 0)
(3.050115238 0.2283626131 0)
(3.008362168 0.06046436298 0)
(2.952079609 0.02301931642 0)
(2.931384623 0.02082210239 0)
(2.935042093 -0.00996568914 0)
(2.932089728 0.00742988392 0)
(2.936450145 0.008751491 0)
(2.940974313 0.004678757 0)
(2.944038502 0.00213110625 0)
(2.943333971 0.002923696976 0)
(2.942420306 0.005198400815 0)
(3.321836441 0.4660361468 0)
(3.648444392 0.3922739504 0)
(3.417863583 0.4561240525 0)
(3.053066074 0.4267339332 0)
(2.912050314 0.393887044 0)
(2.855084202 0.3778949862 0)
(2.870051524 0.3795862298 0)
(2.892051173 0.3792944067 0)
(2.914440988 0.3741918834 0)
(2.935375203 0.3706486985 0)
(2.950409368 0.3665572173 0)
(2.963466285 0.3667617291 0)
(2.97998099 0.3724133896 0)
(2.994630702 0.3830206894 0)
(3.011242284 0.3867916312 0)
(3.027572712 0.3863407602 0)
(3.042946434 0.3884385114 0)
(3.0540795 0.3935221822 0)
(3.060069475 0.3971761591 0)
(3.063086144 0.3984200426 0)
(3.065918096 0.3996697506 0)
(3.068071964 0.4008953603 0)
(3.070933482 0.3992159343 0)
(3.071703347 0.386722147 0)
(3.06356303 0.3229393258 0)
(3.04138316 0.1924682984 0)
(3.000065309 0.05986304509 0)
(2.967624959 0.01642820092 0)
(2.948656958 0.01718519617 0)
(2.94786353 -0.009598039635 0)
(2.94249797 0.007244006264 0)
(2.942285289 0.008826234311 0)
(2.944375366 0.004209133962 0)
(2.946713129 0.002209758855 0)
(2.946228668 0.002570406515 0)
(2.945305126 0.004404753086 0)
(3.361726091 0.4593291047 0)
(3.588771791 0.3890207983 0)
(3.394632106 0.4719808138 0)
(3.077139163 0.4245359401 0)
(2.93130501 0.3918961835 0)
(2.858419287 0.3776457567 0)
(2.869459573 0.3791613048 0)
(2.891852459 0.3776627556 0)
(2.914328531 0.3726279497 0)
(2.934321093 0.3694117914 0)
(2.949243881 0.3661292326 0)
(2.961881317 0.367131278 0)
(2.978253937 0.37321466 0)
(2.993896185 0.3836697776 0)
(3.011041899 0.3864091488 0)
(3.027911175 0.3860702358 0)
(3.043224772 0.3891523642 0)
(3.053255321 0.3945692838 0)
(3.059019791 0.3974359991 0)
(3.062340263 0.3987216267 0)
(3.065113476 0.4001217525 0)
(3.067757367 0.4009586968 0)
(3.070613944 0.3978292937 0)
(3.069914208 0.3768108362 0)
(3.061885845 0.3100868346 0)
(3.032235796 0.1485843816 0)
(2.988862098 0.05028209102 0)
(2.972318575 0.02133198243 0)
(2.961546964 0.01718635598 0)
(2.960044812 -0.007606267015 0)
(2.955236114 0.008730111718 0)
(2.950720846 0.009252752492 0)
(2.951194386 0.004904557587 0)
(2.951421717 0.00298351419 0)
(2.951098752 0.003302689357 0)
(2.950167763 0.005305281798 0)
(3.38888693 0.4542638642 0)
(3.557354654 0.3945925296 0)
(3.374864773 0.4797912233 0)
(3.094685764 0.4234116735 0)
(2.947136675 0.3898172815 0)
(2.862936364 0.3776767624 0)
(2.869410152 0.3788404377 0)
(2.891666263 0.3766452532 0)
(2.9143468 0.3718840179 0)
(2.932702237 0.3685616238 0)
(2.947483717 0.3659422959 0)
(2.960866344 0.3675365671 0)
(2.977455023 0.3747193748 0)
(2.993461895 0.3844331104 0)
(3.01075376 0.3864759164 0)
(3.028019061 0.3861495994 0)
(3.04296056 0.3898867924 0)
(3.051936855 0.3955038544 0)
(3.057835038 0.3978180617 0)
(3.061553672 0.3988759444 0)
(3.064440229 0.4000708478 0)
(3.067587873 0.4007880902 0)
(3.070203869 0.3950389007 0)
(3.069068066 0.3705847514 0)
(3.050481127 0.2676163408 0)
(3.025383272 0.14012209 0)
(2.98257068 0.03623510356 0)
(2.971733383 0.0209793878 0)
(2.967998699 0.01580521736 0)
(2.968375106 -0.007334383061 0)
(2.964772838 0.008106725863 0)
(2.959306129 0.009292321388 0)
(2.958969038 0.00509316987 0)
(2.957682811 0.003299768777 0)
(2.957038103 0.003791682604 0)
(2.955950901 0.005718300508 0)
(3.407836221 0.4556381311 0)
(3.522873565 0.4045460718 0)
(3.356008077 0.4858655173 0)
(3.10798047 0.4226135393 0)
(2.959227112 0.3880704623 0)
(2.867966401 0.3775886786 0)
(2.870082514 0.3783410003 0)
(2.890604168 0.374744833 0)
(2.91434351 0.3714448694 0)
(2.93094168 0.3677778059 0)
(2.945062022 0.3660494946 0)
(2.960113602 0.3684669698 0)
(2.976720825 0.3759724468 0)
(2.993216587 0.3849064432 0)
(3.010637713 0.3859986609 0)
(3.027854713 0.3860130172 0)
(3.042242924 0.3902334545 0)
(3.05042658 0.3959293229 0)
(3.056571739 0.3981429206 0)
(3.06064793 0.3990273778 0)
(3.063956061 0.4004375537 0)
(3.06736247 0.400406374 0)
(3.069899124 0.3927945528 0)
(3.064936232 0.3525287718 0)
(3.045757767 0.2483552448 0)
(3.010688351 0.113267539 0)
(2.978395799 0.01647332476 0)
(2.970199593 0.01827397571 0)
(2.970404865 0.01353903262 0)
(2.97235468 -0.006278230567 0)
(2.969179734 0.008116980005 0)
(2.965495272 0.009008924554 0)
(2.964980084 0.004834906666 0)
(2.963396565 0.003501570928 0)
(2.962425824 0.004273961248 0)
(2.961050427 0.00639096175 0)
(3.424513808 0.4600823039 0)
(3.506198095 0.4119853113 0)
(3.348237087 0.4889965637 0)
(3.116764513 0.4226100962 0)
(2.966310649 0.3885434632 0)
(2.873620132 0.3770933517 0)
(2.871493034 0.3771891967 0)
(2.890398035 0.3732906219 0)
(2.914070221 0.3704452364 0)
(2.929025079 0.3672544041 0)
(2.942189343 0.3660049956 0)
(2.959231031 0.3686379433 0)
(2.976173832 0.3769956856 0)
(2.993238485 0.3855217637 0)
(3.010517092 0.3860741218 0)
(3.02746923 0.3863557208 0)
(3.041146323 0.390791387 0)
(3.049267061 0.3961410569 0)
(3.055338957 0.3982544668 0)
(3.05961288 0.3992532381 0)
(3.063386081 0.4004167554 0)
(3.067217971 0.3999388329 0)
(3.068839985 0.3876152003 0)
(3.061412781 0.3369780298 0)
(3.036388214 0.213528628 0)
(3.000314531 0.07420887197 0)
(2.975300843 0.01206071071 0)
(2.968151432 0.01589529916 0)
(2.970891129 0.01141193632 0)
(2.973184266 -0.005929792781 0)
(2.970088989 0.007649627808 0)
(2.968473357 0.008572201252 0)
(2.968687788 0.004328417724 0)
(2.967396394 0.003328756561 0)
(2.966251164 0.004137732624 0)
(2.964763089 0.006663400746 0)
(3.432111525 0.4606639214 0)
(3.497043418 0.4191085642 0)
(3.343110236 0.4899766966 0)
(3.121226979 0.4228242247 0)
(2.970191066 0.3893771804 0)
(2.879836146 0.3772786492 0)
(2.874062661 0.3764317576 0)
(2.890144377 0.3712324458 0)
(2.913445804 0.3695399494 0)
(2.927454766 0.3669169708 0)
(2.939786651 0.3663110511 0)
(2.958504136 0.3693899169 0)
(2.976140024 0.3782600232 0)
(2.993485603 0.3857157971 0)
(3.010582755 0.3857019298 0)
(3.026898258 0.3864182345 0)
(3.039808297 0.391580943 0)
(3.048299423 0.3968260628 0)
(3.054147856 0.3983090315 0)
(3.058537694 0.3997228586 0)
(3.06267148 0.40065582 0)
(3.066983436 0.3987937244 0)
(3.067600083 0.3809845664 0)
(3.056703784 0.3132972035 0)
(3.027494199 0.1711904693 0)
(2.994012475 0.03663946647 0)
(2.972241152 0.01502777832 0)
(2.96648087 0.01338819567 0)
(2.969635526 0.01034091271 0)
(2.971935588 -0.004980237243 0)
(2.969578394 0.007526650547 0)
(2.969268711 0.008355637326 0)
(2.970156976 0.003874398396 0)
(2.969443581 0.003119206639 0)
(2.968696331 0.003888964906 0)
(2.967261448 0.006495502578 0)
(3.439715926 0.4585181412 0)
(3.489301855 0.4244371858 0)
(3.3369878 0.4880682505 0)
(3.121399306 0.423808275 0)
(2.973379845 0.3890046539 0)
(2.886368905 0.3770066909 0)
(2.87752664 0.3755195852 0)
(2.89082105 0.3700910775 0)
(2.912558349 0.3685502198 0)
(2.926005482 0.3667429822 0)
(2.938196298 0.3667834812 0)
(2.957772761 0.3702853404 0)
(2.976014193 0.3793863258 0)
(2.993864023 0.3857973962 0)
(3.0106356 0.3853303355 0)
(3.026132075 0.3860242569 0)
(3.038324724 0.3921864521 0)
(3.047113725 0.3975888813 0)
(3.05297778 0.3984201174 0)
(3.057524643 0.3995338442 0)
(3.062068525 0.4005386912 0)
(3.066544231 0.396529982 0)
(3.066146326 0.3716265851 0)
(3.054017039 0.292249793 0)
(3.016875713 0.1207857321 0)
(2.987538366 0.03825822105 0)
(2.969228062 0.01200498131 0)
(2.964803008 0.0131032297 0)
(2.968030877 0.009457052905 0)
(2.970226883 -0.003853599241 0)
(2.968721542 0.008072294272 0)
(2.969235146 0.008020515263 0)
(2.97032734 0.003589125637 0)
(2.96976931 0.002891106084 0)
(2.969359501 0.003152980648 0)
(3.44613707 0.4553953316 0)
(3.483657916 0.4292786124 0)
(3.330148019 0.4842207354 0)
(3.1170738 0.4243724205 0)
(2.974867754 0.3876371263 0)
(2.893134179 0.3759513354 0)
(2.880982123 0.3741088414 0)
(2.891574203 0.3693249212 0)
(2.910669208 0.3675489805 0)
(2.924604117 0.3665661296 0)
(2.937546497 0.3671274767 0)
(2.957140283 0.3709916062 0)
(2.975801286 0.3803835643 0)
(2.994278882 0.3856729818 0)
(3.0106783 0.3846822108 0)
(3.025286474 0.386289907 0)
(3.036894747 0.3927278999 0)
(3.045631871 0.39802551 0)
(3.051786048 0.3986151312 0)
(3.05652973 0.3995519853 0)
(3.061554785 0.4002707116 0)
(3.066117843 0.3941723597 0)
(3.065217458 0.3625830351 0)
(3.043896567 0.2430495254 0)
(3.009274939 0.1189425043 0)
(2.979494089 0.03513412873 0)
(2.967354945 0.009707590176 0)
(2.963577385 0.01438205002 0)
(2.966847837 0.008617118783 0)
(2.968685819 -0.002838628575 0)
(2.967434866 0.008726114745 0)
(2.968764105 0.008274664547 0)
(2.970034469 0.003869169045 0)
(2.969458316 0.003004127152 0)
(2.969047249 0.003461238753 0)
(3.451887799 0.4485643432 0)
(3.478692442 0.4343251322 0)
(3.323481698 0.4794290261 0)
(3.109531564 0.4262661813 0)
(2.973444882 0.3856196354 0)
(2.899503673 0.3755245905 0)
(2.884235228 0.3726874575 0)
(2.89212316 0.3686469909 0)
(2.909012343 0.366998063 0)
(2.923741055 0.3664558878 0)
(2.937963776 0.3676135119 0)
(2.957291216 0.3721500202 0)
(2.975737368 0.3813580979 0)
(2.994566961 0.3858046064 0)
(3.010668518 0.3849006438 0)
(3.024832014 0.3871439505 0)
(3.035533345 0.3935055926 0)
(3.043920941 0.3979929906 0)
(3.050378061 0.3987037076 0)
(3.055441964 0.3996372782 0)
(3.060994707 0.3996050686 0)
(3.0656857 0.3913930501 0)
(3.06045847 0.3375637916 0)
(3.039151051 0.230600286 0)
(2.997677593 0.1049412162 0)
(2.973551841 0.02576764058 0)
(2.965771667 0.007961351385 0)
(2.963022719 0.01566689706 0)
(2.96591603 0.00765966798 0)
(2.967570015 -0.002043822279 0)
(2.966093671 0.008725910404 0)
(2.967634002 0.008910541011 0)
(2.969166871 0.004902188836 0)
(2.969022341 0.003589472118 0)
(2.968545728 0.004616743478 0)
(3.456049414 0.446362526 0)
(3.474004286 0.4397290114 0)
(3.317881702 0.4772310946 0)
(3.102482514 0.4213330375 0)
(2.971067428 0.3831756602 0)
(2.903921875 0.3767579527 0)
(2.886896526 0.3729010039 0)
(2.892341725 0.3685910851 0)
(2.907673937 0.3665881746 0)
(2.923467937 0.3661923654 0)
(2.938922872 0.367808619 0)
(2.95735919 0.3727698466 0)
(2.975708198 0.3821065547 0)
(2.994732447 0.3858503403 0)
(3.010530806 0.3850482304 0)
(3.023821735 0.3883250161 0)
(3.034355601 0.3946272662 0)
(3.042328881 0.3978224678 0)
(3.048805266 0.3983375962 0)
(3.054116481 0.4000091834 0)
(3.060322421 0.3983157783 0)
(3.063970283 0.3825782254 0)
(3.057695422 0.323190758 0)
(3.028036411 0.2029058382 0)
(2.982629212 0.06579976241 0)
(2.970297288 0.01402216745 0)
(2.964501413 0.007743562551 0)
(2.962741211 0.01546199457 0)
(2.965224491 0.006692278775 0)
(2.966446024 -0.001495290796 0)
(2.96490561 0.008216220173 0)
(2.965954593 0.008452663681 0)
(2.967660309 0.004955900427 0)
(2.968106553 0.004159968613 0)
(2.967805671 0.005603848955 0)
(3.462308507 0.4481485066 0)
(3.46897632 0.4446059943 0)
(3.31240096 0.4737668082 0)
(3.095367781 0.4183792125 0)
(2.968201461 0.3822878137 0)
(2.906424193 0.3756769294 0)
(2.88848855 0.3723258289 0)
(2.891869588 0.3684831971 0)
(2.906304475 0.3667176765 0)
(2.923599324 0.3662244545 0)
(2.940330167 0.368474535 0)
(2.957942228 0.3738034391 0)
(2.975814786 0.3827304072 0)
(2.994713548 0.385751614 0)
(3.010138234 0.3852444708 0)
(3.022427494 0.3892219826 0)
(3.032532443 0.3959645572 0)
(3.040699471 0.3981375687 0)
(3.046940331 0.3978332346 0)
(3.052768642 0.3998286394 0)
(3.059590688 0.3961523146 0)
(3.063038457 0.3756835798 0)
(3.051971483 0.3011568572 0)
(3.013761551 0.1517763666 0)
(2.97849168 0.03385324639 0)
(2.967264145 0.00745608256 0)
(2.963381832 0.009331760328 0)
(2.962520679 0.01487815765 0)
(2.965060834 0.005587744992 0)
(2.965419979 -0.001288885374 0)
(2.963865474 0.007865081155 0)
(2.964576037 0.007675901489 0)
(2.966051745 0.004236194196 0)
(2.966822146 0.004118667876 0)
(2.966673826 0.005912597672 0)
(3.466450553 0.4521744236 0)
(3.463013919 0.449809354 0)
(3.305988241 0.4696348779 0)
(3.089825144 0.4141839672 0)
(2.965816072 0.380361894 0)
(2.908102072 0.3741294755 0)
(2.888961759 0.3713027857 0)
(2.890407754 0.368541936 0)
(2.905295364 0.3669072318 0)
(2.924123705 0.3663014564 0)
(2.941632207 0.3692715902 0)
(2.958482195 0.3749152067 0)
(2.97603366 0.3832173813 0)
(2.994571079 0.3853680367 0)
(3.009459697 0.3847633579 0)
(3.020974387 0.3896313308 0)
(3.030526832 0.3968554016 0)
(3.038768073 0.3987166196 0)
(3.045219532 0.3977969508 0)
(3.052092506 0.3992207725 0)
(3.058932935 0.3943295128 0)
(3.061004889 0.3664636437 0)
(3.044797341 0.2669085637 0)
(3.003044027 0.09625751145 0)
(2.975828008 0.02346350132 0)
(2.964849576 0.009309390477 0)
(2.962694761 0.009870252772 0)
(2.962294704 0.01301491706 0)
(2.964637296 0.00503540245 0)
(2.964525847 -0.0008242566601 0)
(2.96313132 0.007417865941 0)
(2.963663486 0.006918878667 0)
(2.964896425 0.003716942626 0)
(2.965578432 0.003777113149 0)
(2.965622364 0.00559940344 0)
(3.468739661 0.4525779606 0)
(3.455453147 0.4575942301 0)
(3.298029742 0.4652456366 0)
(3.085030357 0.4100211161 0)
(2.965140581 0.3790629748 0)
(2.909975009 0.373445874 0)
(2.88947961 0.3705508851 0)
(2.889416732 0.3684224623 0)
(2.904793944 0.3669073017 0)
(2.924904208 0.3665018151 0)
(2.942802724 0.3697892217 0)
(2.958765455 0.3759103263 0)
(2.97633102 0.3837014992 0)
(2.994389863 0.3850584802 0)
(3.008833305 0.3853901623 0)
(3.019479464 0.3904278064 0)
(3.028561583 0.3970700841 0)
(3.03698649 0.3989272681 0)
(3.0439593 0.398082806 0)
(3.051374115 0.3984184007 0)
(3.05818836 0.3916539632 0)
(3.057766913 0.3490399338 0)
(3.035930882 0.2133527914 0)
(2.995970024 0.09271631272 0)
(2.970923601 0.02487136839 0)
(2.963550619 0.008476283981 0)
(2.961947434 0.00970635828 0)
(2.962071634 0.01163413929 0)
(2.964388615 0.004588683575 0)
(2.963872947 6.810300209e-05 0)
(2.962509026 0.007455595231 0)
(2.96304115 0.006451374154 0)
(2.964198527 0.003222992828 0)
(2.964737335 0.0034262297 0)
(2.964726085 0.00517550242 0)
(3.469810939 0.4514925409 0)
(3.447309853 0.4655793546 0)
(3.290130259 0.4606901616 0)
(3.084121116 0.4066235137 0)
(2.964524845 0.3788454229 0)
(2.910962251 0.3741913516 0)
(2.889838069 0.3705361711 0)
(2.888470085 0.3682472648 0)
(2.904481711 0.3668176809 0)
(2.925736788 0.3665956909 0)
(2.943798273 0.3704224571 0)
(2.959016335 0.3769416368 0)
(2.976634331 0.3841159086 0)
(2.994303353 0.3851252599 0)
(3.008251256 0.3860923506 0)
(3.018271755 0.3917563145 0)
(3.027305848 0.3974069655 0)
(3.035680435 0.3986586257 0)
(3.04320818 0.3979457957 0)
(3.050861734 0.3974761498 0)
(3.056970315 0.3847352832 0)
(3.054522176 0.3181151874 0)
(3.029128775 0.2050081314 0)
(2.988113095 0.08866923644 0)
(2.966945564 0.01967735746 0)
(2.962572271 0.007357346999 0)
(2.96117942 0.009335264136 0)
(2.961988848 0.01156597139 0)
(2.96427277 0.003767911064 0)
(2.963372143 0.0004695325263 0)
(2.962096872 0.008042273459 0)
(2.96260455 0.006847839991 0)
(2.963591962 0.003439839568 0)
(2.964205026 0.003162634534 0)
(2.96403639 0.004994644396 0)
(3.469869459 0.4476939697 0)
(3.438747146 0.4706237727 0)
(3.28279732 0.4557911667 0)
(3.082755429 0.4035378339 0)
(2.964742853 0.3789358174 0)
(2.911999522 0.3747240091 0)
(2.890296156 0.3707536599 0)
(2.888037944 0.3682999372 0)
(2.904781802 0.366651961 0)
(2.926338635 0.3668484037 0)
(2.944389882 0.3710493181 0)
(2.959055255 0.3778160561 0)
(2.976850813 0.3844028509 0)
(2.994292156 0.3851055271 0)
(3.007839717 0.3863951209 0)
(3.017348992 0.3927843779 0)
(3.026939942 0.3980404144 0)
(3.035387277 0.3981907949 0)
(3.043076666 0.3974394536 0)
(3.050738235 0.3959210273 0)
(3.056682751 0.3735147485 0)
(3.05110056 0.3117283381 0)
(3.016186983 0.1855921731 0)
(2.977138253 0.06434495853 0)
(2.965039968 0.01533377359 0)
(2.961315479 0.006597649906 0)
(2.960389692 0.009077083023 0)
(2.961890742 0.01158624093 0)
(2.964144278 0.003229907098 0)
(2.962853476 0.0009958640029 0)
(2.961786506 0.008224641942 0)
(2.962377571 0.007283862377 0)
(2.963269842 0.0040603194 0)
(2.963613988 0.003724712701 0)
(3.470234046 0.4422228638 0)
(3.430127684 0.4728594905 0)
(3.275380912 0.4512569212 0)
(3.08221035 0.4010748842 0)
(2.965567502 0.3794907982 0)
(2.913044046 0.374989941 0)
(2.891188404 0.3710454855 0)
(2.888002287 0.3683714001 0)
(2.905263918 0.3665121612 0)
(2.926714367 0.3675560249 0)
(2.944572246 0.3718520567 0)
(2.95885845 0.3786402846 0)
(2.976929656 0.384434521 0)
(2.994205389 0.3849039255 0)
(3.007808123 0.386562006 0)
(3.017452311 0.3936098999 0)
(3.027141854 0.3985674604 0)
(3.035530079 0.398104527 0)
(3.0431826 0.3968213697 0)
(3.050999391 0.393418392 0)
(3.056291092 0.3699570693 0)
(3.040610439 0.285701063 0)
(2.996643393 0.1325996641 0)
(2.973861222 0.03668430356 0)
(2.962711957 0.007970935114 0)
(2.96034117 0.006090700248 0)
(2.959682648 0.009596576099 0)
(2.961760333 0.01151698561 0)
(2.963861269 0.002840736732 0)
(2.962375787 0.001232034757 0)
(2.96134407 0.007954206335 0)
(2.962004905 0.007124258968 0)
(2.962892036 0.004418038492 0)
(2.963002378 0.004381686876 0)
(3.467698164 0.4378498541 0)
(3.421238632 0.4736159853 0)
(3.267994148 0.4470638643 0)
(3.081903022 0.3989331619 0)
(2.966807573 0.3795539968 0)
(2.915070355 0.3752466955 0)
(2.892714434 0.3712337573 0)
(2.888159073 0.3685550941 0)
(2.90547674 0.3661543162 0)
(2.926910202 0.3679194153 0)
(2.944435808 0.3730031203 0)
(2.958707578 0.3798161585 0)
(2.976856128 0.3844803158 0)
(2.993952767 0.3845839496 0)
(3.007761461 0.3867852761 0)
(3.018136336 0.3942988933 0)
(3.027817761 0.3989461716 0)
(3.035871715 0.3981276807 0)
(3.043552129 0.3963258613 0)
(3.051554831 0.3913303687 0)
(3.052454075 0.3551457298 0)
(3.029502941 0.2379984081 0)
(2.990951823 0.08435378627 0)
(2.969537871 0.01743777484 0)
(2.960606718 0.005844474993 0)
(2.959647298 0.007000021064 0)
(2.95924351 0.01065688886 0)
(2.961602341 0.01130845093 0)
(2.963569747 0.0028630742 0)
(2.961711829 0.001501022929 0)
(2.960864433 0.007596124749 0)
(2.961422785 0.006527238804 0)
(2.962413228 0.004537822644 0)
(2.962492034 0.004573360142 0)
(3.462148803 0.4377976804 0)
(3.411818095 0.472160457 0)
(3.260207833 0.4435542122 0)
(3.081922847 0.39705862 0)
(2.968378298 0.3794857479 0)
(2.917089145 0.3751841583 0)
(2.894557147 0.371319888 0)
(2.888465918 0.3688076198 0)
(2.905327275 0.3658197019 0)
(2.926803952 0.3681281893 0)
(2.944112923 0.3737350643 0)
(2.958596248 0.3810451433 0)
(2.976707088 0.3847089383 0)
(2.993584824 0.3846780379 0)
(3.007784266 0.3873483126 0)
(3.018862906 0.3948719413 0)
(3.028809588 0.3989406024 0)
(3.036654608 0.3981542515 0)
(3.044278106 0.3957567634 0)
(3.051416336 0.3853038707 0)
(3.048476235 0.3300991242 0)
(3.026389465 0.1839046749 0)
(2.985046928 0.06770638435 0)
(2.965003018 0.02061103937 0)
(2.958844709 0.007195684362 0)
(2.958628548 0.008012962781 0)
(2.958756065 0.01154003103 0)
(2.96130224 0.01156407761 0)
(2.963099183 0.003018147235 0)
(2.961094243 0.002260409188 0)
(2.960394123 0.007265496405 0)
(2.961049771 0.005906476625 0)
(2.961800462 0.004317155517 0)
(2.961976714 0.004407426734 0)
(3.4563201 0.4438702896 0)
(3.401933014 0.4700692 0)
(3.253246301 0.4396910985 0)
(3.08179259 0.3960698834 0)
(2.97018331 0.3802376102 0)
(2.919010361 0.3750318762 0)
(2.896320903 0.3713423889 0)
(2.888847954 0.3688928778 0)
(2.904598748 0.365636452 0)
(2.926032244 0.3684411886 0)
(2.943956943 0.3743699822 0)
(2.9587628 0.3819923949 0)
(2.976594486 0.3849934247 0)
(2.993150391 0.3848039366 0)
(3.007641244 0.3879701594 0)
(3.01960167 0.3954527394 0)
(3.029714619 0.3986791767 0)
(3.037299039 0.3975632883 0)
(3.045046111 0.393947546 0)
(3.051352735 0.3764223796 0)
(3.04732457 0.2983652876 0)
(3.017417339 0.1827572956 0)
(2.977330834 0.0635901287 0)
(2.962183264 0.0167103918 0)
(2.95792664 0.007108520475 0)
(2.957231261 0.008097409443 0)
(2.957727771 0.01070401066 0)
(2.960863256 0.01075002992 0)
(2.962311209 0.003707981154 0)
(2.960415711 0.002980463879 0)
(2.959741702 0.00764203155 0)
(2.960468198 0.005737084188 0)
(2.961308104 0.004025376045 0)
(2.961270873 0.004269859758 0)
(3.450977207 0.4475718125 0)
(3.391725081 0.4684160348 0)
(3.245750297 0.4364681631 0)
(3.081732521 0.3963506234 0)
(2.972037536 0.3813808401 0)
(2.921095806 0.3751289085 0)
(2.898145126 0.3709888381 0)
(2.889271434 0.3687505786 0)
(2.903576976 0.3658891305 0)
(2.924504088 0.3694416654 0)
(2.943476487 0.3749963814 0)
(2.959237453 0.3822135886 0)
(2.976548595 0.3849029897 0)
(2.992711817 0.3848000782 0)
(3.007708923 0.3887469137 0)
(3.020316424 0.3959321548 0)
(3.030328927 0.3983527728 0)
(3.03803505 0.3965820764 0)
(3.045946762 0.3918212527 0)
(3.051471413 0.3656743922 0)
(3.044708745 0.2965415119 0)
(2.997938961 0.1524363667 0)
(2.969301286 0.04633391154 0)
(2.959283968 0.01155400668 0)
(2.956975218 0.006623498859 0)
)
;

boundaryField
{
    inlet
    {
        type            fixedValue;
        value           nonuniform 0();
    }
    outlet
    {
        type            inletOutlet;
        inletValue      nonuniform 0();
        value           nonuniform 0();
    }
    bottom
    {
        type            slip;
    }
    top
    {
        type            slip;
    }
    obstacle
    {
        type            slip;
    }
    defaultFaces
    {
        type            empty;
    }
    procBoundary9to3
    {
        type            processor;
        value           nonuniform List<vector> 
38
(
(2.674268543 -0.535840534 0)
(2.689367927 -0.5078682875 0)
(2.703407482 -0.4946302023 0)
(2.736643412 -0.4488252752 0)
(2.757759641 -0.406541454 0)
(2.767568928 -0.3972174707 0)
(2.790730791 -0.3692830541 0)
(2.823084631 -0.3096198814 0)
(2.836207914 -0.2783565218 0)
(2.842992715 -0.2836041046 0)
(2.857217985 -0.2627375927 0)
(2.878399606 -0.2037282055 0)
(2.883531924 -0.1788106432 0)
(2.889028506 -0.1827415965 0)
(2.908163983 -0.1575289179 0)
(2.924169756 -0.108980186 0)
(2.927892941 -0.09569319528 0)
(3 -2.274277676e-15 0)
(3 -5.324760405e-13 0)
(3 -9.641184609e-10 0)
(2.999999858 -3.49874817e-07 0)
(2.999976167 -5.860607408e-05 0)
(2.99851475 -0.003458229078 0)
(2.970277334 -0.07668069081 0)
(2.786241887 -0.3987260465 0)
(2.60979302 -0.6921302113 0)
(2.592108319 -0.6581109886 0)
(2.608926278 -0.6490565245 0)
(2.611956262 -0.6524645358 0)
(2.604629842 -0.6722280286 0)
(2.581534296 -0.6852010962 0)
(2.561976373 -0.682966356 0)
(2.566611361 -0.6661874545 0)
(2.577287912 -0.6458405005 0)
(2.599173728 -0.6201489271 0)
(2.622903669 -0.6005729153 0)
(2.653607367 -0.5700107851 0)
(2.653607367 -0.5700107851 0)
)
;
    }
    procBoundary9to4
    {
        type            processor;
        value           nonuniform List<vector> 9((2.94236583 -0.07691910314 0) (2.94956644 -0.06130699459 0) (2.958417109 -0.04001705797 0) (2.965780323 -0.02094215116 0) (2.973370336 -0.0005821987217 0) (2.981390579 0.02197166838 0) (2.987991982 0.03935603825 0) (2.996931205 0.06445305493 0) (3.003343055 0.08264053559 0));
    }
    procBoundary9to8
    {
        type            processor;
        value           nonuniform List<vector> 8((3 -6.43956706e-15 0) (3 -5.769789497e-15 0) (3 -2.481349545e-15 0) (3 -1.17407933e-15 0) (3 1.512129056e-15 0) (3 1.266833804e-14 0) (3 6.452541371e-12 0) (3.000000009 1.698036263e-08 0));
    }
    procBoundary9to10
    {
        type            processor;
        value           nonuniform List<vector> 
55
(
(3.012882741 0.1078890095 0)
(3.020131128 0.13012775 0)
(3.02808717 0.1565533319 0)
(3.034268337 0.1796267721 0)
(3.039665419 0.2047815136 0)
(3.045517688 0.2363385326 0)
(3.047880122 0.2522443104 0)
(3.055504839 0.2846807919 0)
(3.057707216 0.3106402684 0)
(3.058636933 0.3201238032 0)
(3.065884208 0.3500543 0)
(3.066366487 0.3628390468 0)
(3.067615666 0.3654186346 0)
(3.072125316 0.3789577591 0)
(3.07155968 0.3853123629 0)
(3.072415735 0.3844785758 0)
(3.074753609 0.3857200664 0)
(3.075580617 0.389675563 0)
(3.075897778 0.3900651442 0)
(3.075749359 0.3881061694 0)
(3.068312406 0.3563057335 0)
(3.045107575 0.2248788246 0)
(3.028460239 0.1331027268 0)
(2.971445494 -0.009235838847 0)
(2.967989168 0.003582739842 0)
(2.96707302 0.003058671532 0)
(2.973277492 0.00503611951 0)
(2.976170919 0.005450311324 0)
(2.968502549 0.00701673559 0)
(2.952832243 0.007320637557 0)
(2.941881384 0.006157308257 0)
(2.941881384 0.006157308257 0)
(2.942135766 0.006721378071 0)
(2.943123029 0.006922026947 0)
(2.945196347 0.006269292018 0)
(2.949320852 0.006131159875 0)
(2.954648926 0.006172070216 0)
(2.959574363 0.00648378768 0)
(2.963331777 0.006710899026 0)
(2.965771539 0.006755685771 0)
(2.968387913 0.0054323973 0)
(2.968387913 0.0054323973 0)
(2.968369006 0.005566214624 0)
(2.968006125 0.006013221938 0)
(2.96756494 0.006697412221 0)
(2.96667694 0.007221771045 0)
(2.965721725 0.007033896584 0)
(2.964853653 0.006417379791 0)
(2.963902009 0.006047095438 0)
(2.963452802 0.00543792167 0)
(2.963452802 0.00543792167 0)
(2.962835666 0.006243155141 0)
(2.962219769 0.006516579739 0)
(2.961687415 0.006257865544 0)
(2.961003816 0.005900297256 0)
)
;
    }
    procBoundary9to14
    {
        type            processor;
        value           nonuniform List<vector> 
30
(
(3.000004283 7.673367511e-06 0)
(3.000227352 0.0003636926906 0)
(3.002227859 0.004113583294 0)
(2.951731797 -0.0743592384 0)
(2.727308637 -0.475701659 0)
(2.610238375 -0.6573217965 0)
(2.564822857 -0.6937961992 0)
(2.573990825 -0.6772678323 0)
(2.579939724 -0.6760811529 0)
(2.579962745 -0.6777547429 0)
(2.576962535 -0.6810086555 0)
(2.57393408 -0.6808337244 0)
(2.573581636 -0.6805957628 0)
(2.5752531 -0.6793590421 0)
(2.576301655 -0.6784739108 0)
(2.575360219 -0.6778972238 0)
(2.573281075 -0.6787526599 0)
(2.571516922 -0.6794055111 0)
(2.570810322 -0.6791111676 0)
(2.571308138 -0.6779448609 0)
(2.572103098 -0.6774777169 0)
(2.573106402 -0.6781398103 0)
(2.57381607 -0.6792539088 0)
(2.574755745 -0.6796243504 0)
(2.57620668 -0.6802345072 0)
(2.57674726 -0.6796460787 0)
(2.574849074 -0.6787736914 0)
(2.571244977 -0.678040105 0)
(2.568216351 -0.6776309253 0)
(2.567031525 -0.6772863364 0)
)
;
    }
    procBoundary9to15
    {
        type            processor;
        value           nonuniform List<vector> 
35
(
(2.956251331 0.007602702572 0)
(2.956962379 0.009858331326 0)
(2.959653039 0.0091448012 0)
(2.961064523 0.003416190017 0)
(2.959702416 0.003390798805 0)
(2.959090024 0.008067044122 0)
(2.959836858 0.006478935269 0)
(2.960725211 0.004023667345 0)
(2.960590255 0.004430023132 0)
(3.44677418 0.4461655363 0)
(3.382118807 0.4674164088 0)
(3.23805147 0.4331146914 0)
(3.082223043 0.3967240043 0)
(2.973699348 0.3826931004 0)
(2.922893186 0.3755602834 0)
(2.900265587 0.3708941457 0)
(2.889806741 0.3688323302 0)
(2.902021793 0.3659433849 0)
(2.922088434 0.3707877405 0)
(2.9424284 0.3760940551 0)
(2.959569413 0.3821832169 0)
(2.97645018 0.3841420161 0)
(2.992252283 0.3845810196 0)
(3.007741981 0.3896180333 0)
(3.020887563 0.3964523157 0)
(3.031065722 0.3982390186 0)
(3.03898065 0.3956905518 0)
(3.046462834 0.3882422817 0)
(3.051080522 0.3620283394 0)
(3.026128765 0.2533832291 0)
(2.987295826 0.1124415214 0)
(2.963893215 0.03182975736 0)
(2.956331587 0.008500418476 0)
(2.956251331 0.007602702572 0)
(2.955448455 0.005420759786 0)
)
;
    }
}


// ************************************************************************* //
