/*--------------------------------*- C++ -*----------------------------------*\
  =========                 |
  \\      /  F ield         | OpenFOAM: The Open Source CFD Toolbox
   \\    /   O peration     | Website:  https://openfoam.org
    \\  /    A nd           | Version:  7
     \\/     M anipulation  |
\*---------------------------------------------------------------------------*/
FoamFile
{
    version     2.0;
    format      ascii;
    class       volScalarField;
    location    "3.9";
    object      rho;
}
// * * * * * * * * * * * * * * * * * * * * * * * * * * * * * * * * * * * * * //

dimensions      [1 -3 0 0 0 0 0];

internalField   nonuniform List<scalar> 
2222
(
1.40000504
1.454849966
1.518264736
1.586894279
1.649807023
1.704972308
1.759527501
1.813635206
1.846423719
1.874719776
1.918423301
1.934714159
1.941776672
1.957139846
1.958499
1.952707412
1.941299247
1.926669212
1.91297413
1.901452026
1.887260985
1.866928749
1.850939277
1.845309291
1.840362021
1.833847728
1.830465915
1.828488719
1.825478041
1.819627537
1.815146249
1.814517576
1.813332627
1.810602347
1.40343563
1.411112339
1.424057722
1.444599716
1.471976817
1.496920568
1.528079706
1.569072279
1.599919508
1.635326097
1.670671249
1.699244832
1.735138443
1.757867578
1.777123318
1.795129723
1.806594283
1.823172107
1.841780743
1.849181448
1.856586343
1.860635437
1.860855577
1.858815316
1.853832395
1.850960518
1.849628293
1.847210616
1.842200413
1.835638241
1.831911795
1.829851397
1.827231329
1.400030657
1.400149866
1.400596632
1.40182005
1.404578477
1.409372454
1.416857982
1.429794604
1.447169058
1.468647196
1.498337535
1.530837629
1.569699003
1.613811239
1.654327384
1.702545441
1.746822865
1.779169234
1.807447759
1.820528412
1.832375507
1.850083816
1.85491686
1.857092872
1.859035605
1.85874597
1.857612744
1.855925412
1.852479701
1.848130783
1.842315079
1.841149253
1.840629262
1.400005058
1.400005237
1.400006733
1.400015339
1.400050437
1.400159037
1.400446897
1.401170556
1.402710522
1.405458632
1.41052884
1.41854337
1.430495797
1.449406806
1.47166766
1.501392279
1.542630849
1.581527499
1.626249595
1.668423428
1.703554933
1.746024239
1.771081484
1.790113469
1.81328287
1.823821941
1.828862865
1.835151755
1.835731615
1.836932724
1.843283192
1.851401354
1.85335976
1.40000504
1.40000504
1.400005041
1.400005046
1.400005089
1.400005361
1.400006704
1.400012336
1.400032297
1.400089945
1.400244534
1.400624813
1.401433098
1.403158026
1.406300574
1.411603132
1.421305099
1.435222631
1.455347713
1.48562196
1.518670704
1.558638678
1.605534709
1.647051621
1.693746377
1.732216079
1.760261463
1.793056095
1.817106944
1.829463103
1.841742433
1.849952791
1.850589306
1.40000504
1.40000504
1.40000504
1.40000504
1.40000504
1.40000504
1.400005041
1.400005045
1.400005074
1.40000522
1.400005865
1.400008389
1.400017002
1.400043386
1.400117869
1.400302408
1.400744034
1.401732583
1.403701532
1.407696995
1.414673322
1.425595057
1.443653063
1.466722341
1.496174445
1.538151124
1.577888634
1.61879206
1.665693947
1.702384692
1.742029636
1.769187688
1.783195688
1.40000504
1.40000504
1.40000504
1.40000504
1.40000504
1.40000504
1.40000504
1.40000504
1.40000504
1.40000504
1.40000504
1.400005042
1.400005053
1.400005105
1.400005341
1.400006271
1.400009549
1.4000205
1.400053504
1.400147345
1.400400266
1.400986007
1.402305978
1.40505858
1.409848646
1.418763544
1.43269367
1.451576326
1.480742285
1.514743065
1.552066863
1.597299332
1.638570347
1.40000504
1.40000504
1.40000504
1.40000504
1.40000504
1.40000504
1.40000504
1.40000504
1.40000504
1.40000504
1.40000504
1.40000504
1.40000504
1.40000504
1.40000504
1.400005041
1.400005044
1.400005059
1.40000513
1.400005445
1.400006723
1.400011435
1.40002739
1.400077449
1.400215896
1.400573575
1.401441272
1.403226982
1.406833137
1.413475422
1.423775172
1.440891308
1.464135299
1.40000504
1.40000504
1.40000504
1.40000504
1.40000504
1.40000504
1.40000504
1.40000504
1.40000504
1.40000504
1.40000504
1.40000504
1.40000504
1.40000504
1.40000504
1.40000504
1.40000504
1.40000504
1.40000504
1.40000504
1.400005041
1.400005045
1.400005069
1.400005188
1.400005724
1.400007868
1.400015874
1.400042234
1.400119983
1.400340053
1.40087409
1.402073352
1.404702212
1.40000504
1.40000504
1.40000504
1.40000504
1.40000504
1.40000504
1.40000504
1.40000504
1.40000504
1.40000504
1.40000504
1.40000504
1.40000504
1.40000504
1.40000504
1.40000504
1.40000504
1.40000504
1.40000504
1.40000504
1.40000504
1.40000504
1.40000504
1.40000504
1.40000504
1.400005042
1.40000505
1.400005097
1.400005324
1.400006329
1.400010287
1.400024188
1.400069575
1.40000504
1.40000504
1.40000504
1.40000504
1.40000504
1.40000504
1.40000504
1.40000504
1.40000504
1.40000504
1.40000504
1.40000504
1.40000504
1.40000504
1.40000504
1.40000504
1.40000504
1.40000504
1.40000504
1.40000504
1.40000504
1.40000504
1.40000504
1.40000504
1.40000504
1.40000504
1.40000504
1.40000504
1.40000504
1.400005041
1.400005044
1.400005063
1.400005165
1.40000504
1.40000504
1.40000504
1.40000504
1.40000504
1.40000504
1.40000504
1.40000504
1.40000504
1.40000504
1.40000504
1.40000504
1.40000504
1.40000504
1.40000504
1.40000504
1.40000504
1.40000504
1.40000504
1.40000504
1.40000504
1.40000504
1.40000504
1.40000504
1.40000504
1.40000504
1.40000504
1.40000504
1.40000504
1.40000504
1.40000504
1.40000504
1.40000504
1.40000504
1.40000504
1.40000504
1.40000504
1.40000504
1.40000504
1.40000504
1.40000504
1.40000504
1.40000504
1.40000504
1.40000504
1.40000504
1.40000504
1.40000504
1.40000504
1.40000504
1.40000504
1.40000504
1.40000504
1.40000504
1.40000504
1.40000504
1.40000504
1.40000504
1.40000504
1.40000504
1.40000504
1.40000504
1.40000504
1.40000504
1.40000504
1.40000504
1.40000504
1.40000504
1.40000504
1.40000504
1.40000504
1.40000504
1.40000504
1.40000504
1.40000504
1.40000504
1.40000504
1.40000504
1.40000504
1.40000504
1.40000504
1.40000504
1.40000504
1.40000504
1.40000504
1.40000504
1.40000504
1.40000504
1.40000504
1.40000504
1.40000504
1.40000504
1.40000504
1.40000504
1.40000504
1.40000504
1.40000504
1.40000504
1.40000504
1.40000504
1.40000504
1.40000504
1.40000504
1.40000504
1.40000504
1.40000504
1.40000504
1.40000504
1.40000504
1.40000504
1.40000504
1.40000504
1.40000504
1.40000504
1.40000504
1.40000504
1.40000504
1.40000504
1.40000504
1.40000504
1.40000504
1.40000504
1.40000504
1.40000504
1.40000504
1.40000504
1.40000504
1.40000504
1.40000504
1.40000504
1.40000504
1.40000504
1.40000504
1.40000504
1.40000504
1.40000504
1.40000504
1.40000504
1.40000504
1.40000504
1.40000504
1.40000504
1.40000504
1.40000504
1.40000504
1.40000504
1.40000504
1.40000504
1.40000504
1.40000504
1.40000504
1.40000504
1.40000504
1.40000504
1.40000504
1.40000504
1.40000504
1.40000504
1.40000504
1.40000504
1.40000504
1.40000504
1.40000504
1.40000504
1.40000504
1.40000504
1.40000504
1.40000504
1.40000504
1.40000504
1.40000504
1.40000504
1.40000504
1.40000504
1.40000504
1.40000504
1.40000504
1.40000504
1.40000504
1.40000504
1.40000504
1.40000504
1.40000504
1.40000504
1.40000504
1.40000504
1.40000504
1.40000504
1.40000504
1.40000504
1.40000504
1.40000504
1.40000504
1.40000504
1.40000504
1.40000504
1.40000504
1.40000504
1.40000504
1.40000504
1.40000504
1.40000504
1.40000504
1.40000504
1.40000504
1.40000504
1.40000504
1.40000504
1.40000504
1.40000504
1.40000504
1.40000504
1.40000504
1.40000504
1.40000504
1.40000504
1.40000504
1.40000504
1.40000504
1.40000504
1.40000504
1.40000504
1.40000504
1.40000504
1.40000504
1.40000504
1.40000504
1.40000504
1.40000504
1.40000504
1.40000504
1.40000504
1.40000504
1.40000504
1.40000504
1.40000504
1.40000504
1.40000504
1.40000504
1.40000504
1.40000504
1.40000504
1.40000504
1.40000504
1.40000504
1.40000504
1.40000504
1.40000504
1.40000504
1.40000504
1.40000504
1.40000504
1.40000504
1.40000504
1.40000504
1.40000504
1.40000504
1.40000504
1.40000504
1.40000504
1.40000504
1.40000504
1.40000504
1.40000504
1.40000504
1.40000504
1.40000504
1.40000504
1.40000504
1.40000504
1.40000504
1.40000504
1.40000504
1.40000504
1.40000504
1.40000504
1.40000504
1.40000504
1.40000504
1.40000504
1.40000504
1.40000504
1.40000504
1.40000504
1.40000504
1.40000504
1.40000504
1.40000504
1.40000504
1.40000504
1.40000504
1.40000504
1.40000504
1.40000504
1.40000504
1.40000504
1.40000504
1.40000504
1.40000504
1.40000504
1.40000504
1.40000504
1.40000504
1.40000504
1.40000504
1.40000504
1.40000504
1.40000504
1.40000504
1.40000504
1.40000504
1.40000504
1.40000504
1.40000504
1.40000504
1.40000504
1.40000504
1.40000504
1.40000504
1.40000504
1.40000504
1.40000504
1.40000504
1.40000504
1.40000504
1.40000504
1.40000504
1.40000504
1.40000504
1.40000504
1.40000504
1.40000504
1.40000504
1.40000504
1.40000504
1.40000504
1.40000504
1.40000504
1.40000504
1.40000504
1.40000504
1.40000504
1.40000504
1.40000504
1.40000504
1.40000504
1.40000504
1.40000504
1.40000504
1.40000504
1.40000504
1.40000504
1.40000504
1.40000504
1.40000504
1.40000504
1.40000504
1.40000504
1.40000504
1.40000504
1.40000504
1.40000504
1.40000504
1.40000504
1.40000504
1.40000504
1.40000504
1.40000504
1.40000504
1.40000504
1.40000504
1.40000504
1.40000504
1.40000504
1.40000504
1.40000504
1.40000504
1.40000504
1.40000504
1.40000504
1.40000504
1.40000504
1.40000504
1.40000504
1.40000504
1.40000504
1.40000504
1.40000504
1.40000504
1.40000504
1.40000504
1.40000504
1.40000504
1.40000504
1.40000504
1.40000504
1.40000504
1.40000504
1.40000504
1.40000504
1.40000504
1.40000504
1.40000504
1.40000504
1.40000504
1.40000504
1.40000504
1.40000504
1.40000504
1.40000504
1.40000504
1.40000504
1.40000504
1.40000504
1.40000504
1.40000504
1.40000504
1.40000504
1.40000504
1.40000504
1.40000504
1.40000504
1.40000504
1.40000504
1.40000504
1.40000504
1.40000504
1.40000504
1.40000504
1.40000504
1.40000504
1.40000504
1.40000504
1.40000504
1.40000504
1.40000504
1.40000504
1.40000504
1.40000504
1.40000504
1.40000504
1.40000504
1.40000504
1.40000504
1.40000504
1.40000504
1.40000504
1.40000504
1.40000504
1.40000504
1.40000504
1.40000504
1.40000504
1.40000504
1.40000504
1.40000504
1.40000504
1.40000504
1.40000504
1.40000504
1.40000504
1.40000504
1.40000504
1.40000504
1.40000504
1.40000504
1.40000504
1.40000504
1.40000504
1.40000504
1.40000504
1.40000504
1.40000504
1.40000504
1.40000504
1.40000504
1.40000504
1.40000504
1.40000504
1.40000504
1.40000504
1.40000504
1.40000504
1.40000504
1.40000504
1.40000504
1.40000504
1.40000504
1.40000504
1.40000504
1.40000504
1.40000504
1.40000504
1.40000504
1.40000504
1.40000504
1.40000504
1.40000504
1.40000504
1.40000504
1.40000504
1.40000504
1.40000504
1.40000504
1.40000504
1.40000504
1.40000504
1.40000504
1.40000504
1.40000504
1.40000504
1.40000504
1.40000504
1.40000504
1.40000504
1.40000504
1.40000504
1.40000504
1.40000504
1.40000504
1.40000504
1.40000504
1.40000504
1.40000504
1.40000504
1.40000504
1.40000504
1.40000504
1.40000504
1.40000504
1.40000504
1.40000504
1.40000504
1.40000504
1.40000504
1.40000504
1.40000504
1.40000504
1.40000504
1.40000504
1.40000504
1.40000504
1.40000504
1.40000504
1.40000504
1.40000504
1.40000504
1.40000504
1.40000504
1.40000504
1.40000504
1.40000504
1.40000504
1.40000504
1.40000504
1.40000504
1.40000504
1.40000504
1.40000504
1.40000504
1.40000504
1.40000504
1.40000504
1.40000504
1.40000504
1.40000504
1.40000504
1.40000504
1.40000504
1.40000504
1.40000504
1.40000504
1.40000504
1.40000504
1.40000504
1.40000504
1.40000504
1.40000504
1.40000504
1.40000504
1.40000504
1.40000504
1.40000504
1.40000504
1.40000504
1.40000504
1.40000504
1.40000504
1.40000504
1.40000504
1.40000504
1.40000504
1.40000504
1.40000504
1.40000504
1.40000504
1.40000504
1.40000504
1.40000504
1.40000504
1.40000504
1.40000504
1.40000504
1.40000504
1.40000504
1.40000504
1.40000504
1.40000504
1.40000504
1.40000504
1.40000504
1.40000504
1.40000504
1.40000504
1.40000504
1.40000504
1.40000504
1.40000504
1.40000504
1.40000504
1.40000504
1.40000504
1.40000504
1.40000504
1.40000504
1.40000504
1.40000504
1.40000504
1.40000504
1.40000504
1.40000504
1.40000504
1.40000504
1.40000504
1.40000504
1.40000504
1.40000504
1.40000504
1.40000504
1.40000504
1.40000504
1.40000504
1.40000504
1.40000504
1.40000504
1.40000504
1.40000504
1.40000504
1.40000504
1.40000504
1.40000504
1.40000504
1.40000504
1.40000504
1.40000504
1.40000504
1.40000504
1.40000504
1.40000504
1.40000504
1.40000504
1.40000504
1.40000504
1.40000504
1.40000504
1.40000504
1.40000504
1.40000504
1.40000504
1.40000504
1.40000504
1.40000504
1.40000504
1.40000504
1.40000504
1.40000504
1.40000504
1.40000504
1.40000504
1.40000504
1.40000504
1.40000504
1.40000504
1.40000504
1.40000504
1.40000504
1.40000504
1.40000504
1.40000504
1.40000504
1.40000504
1.40000504
1.40000504
1.40000504
1.40000504
1.40000504
1.40000504
1.40000504
1.40000504
1.40000504
1.40000504
1.40000504
1.40000504
1.40000504
1.40000504
1.40000504
1.40000504
1.40000504
1.40000504
1.40000504
1.40000504
1.40000504
1.40000504
1.40000504
1.40000504
1.40000504
1.40000504
1.40000504
1.40000504
1.40000504
1.40000504
1.40000504
1.40000504
1.40000504
1.40000504
1.40000504
1.40000504
1.40000504
1.40000504
1.40000504
1.40000504
1.40000504
1.40000504
1.40000504
1.40000504
1.40000504
1.40000504
1.40000504
1.40000504
1.40000504
1.40000504
1.40000504
1.40000504
1.40000504
1.40000504
1.40000504
1.40000504
1.40000504
1.40000504
1.40000504
1.40000504
1.40000504
1.40000504
1.40000504
1.40000504
1.40000504
1.40000504
1.40000504
1.40000504
1.40000504
1.40000504
1.40000504
1.40000504
1.40000504
1.40000504
1.40000504
1.40000504
1.40000504
1.40000504
1.40000504
1.40000504
1.40000504
1.40000504
1.40000504
1.40000504
1.40000504
1.40000504
1.40000504
1.40000504
1.40000504
1.40000504
1.40000504
1.40000504
1.40000504
1.40000504
1.40000504
1.40000504
1.40000504
1.40000504
1.40000504
1.40000504
1.40000504
1.40000504
1.40000504
1.40000504
1.40000504
1.40000504
1.40000504
1.40000504
1.40000504
1.40000504
1.40000504
1.40000504
1.40000504
1.40000504
1.40000504
1.40000504
1.40000504
1.40000504
1.40000504
1.40000504
1.40000504
1.40000504
1.40000504
1.40000504
1.40000504
1.40000504
1.40000504
1.40000504
1.40000504
1.40000504
1.40000504
1.40000504
1.40000504
1.40000504
1.40000504
1.40000504
1.40000504
1.40000504
1.40000504
1.40000504
1.40000504
1.40000504
1.40000504
1.40000504
1.40000504
1.40000504
1.40000504
1.40000504
1.40000504
1.40000504
1.40000504
1.40000504
1.40000504
1.40000504
1.40000504
1.40000504
1.40000504
1.40000504
1.40000504
1.40000504
1.40000504
1.40000504
1.40000504
1.40000504
1.40000504
1.40000504
1.40000504
1.40000504
1.40000504
1.40000504
1.40000504
1.40000504
1.40000504
1.40000504
1.40000504
1.40000504
1.40000504
1.40000504
1.40000504
1.40000504
1.40000504
1.40000504
1.40000504
1.40000504
1.40000504
1.40000504
1.40000504
1.40000504
1.40000504
1.40000504
1.40000504
1.40000504
1.40000504
1.40000504
1.40000504
1.40000504
1.40000504
1.40000504
1.40000504
1.40000504
1.40000504
1.40000504
1.40000504
1.40000504
1.40000504
1.40000504
1.40000504
1.40000504
1.40000504
1.40000504
1.40000504
1.40000504
1.40000504
1.40000504
1.40000504
1.40000504
1.40000504
1.40000504
1.40000504
1.40000504
1.40000504
1.40000504
1.40000504
1.40000504
1.40000504
1.40000504
1.40000504
1.40000504
1.40000504
1.40000504
1.40000504
1.40000504
1.40000504
1.40000504
1.40000504
1.40000504
1.40000504
1.40000504
1.40000504
1.40000504
1.40000504
1.40000504
1.40000504
1.40000504
1.40000504
1.40000504
1.40000504
1.40000504
1.40000504
1.40000504
1.40000504
1.40000504
1.40000504
1.40000504
1.40000504
1.40000504
1.40000504
1.40000504
1.40000504
1.40000504
1.40000504
1.40000504
1.40000504
1.40000504
1.40000504
1.40000504
1.40000504
1.40000504
1.40000504
1.40000504
1.40000504
1.40000504
1.40000504
1.40000504
1.40000504
1.40000504
1.40000504
1.40000504
1.40000504
1.40000504
1.40000504
1.40000504
1.40000504
1.40000504
1.40000504
1.40000504
1.40000504
1.40000504
1.40000504
1.40000504
1.40000504
1.40000504
1.40000504
1.40000504
1.40000504
1.40000504
1.40000504
1.40000504
1.40000504
1.40000504
1.40000504
1.40000504
1.40000504
1.40000504
1.40000504
1.40000504
1.40000504
1.40000504
1.40000504
1.40000504
1.40000504
1.40000504
1.40000504
1.40000504
1.40000504
1.40000504
1.40000504
1.40000504
1.40000504
1.40000504
1.40000504
1.40000504
1.40000504
1.40000504
1.40000504
1.40000504
1.40000504
1.40000504
1.40000504
1.40000504
1.40000504
1.40000504
1.40000504
1.40000504
1.40000504
1.40000504
1.40000504
1.40000504
1.40000504
1.40000504
1.40000504
1.40000504
1.40000504
1.40000504
1.40000504
1.40000504
1.40000504
1.40000504
1.40000504
1.40000504
1.40000504
1.40000504
1.40000504
1.40000504
1.40000504
1.40000504
1.40000504
1.40000504
1.40000504
1.40000504
1.40000504
1.40000504
1.40000504
1.40000504
1.40000504
1.40000504
1.40000504
1.40000504
1.40000504
1.40000504
1.40000504
1.40000504
1.40000504
1.40000504
1.40000504
1.40000504
1.40000504
1.40000504
1.40000504
1.40000504
1.40000504
1.40000504
1.40000504
1.40000504
1.40000504
1.40000504
1.40000504
1.40000504
1.40000504
1.40000504
1.40000504
1.40000504
1.40000504
1.40000504
1.40000504
1.40000504
1.40000504
1.40000504
1.40000504
1.40000504
1.40000504
1.40000504
1.40000504
1.40000504
1.40000504
1.40000504
1.40000504
1.40000504
1.40000504
1.40000504
1.40000504
1.40000504
1.40000504
1.40000504
1.40000504
1.40000504
1.40000504
1.40000504
1.40000504
1.40000504
1.40000504
1.40000504
1.40000504
1.40000504
1.40000504
1.40000504
1.40000504
1.40000504
1.40000504
1.40000504
1.40000504
1.40000504
1.40000504
1.40000504
1.40000504
1.40000504
1.40000504
1.40000504
1.40000504
1.40000504
1.40000504
1.40000504
1.40000504
1.40000504
1.40000504
1.40000504
1.40000504
1.40000504
1.40000504
1.40000504
1.40000504
1.40000504
1.40000504
1.40000504
1.40000504
1.40000504
1.40000504
1.40000504
1.40000504
1.40000504
1.40000504
1.40000504
1.40000504
1.40000504
1.40000504
1.40000504
1.40000504
1.40000504
1.40000504
1.40000504
1.40000504
1.40000504
1.40000504
1.40000504
1.40000504
1.40000504
1.40000504
1.40000504
1.40000504
1.40000504
1.40000504
1.40000504
1.40000504
1.40000504
1.40000504
1.40000504
1.40000504
1.40000504
1.40000504
1.40000504
1.40000504
1.40000504
1.40000504
1.40000504
1.40000504
1.40000504
1.40000504
1.40000504
1.40000504
1.40000504
1.40000504
1.40000504
1.40000504
1.40000504
1.40000504
1.40000504
1.40000504
1.40000504
1.40000504
1.40000504
1.40000504
1.40000504
1.40000504
1.40000504
1.40000504
1.40000504
1.40000504
1.40000504
1.40000504
1.40000504
1.40000504
1.40000504
1.40000504
1.40000504
1.40000504
1.40000504
1.40000504
1.40000504
1.40000504
1.40000504
1.40000504
1.40000504
1.40000504
1.40000504
1.40000504
1.40000504
1.40000504
1.40000504
1.40000504
1.40000504
1.40000504
1.40000504
1.40000504
1.40000504
1.40000504
1.40000504
1.40000504
1.40000504
1.40000504
1.40000504
1.40000504
1.40000504
1.40000504
1.40000504
1.40000504
1.40000504
1.40000504
1.40000504
1.40000504
1.40000504
1.40000504
1.40000504
1.40000504
1.40000504
1.40000504
1.40000504
1.40000504
1.40000504
1.40000504
1.40000504
1.40000504
1.40000504
1.40000504
1.40000504
1.40000504
1.40000504
1.40000504
1.40000504
1.40000504
1.40000504
1.40000504
1.40000504
1.40000504
1.40000504
1.40000504
1.40000504
1.40000504
1.40000504
1.40000504
1.40000504
1.40000504
1.40000504
1.40000504
1.40000504
1.40000504
1.40000504
1.40000504
1.40000504
1.40000504
1.40000504
1.40000504
1.40000504
1.40000504
1.40000504
1.40000504
1.40000504
1.40000504
1.40000504
1.40000504
1.40000504
1.40000504
1.40000504
1.40000504
1.40000504
1.40000504
1.40000504
1.40000504
1.40000504
1.40000504
1.40000504
1.40000504
1.40000504
1.40000504
1.40000504
1.40000504
1.40000504
1.40000504
1.40000504
1.40000504
1.40000504
1.40000504
1.40000504
1.40000504
1.40000504
1.40000504
1.40000504
1.40000504
1.40000504
1.40000504
1.40000504
1.40000504
1.40000504
1.40000504
1.40000504
1.40000504
1.40000504
1.40000504
1.40000504
1.40000504
1.40000504
1.40000504
1.40000504
1.40000504
1.40000504
1.40000504
1.40000504
1.40000504
1.40000504
1.40000504
1.40000504
1.40000504
1.40000504
1.40000504
1.40000504
1.40000504
1.40000504
1.40000504
1.40000504
1.40000504
1.40000504
1.40000504
1.40000504
1.40000504
1.40000504
1.40000504
1.40000504
1.40000504
1.40000504
1.40000504
1.40000504
1.40000504
1.40000504
1.40000504
1.40000504
1.40000504
1.40000504
1.40000504
1.40000504
1.40000504
1.40000504
1.40000504
1.40000504
1.40000504
1.40000504
1.40000504
1.40000504
1.40000504
1.40000504
1.40000504
1.40000504
1.40000504
1.40000504
1.40000504
1.40000504
1.40000504
1.40000504
1.40000504
1.40000504
1.40000504
1.40000504
1.40000504
1.40000504
1.40000504
1.40000504
1.40000504
1.40000504
1.40000504
1.40000504
1.40000504
1.40000504
1.40000504
1.40000504
1.40000504
1.40000504
1.40000504
1.40000504
1.40000504
1.40000504
1.40000504
1.40000504
1.40000504
1.40000504
1.40000504
1.40000504
1.40000504
1.40000504
1.40000504
1.40000504
1.40000504
1.40000504
1.40000504
1.40000504
1.40000504
1.40000504
1.40000504
1.40000504
1.40000504
1.40000504
1.40000504
1.40000504
1.40000504
1.40000504
1.40000504
1.40000504
1.40000504
1.40000504
1.40000504
1.40000504
1.40000504
1.40000504
1.40000504
1.40000504
1.40000504
1.40000504
1.40000504
1.40000504
1.40000504
1.40000504
1.40000504
1.40000504
1.40000504
1.40000504
1.40000504
1.40000504
1.40000504
1.40000504
1.40000504
1.40000504
1.40000504
1.40000504
1.40000504
1.40000504
1.40000504
1.40000504
1.40000504
1.40000504
1.40000504
1.40000504
1.40000504
1.40000504
1.40000504
1.40000504
1.40000504
1.40000504
1.40000504
1.40000504
1.40000504
1.40000504
1.40000504
1.40000504
1.40000504
1.40000504
1.40000504
1.40000504
1.40000504
1.40000504
1.40000504
1.40000504
1.40000504
1.40000504
1.40000504
1.40000504
1.40000504
1.40000504
1.40000504
1.40000504
1.40000504
1.40000504
1.40000504
1.40000504
1.40000504
1.40000504
1.40000504
1.40000504
1.40000504
1.40000504
1.40000504
1.40000504
1.40000504
1.40000504
1.40000504
1.40000504
1.40000504
1.40000504
1.40000504
1.40000504
1.40000504
1.40000504
1.40000504
1.40000504
1.40000504
1.40000504
1.40000504
1.40000504
1.40000504
1.40000504
1.40000504
1.40000504
1.40000504
1.40000504
1.40000504
1.40000504
1.40000504
1.40000504
1.40000504
1.40000504
1.40000504
1.40000504
1.40000504
1.40000504
1.40000504
1.40000504
1.40000504
1.40000504
1.40000504
1.40000504
1.40000504
1.40000504
1.40000504
1.40000504
1.40000504
1.40000504
1.40000504
1.40000504
1.40000504
1.40000504
1.40000504
1.40000504
1.40000504
1.40000504
1.40000504
1.40000504
1.40000504
1.40000504
1.40000504
1.40000504
1.40000504
1.40000504
1.40000504
1.40000504
1.40000504
1.40000504
1.40000504
1.40000504
1.40000504
1.40000504
1.40000504
1.40000504
1.40000504
1.40000504
1.40000504
1.40000504
1.40000504
1.40000504
1.40000504
1.40000504
1.40000504
1.40000504
1.40000504
1.40000504
1.40000504
1.40000504
1.40000504
1.40000504
1.40000504
1.40000504
1.40000504
1.40000504
1.40000504
1.40000504
1.40000504
1.40000504
1.40000504
1.40000504
1.40000504
1.40000504
1.40000504
1.40000504
1.40000504
1.40000504
1.40000504
1.40000504
1.40000504
1.40000504
1.40000504
1.40000504
1.40000504
1.40000504
1.40000504
1.40000504
1.40000504
1.40000504
1.40000504
1.40000504
1.40000504
1.40000504
1.40000504
1.40000504
1.40000504
1.40000504
1.40000504
1.40000504
1.40000504
1.40000504
1.40000504
1.40000504
1.40000504
1.40000504
1.40000504
1.40000504
1.40000504
1.40000504
1.40000504
1.40000504
1.40000504
1.40000504
1.40000504
1.40000504
1.40000504
1.40000504
1.40000504
1.40000504
1.40000504
1.40000504
1.40000504
1.40000504
1.40000504
1.40000504
1.40000504
1.40000504
1.40000504
1.40000504
1.40000504
1.40000504
1.40000504
1.40000504
1.40000504
1.40000504
1.40000504
1.40000504
1.40000504
1.40000504
1.40000504
1.40000504
1.40000504
1.40000504
1.40000504
1.40000504
1.40000504
1.40000504
1.40000504
1.40000504
1.40000504
1.40000504
1.40000504
1.40000504
1.40000504
1.40000504
1.40000504
1.40000504
1.40000504
1.40000504
1.40000504
1.40000504
1.40000504
1.40000504
1.40000504
1.40000504
1.40000504
1.40000504
1.40000504
1.40000504
1.40000504
1.40000504
1.40000504
1.40000504
1.40000504
1.40000504
1.40000504
1.40000504
1.40000504
1.40000504
1.40000504
1.40000504
1.40000504
1.40000504
1.40000504
1.40000504
1.40000504
1.40000504
1.40000504
1.40000504
1.40000504
1.40000504
1.40000504
1.40000504
1.40000504
1.40000504
1.40000504
1.40000504
1.40000504
1.40000504
1.40000504
1.40000504
1.40000504
1.40000504
1.40000504
1.40000504
1.40000504
1.40000504
1.40000504
1.40000504
1.40000504
1.40000504
1.40000504
1.40000504
1.40000504
1.40000504
1.40000504
1.40000504
1.40000504
1.40000504
1.40000504
1.40000504
1.40000504
1.40000504
1.40000504
1.40000504
1.40000504
1.40000504
1.40000504
1.40000504
1.40000504
1.40000504
1.40000504
1.40000504
1.40000504
1.40000504
1.40000504
1.40000504
1.40000504
1.40000504
1.40000504
1.40000504
1.40000504
1.40000504
1.40000504
1.40000504
1.40000504
1.40000504
1.40000504
1.40000504
1.40000504
1.40000504
1.40000504
1.40000504
1.40000504
1.40000504
1.40000504
1.40000504
1.40000504
1.40000504
1.40000504
1.40000504
1.40000504
1.40000504
1.40000504
1.40000504
1.40000504
1.40000504
1.40000504
1.40000504
1.40000504
1.40000504
1.40000504
1.40000504
1.40000504
1.40000504
1.40000504
1.40000504
1.40000504
1.40000504
1.40000504
1.40000504
1.40000504
1.40000504
1.40000504
1.40000504
1.40000504
1.40000504
1.40000504
1.40000504
1.40000504
1.40000504
1.40000504
1.40000504
1.40000504
1.40000504
1.40000504
1.40000504
1.40000504
1.40000504
1.40000504
1.40000504
1.40000504
1.40000504
1.40000504
1.40000504
1.40000504
1.40000504
1.40000504
1.40000504
1.40000504
1.40000504
1.40000504
1.40000504
1.40000504
)
;

boundaryField
{
    inlet
    {
        type            calculated;
        value           nonuniform 0();
    }
    outlet
    {
        type            calculated;
        value           nonuniform 0();
    }
    bottom
    {
        type            calculated;
        value           nonuniform 0();
    }
    top
    {
        type            calculated;
        value           nonuniform 0();
    }
    obstacle
    {
        type            calculated;
        value           nonuniform List<scalar> 
33
(
1.454849966
1.518264736
1.586894279
1.649807023
1.704972308
1.759527501
1.813635206
1.846423719
1.874719776
1.918423301
1.934714159
1.941776672
1.957139846
1.958499
1.952707412
1.941299247
1.926669212
1.91297413
1.901452026
1.887260985
1.866928749
1.850939277
1.845309291
1.840362021
1.833847728
1.830465915
1.828488719
1.825478041
1.819627537
1.815146249
1.814517576
1.813332627
1.810602347
)
;
    }
    defaultFaces
    {
        type            empty;
    }
    procBoundary19to13
    {
        type            processor;
        value           nonuniform List<scalar> 
35
(
1.40000504
1.40000504
1.40000504
1.40000504
1.40000504
1.40000504
1.40000504
1.40000504
1.40000504
1.40000504
1.40000504
1.40000504
1.40000504
1.40000504
1.40000504
1.40000504
1.40000504
1.40000504
1.40000504
1.40000504
1.40000504
1.40000504
1.40000504
1.40000504
1.40000504
1.40000504
1.40000504
1.40000504
1.40000504
1.40000504
1.40000504
1.40000504
1.40000504
1.40000504
1.45484994
)
;
    }
    procBoundary19to18
    {
        type            processor;
        value           nonuniform List<scalar> 
33
(
1.40000504
1.40000504
1.40000504
1.40000504
1.40000504
1.40000504
1.40000504
1.40000504
1.40000504
1.40000504
1.40000504
1.40000504
1.40000504
1.40000504
1.40000504
1.40000504
1.40000504
1.40000504
1.40000504
1.40000504
1.40000504
1.40000504
1.40000504
1.40000504
1.40000504
1.40000504
1.40000504
1.40000504
1.40000504
1.40000504
1.40000504
1.40000504
1.40000504
)
;
    }
    procBoundary19to20
    {
        type            processor;
        value           nonuniform List<scalar> 
33
(
1.808657656
1.823020593
1.838450559
1.854267805
1.852473896
1.800034547
1.682380436
1.491761992
1.409353637
1.400200166
1.400005644
1.40000504
1.40000504
1.40000504
1.40000504
1.40000504
1.40000504
1.40000504
1.40000504
1.40000504
1.40000504
1.40000504
1.40000504
1.40000504
1.40000504
1.40000504
1.40000504
1.40000504
1.40000504
1.40000504
1.40000504
1.40000504
1.40000504
)
;
    }
    procBoundary19to24
    {
        type            processor;
        value           uniform 1.40000504;
    }
    procBoundary19to25
    {
        type            processor;
        value           nonuniform List<scalar> 
67
(
1.40000504
1.40000504
1.40000504
1.40000504
1.40000504
1.40000504
1.40000504
1.40000504
1.40000504
1.40000504
1.40000504
1.40000504
1.40000504
1.40000504
1.40000504
1.40000504
1.40000504
1.40000504
1.40000504
1.40000504
1.40000504
1.40000504
1.40000504
1.40000504
1.40000504
1.40000504
1.40000504
1.40000504
1.40000504
1.40000504
1.40000504
1.40000504
1.40000504
1.40000504
1.40000504
1.40000504
1.40000504
1.40000504
1.40000504
1.40000504
1.40000504
1.40000504
1.40000504
1.40000504
1.40000504
1.40000504
1.40000504
1.40000504
1.40000504
1.40000504
1.40000504
1.40000504
1.40000504
1.40000504
1.40000504
1.40000504
1.40000504
1.40000504
1.40000504
1.40000504
1.40000504
1.40000504
1.40000504
1.40000504
1.40000504
1.40000504
1.40000504
)
;
    }
}


// ************************************************************************* //
