/*--------------------------------*- C++ -*----------------------------------*\
  =========                 |
  \\      /  F ield         | OpenFOAM: The Open Source CFD Toolbox
   \\    /   O peration     | Website:  https://openfoam.org
    \\  /    A nd           | Version:  7
     \\/     M anipulation  |
\*---------------------------------------------------------------------------*/
FoamFile
{
    version     2.0;
    format      ascii;
    class       volVectorField;
    location    "3.4";
    object      U;
}
// * * * * * * * * * * * * * * * * * * * * * * * * * * * * * * * * * * * * * //

dimensions      [0 1 -1 0 0 0 0];

internalField   nonuniform List<vector> 
2222
(
(3 -8.257852512e-15 0)
(3 -6.054500931e-15 0)
(3 -5.541867263e-15 0)
(3 -5.738297046e-15 0)
(3 -1.757867068e-14 0)
(3 -1.609039438e-14 0)
(3 -1.50998748e-14 0)
(3 -1.469264113e-14 0)
(3 -1.449666459e-14 0)
(3 -1.412524445e-14 0)
(3 -1.296076171e-14 0)
(3 -9.314573258e-15 0)
(3 -6.517499665e-15 0)
(3 -3.7754332e-15 0)
(3 -1.435443378e-15 0)
(3 6.294745331e-16 0)
(3 3.080246854e-16 0)
(3 2.229251272e-15 0)
(3 3.701884467e-15 0)
(3 4.162438781e-15 0)
(3 2.065069266e-15 0)
(3 2.034721455e-15 0)
(3 2.898908832e-15 0)
(3 2.32223522e-15 0)
(3 1.805719398e-15 0)
(3 -6.250458157e-16 0)
(3 -2.097850021e-14 0)
(3 -2.007933534e-14 0)
(3 -1.898416201e-14 0)
(3 -1.595941277e-14 0)
(3 -1.544496934e-14 0)
(3 -1.530868061e-14 0)
(3 -1.513412877e-14 0)
(3 -1.404653719e-14 0)
(3 -1.278206319e-14 0)
(3 -1.071895452e-14 0)
(3 -8.301324868e-15 0)
(3 -5.420468935e-15 0)
(3 -5.314508949e-16 0)
(3 6.422667971e-15 0)
(3 1.091966187e-14 0)
(3 1.364802239e-14 0)
(3 1.167502901e-14 0)
(3 1.135877577e-14 0)
(3 1.005652814e-14 0)
(3 1.180812255e-14 0)
(3 1.106675103e-14 0)
(3 9.136583807e-15 0)
(3 8.487571267e-15 0)
(3 8.642547493e-15 0)
(3 9.749350558e-15 0)
(3 1.157446967e-14 0)
(3 1.322148102e-14 0)
(3 1.326088197e-14 0)
(3 1.144280699e-14 0)
(3 8.245504076e-15 0)
(3 5.182782594e-15 0)
(3 -1.156990444e-15 0)
(3 -6.616640688e-15 0)
(3 -1.100590752e-14 0)
(3 -1.232725085e-14 0)
(3 -1.227830951e-14 0)
(3 -1.070906681e-14 0)
(3 -8.035804104e-15 0)
(3 -7.464274917e-15 0)
(3 -8.04889621e-15 0)
(3 -2.044792821e-14 0)
(3 -1.685148538e-14 0)
(3 -1.263738743e-14 0)
(3 -8.548748184e-15 0)
(3 -5.860530706e-15 0)
(3 -5.646492211e-15 0)
(3 -6.020925447e-15 0)
(3 -7.664872581e-15 0)
(3 -1.087310052e-14 0)
(3 -1.011425627e-14 0)
(3 -8.205636031e-15 0)
(3 -5.799045257e-15 0)
(3 -8.8121219e-16 0)
(3 7.012265e-15 0)
(3 1.478190792e-14 0)
(3 1.801729632e-14 0)
(3 2.25908876e-14 0)
(3 2.314573364e-14 0)
(3 2.245796122e-14 0)
(3 2.033638742e-14 0)
(3 1.896667254e-14 0)
(3 1.76622901e-14 0)
(3 1.731580287e-14 0)
(3 1.917688994e-14 0)
(3 1.967179559e-14 0)
(3 1.987273152e-14 0)
(3 2.049159275e-14 0)
(3 2.177850286e-14 0)
(3 2.325552596e-14 0)
(3 2.217521713e-14 0)
(3 1.875090172e-14 0)
(3 1.217487486e-14 0)
(3 3.697600937e-15 0)
(3 -2.3725147e-15 0)
(3 -3.488883075e-15 0)
(3 -3.388449567e-15 0)
(3 -3.422844363e-15 0)
(3 -3.161577546e-15 0)
(3 -4.439226903e-15 0)
(3 -7.771329914e-15 0)
(3 -8.587851664e-15 0)
(3 -8.188686356e-15 0)
(3 -8.306341779e-15 0)
(3 -9.447094547e-15 0)
(3 -1.044973572e-14 0)
(3 -1.139578647e-14 0)
(3 -1.252003945e-14 0)
(3 -1.184341765e-14 0)
(3 -1.047479493e-14 0)
(3 -1.0089613e-14 0)
(3 -9.862278206e-15 0)
(3 -1.148566925e-14 0)
(3 -1.266194806e-14 0)
(3 -1.445293493e-14 0)
(3 -1.544298688e-14 0)
(3 -1.554033028e-14 0)
(3 -1.263457322e-14 0)
(3 -1.330464693e-14 0)
(3 -1.250549548e-14 0)
(3 -1.12399337e-14 0)
(3 -8.351208179e-15 0)
(3 -9.346460689e-15 0)
(3 -1.255390412e-14 0)
(3 -1.339341957e-14 0)
(3 -1.37457427e-14 0)
(3 -9.290100391e-15 0)
(3 -5.339506841e-15 0)
(3 -2.662852105e-15 0)
(3 2.058895826e-15 0)
(3 9.265803631e-15 0)
(3 1.760486858e-14 0)
(3 2.006797233e-14 0)
(3 2.196262637e-14 0)
(3 2.3615853e-14 0)
(3 2.527334818e-14 0)
(3 2.575946072e-14 0)
(3 2.618939643e-14 0)
(3 2.558256062e-14 0)
(3 2.407373907e-14 0)
(3 2.443329605e-14 0)
(3 2.665607381e-14 0)
(3 2.79241389e-14 0)
(3 2.93578171e-14 0)
(3 2.948657224e-14 0)
(3 2.911713738e-14 0)
(3 2.857042858e-14 0)
(3 2.453875956e-14 0)
(3 1.73378888e-14 0)
(3 1.303649555e-14 0)
(3 1.100372766e-14 0)
(3 5.951733202e-15 0)
(3 1.331137117e-15 0)
(3 3.424689033e-16 0)
(3 -1.414760342e-15 0)
(3 -2.451520082e-15 0)
(3 -3.505297085e-15 0)
(3 -6.089180521e-15 0)
(3 -9.349898958e-15 0)
(3 -1.105697209e-14 0)
(3 -1.217771248e-14 0)
(3 -1.346505908e-14 0)
(3 -1.37326782e-14 0)
(3 -1.528027079e-14 0)
(3 -1.597526246e-14 0)
(3 -1.553704541e-14 0)
(3 -1.541368814e-14 0)
(3 -1.641707549e-14 0)
(3 -1.708078524e-14 0)
(3 -1.749615333e-14 0)
(3 -1.620801191e-14 0)
(3 -1.606094542e-14 0)
(3 -1.55621606e-14 0)
(3 -1.50652994e-14 0)
(3 -1.11861978e-14 0)
(3 -9.090629318e-15 0)
(3 -9.380567236e-15 0)
(3 -7.107830985e-15 0)
(3 -5.43078892e-15 0)
(3 -2.48000837e-15 0)
(3 3.929414943e-16 0)
(3 3.867016236e-15 0)
(3 1.161773097e-14 0)
(3 1.446933729e-14 0)
(3 -8.438962665e-15 0)
(3 -1.05481024e-14 0)
(3 -1.266677708e-14 0)
(3 -1.405882703e-14 0)
(3 -1.540908532e-14 0)
(3 -1.676681987e-14 0)
(3 -1.72424965e-14 0)
(3 -1.691205555e-14 0)
(3 -1.259697742e-14 0)
(3 -8.996695746e-15 0)
(3 -3.56973387e-15 0)
(3 3.866961777e-15 0)
(3 1.106518663e-14 0)
(3 1.309708683e-14 0)
(3 1.359800554e-14 0)
(3 1.61544865e-14 0)
(3 1.704809474e-14 0)
(3 1.957008452e-14 0)
(3 2.215363145e-14 0)
(3 2.27246991e-14 0)
(3 2.396286854e-14 0)
(3 2.457677347e-14 0)
(3 2.636965134e-14 0)
(3 2.87544414e-14 0)
(3 2.985901677e-14 0)
(3 3.034082669e-14 0)
(3 2.848747974e-14 0)
(3 2.664770072e-14 0)
(3 2.459721403e-14 0)
(3 2.311113443e-14 0)
(3 2.203527563e-14 0)
(3 2.192931867e-14 0)
(3 1.688116982e-14 0)
(3 1.176743509e-14 0)
(3 8.125177153e-15 0)
(3 -1.195785124e-15 0)
(3 -4.757325918e-15 0)
(3 -4.256848945e-15 0)
(3 -3.292276432e-15 0)
(3 -3.309230087e-15 0)
(3 -2.824697348e-15 0)
(3 -6.718370507e-15 0)
(3 -1.278461977e-14 0)
(3 -1.484722991e-14 0)
(3 -1.56127439e-14 0)
(3 -1.659293702e-14 0)
(3 -1.826916021e-14 0)
(3 -2.160351793e-14 0)
(3 -2.279769914e-14 0)
(3 -2.254077604e-14 0)
(3 -2.143819142e-14 0)
(3 -2.076789234e-14 0)
(3 -1.925991529e-14 0)
(3 -1.661730539e-14 0)
(3 -1.344531658e-14 0)
(3 -1.143019631e-14 0)
(3 -1.179639328e-14 0)
(3 -1.172442924e-14 0)
(3 -9.878162157e-15 0)
(3 -9.700003289e-15 0)
(3 -8.675173346e-15 0)
(3 -5.828112616e-15 0)
(3 -1.8152885e-15 0)
(3 -3.062989749e-16 0)
(3 1.884540293e-15 0)
(3 6.842063561e-15 0)
(3 7.746346124e-15 0)
(3 -1.020094732e-14 0)
(3 -1.282184369e-14 0)
(3 -1.547224977e-14 0)
(3 -1.845010379e-14 0)
(3 -1.986674993e-14 0)
(3 -2.064288376e-14 0)
(3 -2.10568122e-14 0)
(3 -1.857949666e-14 0)
(3 -1.248585618e-14 0)
(3 -6.532907136e-15 0)
(3 -5.657238613e-15 0)
(3 -9.380458104e-16 0)
(3 3.390192057e-15 0)
(3 6.419730769e-15 0)
(3 1.148234544e-14 0)
(3 1.649602376e-14 0)
(3 1.928598831e-14 0)
(3 1.961249845e-14 0)
(3 1.948657676e-14 0)
(3 2.027494974e-14 0)
(3 2.009749308e-14 0)
(3 2.126613913e-14 0)
(3 2.396296948e-14 0)
(3 2.465136874e-14 0)
(3 2.461576165e-14 0)
(3 2.649133953e-14 0)
(3 2.677288182e-14 0)
(3 2.503296758e-14 0)
(3 2.341420158e-14 0)
(3 2.16687641e-14 0)
(3 2.021527239e-14 0)
(3 1.803812167e-14 0)
(3 1.532976646e-14 0)
(3 1.40139152e-14 0)
(3 1.318819951e-14 0)
(3 9.811696733e-15 0)
(3 1.94898472e-15 0)
(3 -4.53260852e-16 0)
(3 -4.811283066e-16 0)
(3 -1.429448018e-16 0)
(3 -3.762664897e-16 0)
(3 -3.70787583e-15 0)
(3 -6.041899668e-15 0)
(3 -1.339219163e-14 0)
(3 -1.65219804e-14 0)
(3 -1.974100932e-14 0)
(3 -2.287694791e-14 0)
(3 -2.41298912e-14 0)
(3 -2.207264769e-14 0)
(3 -1.940163847e-14 0)
(3 -1.823630086e-14 0)
(3 -1.741593823e-14 0)
(3 -1.784523399e-14 0)
(3 -1.732792028e-14 0)
(3 -1.576313323e-14 0)
(3 -1.47441865e-14 0)
(3 -1.43263533e-14 0)
(3 -1.283120544e-14 0)
(3 -1.045898529e-14 0)
(3 -9.037375358e-15 0)
(3 -8.937213106e-15 0)
(3 -7.218997024e-15 0)
(3 -6.05319922e-15 0)
(3 -6.145065348e-15 0)
(3 -1.595498793e-15 0)
(3 3.293959173e-15 0)
(3 4.41551158e-15 0)
(3 -9.455050059e-15 0)
(3 -1.145143762e-14 0)
(3 -1.416838816e-14 0)
(3 -1.589540385e-14 0)
(3 -1.669365969e-14 0)
(3 -1.648531353e-14 0)
(3 -1.348824415e-14 0)
(3 -7.858866594e-15 0)
(3 -3.412603474e-15 0)
(3 -2.578863677e-15 0)
(3 -3.45286038e-16 0)
(3 1.033059178e-15 0)
(3 1.04885096e-15 0)
(3 2.151542295e-15 0)
(3 4.8282327e-15 0)
(3 7.817140936e-15 0)
(3 1.263675911e-14 0)
(3 1.63387103e-14 0)
(3 1.774760296e-14 0)
(3 1.904468613e-14 0)
(3 1.913414481e-14 0)
(3 1.954114792e-14 0)
(3 2.019722366e-14 0)
(3 2.053035102e-14 0)
(3 2.16026198e-14 0)
(3 2.269628891e-14 0)
(3 2.295172582e-14 0)
(3 2.155551382e-14 0)
(3 1.976882859e-14 0)
(3 1.918295368e-14 0)
(3 1.922349634e-14 0)
(3 1.866363974e-14 0)
(3 1.836022539e-14 0)
(3 1.84092817e-14 0)
(3 1.756208e-14 0)
(3 1.773334076e-14 0)
(3 1.725732733e-14 0)
(3 1.087262972e-14 0)
(3 3.217781972e-15 0)
(3 -3.126378504e-15 0)
(3 -4.091718638e-15 0)
(3 -7.107231457e-15 0)
(3 -1.116491594e-14 0)
(3 -1.328243768e-14 0)
(3 -1.671690809e-14 0)
(3 -2.054464829e-14 0)
(3 -2.182117285e-14 0)
(3 -2.162491901e-14 0)
(3 -2.075097783e-14 0)
(3 -2.017011407e-14 0)
(3 -2.010038831e-14 0)
(3 -1.989748669e-14 0)
(3 -2.093697557e-14 0)
(3 -2.062666147e-14 0)
(3 -1.911574275e-14 0)
(3 -1.813400002e-14 0)
(3 -1.7077957e-14 0)
(3 -1.52646413e-14 0)
(3 -1.346104222e-14 0)
(3 -1.008748909e-14 0)
(3 -8.416174658e-15 0)
(3 -8.740034496e-15 0)
(3 -9.916499944e-15 0)
(3 -9.026400415e-15 0)
(3 -6.911014392e-15 0)
(3 -3.536616156e-15 0)
(3 -4.799445958e-16 0)
(3 -7.742913627e-15 0)
(3 -9.378997619e-15 0)
(3 -1.10472948e-14 0)
(3 -1.308538059e-14 0)
(3 -1.200069521e-14 0)
(3 -1.071657186e-14 0)
(3 -6.356488087e-15 0)
(3 -3.195107363e-15 0)
(3 -6.2795124e-16 0)
(3 2.850002086e-16 0)
(3 3.087358507e-15 0)
(3 3.511311366e-15 0)
(3 3.141912023e-15 0)
(3 4.692518398e-15 0)
(3 7.004732066e-15 0)
(3 8.632391991e-15 0)
(3 1.121329823e-14 0)
(3 1.274879411e-14 0)
(3 1.466905709e-14 0)
(3 1.452906917e-14 0)
(3 1.325529769e-14 0)
(3 1.534342356e-14 0)
(3 1.716891589e-14 0)
(3 1.880036569e-14 0)
(3 2.009493005e-14 0)
(3 1.958148858e-14 0)
(3 1.743034691e-14 0)
(3 1.456931199e-14 0)
(3 1.460874041e-14 0)
(3 1.513198435e-14 0)
(3 1.6039074e-14 0)
(3 1.725526096e-14 0)
(3 1.893302922e-14 0)
(3 1.95023374e-14 0)
(3 1.87070762e-14 0)
(3 1.620552843e-14 0)
(3 1.565531077e-14 0)
(3 1.067407685e-14 0)
(3 1.565166204e-15 0)
(3 -2.873113395e-15 0)
(3 -4.591834715e-15 0)
(3 -9.745345611e-15 0)
(3 -1.570391085e-14 0)
(3 -1.677916152e-14 0)
(3 -2.126323019e-14 0)
(3 -2.451527938e-14 0)
(3 -2.465748439e-14 0)
(3 -2.266885761e-14 0)
(3 -2.321306791e-14 0)
(3 -2.334179712e-14 0)
(3 -2.208830513e-14 0)
(3 -2.134132326e-14 0)
(3 -2.19580477e-14 0)
(3 -2.360460344e-14 0)
(3 -2.220691365e-14 0)
(3 -2.070575589e-14 0)
(3 -2.044163615e-14 0)
(3 -1.908099677e-14 0)
(3 -1.647223569e-14 0)
(3 -1.201920979e-14 0)
(3 -1.049797805e-14 0)
(3 -1.043858497e-14 0)
(3 -1.036208232e-14 0)
(3 -1.076481467e-14 0)
(3 -9.958977376e-15 0)
(3 -9.028940611e-15 0)
(3 -8.185216607e-15 0)
(3 -8.177738292e-15 0)
(3 -8.401792388e-15 0)
(3 -8.556404092e-15 0)
(3 -8.391088529e-15 0)
(3 -7.355369507e-15 0)
(3 -4.401142609e-15 0)
(3 -2.357203381e-15 0)
(3 1.573099445e-15 0)
(3 2.040783696e-15 0)
(3 4.416890855e-15 0)
(3 4.535066628e-15 0)
(3 4.779908815e-15 0)
(3 5.537632479e-15 0)
(3 7.553592683e-15 0)
(3 1.097245354e-14 0)
(3 1.125052338e-14 0)
(3 1.061267491e-14 0)
(3 1.030958228e-14 0)
(3 9.240380525e-15 0)
(3 8.06050217e-15 0)
(3 8.746094777e-15 0)
(3 1.086413946e-14 0)
(3 1.374207233e-14 0)
(3 1.495240139e-14 0)
(3 1.347567268e-14 0)
(3 1.09540742e-14 0)
(3 5.721676039e-15 0)
(3 3.962789127e-15 0)
(3 5.097912111e-15 0)
(3 7.062851078e-15 0)
(3 8.485881138e-15 0)
(3 1.074721442e-14 0)
(3 1.424433972e-14 0)
(3 1.517802702e-14 0)
(3 1.409770178e-14 0)
(3 1.066813166e-14 0)
(3 9.429351319e-15 0)
(3 5.536350347e-15 0)
(3 -7.099084072e-16 0)
(3 -4.571196774e-15 0)
(3 -7.683200289e-15 0)
(3 -1.040310334e-14 0)
(3 -1.148693657e-14 0)
(3 -1.344625323e-14 0)
(3 -1.595565109e-14 0)
(3 -2.121621884e-14 0)
(3 -2.564437475e-14 0)
(3 -2.438043901e-14 0)
(3 -2.367754771e-14 0)
(3 -2.34258907e-14 0)
(3 -2.433567635e-14 0)
(3 -2.428755998e-14 0)
(3 -2.504475285e-14 0)
(3 -2.512298372e-14 0)
(3 -2.471155392e-14 0)
(3 -2.259622417e-14 0)
(3 -2.168900508e-14 0)
(3 -2.043038224e-14 0)
(3 -1.740797851e-14 0)
(3 -1.616473627e-14 0)
(3 -1.562487965e-14 0)
(3 -1.548734686e-14 0)
(3 -1.510691009e-14 0)
(3 -1.501888392e-14 0)
(3 -1.574814815e-14 0)
(3 -1.617505773e-14 0)
(3 -1.447273367e-14 0)
(3 -7.812519089e-15 0)
(3 -6.421107332e-15 0)
(3 -6.165056355e-15 0)
(3 -4.204786058e-15 0)
(3 -3.519034642e-15 0)
(3 -1.365119843e-15 0)
(3 1.479631307e-15 0)
(3 1.850817186e-15 0)
(3 2.088516057e-15 0)
(3 2.720041226e-15 0)
(3 3.071727286e-15 0)
(3 4.639168901e-15 0)
(3 5.911939255e-15 0)
(3 8.920154408e-15 0)
(3 1.120153813e-14 0)
(3 1.015621382e-14 0)
(3 8.621955101e-15 0)
(3 6.053939553e-15 0)
(3 4.654049257e-15 0)
(3 4.582766697e-15 0)
(3 6.003839623e-15 0)
(3 7.268093524e-15 0)
(3 8.617736375e-15 0)
(3 7.527421528e-15 0)
(3 5.322891091e-15 0)
(3 1.394631289e-15 0)
(3 -2.15237828e-16 0)
(3 -3.430016766e-16 0)
(3 -7.748394823e-16 0)
(3 -3.525861398e-16 0)
(3 1.26452973e-15 0)
(3 4.363333658e-15 0)
(3 8.520800298e-15 0)
(3 8.735962016e-15 0)
(3 6.9263012e-15 0)
(3 5.659725551e-15 0)
(3 5.172465568e-15 0)
(3 1.6118659e-15 0)
(3 -1.17095997e-15 0)
(3 -4.870702208e-15 0)
(3 -9.032315562e-15 0)
(3 -1.239043539e-14 0)
(3 -1.391370906e-14 0)
(3 -1.510193584e-14 0)
(3 -1.574186786e-14 0)
(3 -1.458436901e-14 0)
(3 -1.435032982e-14 0)
(3 -2.097824562e-14 0)
(3 -2.468631788e-14 0)
(3 -2.539545477e-14 0)
(3 -2.788091557e-14 0)
(3 -2.96466287e-14 0)
(3 -2.798932768e-14 0)
(3 -2.728459868e-14 0)
(3 -2.479897794e-14 0)
(3 -2.022905043e-14 0)
(3 -1.820383739e-14 0)
(3 -1.813704943e-14 0)
(3 -1.816412157e-14 0)
(3 -1.821403221e-14 0)
(3 -1.806330359e-14 0)
(3 -1.821589811e-14 0)
(3 -1.914099488e-14 0)
(3 -1.961612331e-14 0)
(3 -2.034635201e-14 0)
(3 -2.084481469e-14 0)
(3 -1.79246075e-14 0)
(3 -3.549385695e-15 0)
(3 -1.502057685e-15 0)
(3 3.411450806e-16 0)
(3 2.290832109e-15 0)
(3 2.656662137e-15 0)
(3 2.483863996e-15 0)
(3 2.205652753e-15 0)
(3 2.159963993e-15 0)
(3 2.291588883e-15 0)
(3 1.766787417e-15 0)
(3 1.692750866e-15 0)
(3 7.138458326e-16 0)
(3 1.598440758e-15 0)
(3 5.818452477e-15 0)
(3 6.795852005e-15 0)
(3 6.929222726e-15 0)
(3 6.645367289e-15 0)
(3 3.919982825e-15 0)
(3 3.024143404e-15 0)
(3 3.085213375e-15 0)
(3 3.654049619e-15 0)
(3 3.651412244e-15 0)
(3 2.251106156e-15 0)
(3 -1.175109809e-15 0)
(3 -3.974558112e-15 0)
(3 -6.358524755e-15 0)
(3 -4.588304312e-15 0)
(3 -2.96408159e-15 0)
(3 -2.775704982e-15 0)
(3 3.10946785e-16 0)
(3 3.022596888e-15 0)
(3 5.509747937e-15 0)
(3 8.056855789e-15 0)
(3 7.380662087e-15 0)
(3 3.59385582e-15 0)
(3 3.258684969e-15 0)
(3 2.084505185e-15 0)
(3 -4.903510659e-16 0)
(3 -6.215098818e-15 0)
(3 -9.727923494e-15 0)
(3 -1.178806404e-14 0)
(3 -1.502628331e-14 0)
(3 -1.713714124e-14 0)
(3 -1.724839263e-14 0)
(3 -1.720330576e-14 0)
(3 -1.660896066e-14 0)
(3 -1.737689168e-14 0)
(3 -2.069765209e-14 0)
(3 -2.294798066e-14 0)
(3 -2.576036737e-14 0)
(3 -3.016723726e-14 0)
(3 -3.242190314e-14 0)
(3 -3.072054885e-14 0)
(3 -2.858894278e-14 0)
(3 -2.520116711e-14 0)
(3 -2.096509375e-14 0)
(3 -1.922240116e-14 0)
(3 -1.948622605e-14 0)
(3 -1.854424163e-14 0)
(3 -1.788570561e-14 0)
(3 -1.831983874e-14 0)
(3 -1.959144705e-14 0)
(3 -2.019824941e-14 0)
(3 -2.270706144e-14 0)
(3 -2.224210656e-14 0)
(3 -1.945639289e-14 0)
(3 -1.617965512e-14 0)
(3 8.317079818e-15 0)
(3 1.016227895e-14 0)
(3 1.238101755e-14 0)
(3 1.252272087e-14 0)
(3 1.196666394e-14 0)
(3 9.515854802e-15 0)
(3 5.22503345e-15 0)
(3 1.846024214e-15 0)
(3 8.028069402e-16 0)
(3 3.211579812e-16 0)
(3 -5.750987872e-16 0)
(3 -9.048136682e-16 0)
(3 -9.425259517e-16 0)
(3 -1.514377737e-15 0)
(3 4.91767323e-17 0)
(3 -7.689833485e-16 0)
(3 -4.325237995e-15 0)
(3 -5.347640709e-15 0)
(3 -4.968318149e-15 0)
(3 -4.694735014e-15 0)
(3 -4.232837599e-15 0)
(3 -3.698938968e-15 0)
(3 -4.61237558e-15 0)
(3 -5.803708977e-15 0)
(3 -8.045872923e-15 0)
(3 -8.795507455e-15 0)
(3 -6.621648542e-15 0)
(3 -5.561133092e-15 0)
(3 -5.629006902e-15 0)
(3 -4.118458883e-15 0)
(3 -3.269160155e-15 0)
(3 -1.864892952e-15 0)
(3 -1.019390299e-15 0)
(3 -3.309299373e-15 0)
(3 -3.627483035e-15 0)
(3 -3.551484554e-15 0)
(3 -5.049797389e-15 0)
(3 -7.771815494e-15 0)
(3 -9.733470587e-15 0)
(3 -1.170255637e-14 0)
(3 -1.529260349e-14 0)
(3 -1.8179875e-14 0)
(3 -2.102604851e-14 0)
(3 -2.10841516e-14 0)
(3 -1.974410102e-14 0)
(3 -1.849483522e-14 0)
(3 -1.737434265e-14 0)
(3 -1.537077716e-14 0)
(3 -1.764727214e-14 0)
(3 -2.390567889e-14 0)
(3 -2.635583881e-14 0)
(3 -2.656635493e-14 0)
(3 -2.347475067e-14 0)
(3 -1.908512017e-14 0)
(3 -1.742376046e-14 0)
(3 -1.874325419e-14 0)
(3 -1.947767321e-14 0)
(3 -1.888625051e-14 0)
(3 -1.781988191e-14 0)
(3 -1.769889818e-14 0)
(3 -1.796144867e-14 0)
(3 -1.824900156e-14 0)
(3 -1.808473763e-14 0)
(3 -1.847064343e-14 0)
(3 -1.857721749e-14 0)
(3 -1.434782273e-14 0)
(3 -1.196712537e-14 0)
(3 1.27416349e-14 0)
(3 1.406325494e-14 0)
(3 1.260857966e-14 0)
(3 1.093216909e-14 0)
(3 1.083335483e-14 0)
(3 8.743399763e-15 0)
(3 5.725881001e-15 0)
(3 2.798582616e-15 0)
(3 -2.312541128e-16 0)
(3 -1.987821657e-15 0)
(3 -3.134400899e-15 0)
(3 -3.350709204e-15 0)
(3 -3.840738433e-15 0)
(3 -7.559569766e-15 0)
(3 -8.97294669e-15 0)
(3 -1.127347708e-14 0)
(3 -1.522083423e-14 0)
(3 -1.362548263e-14 0)
(3 -1.343538354e-14 0)
(3 -1.436530662e-14 0)
(3 -1.309508119e-14 0)
(3 -8.920735847e-15 0)
(3 -7.190312427e-15 0)
(3 -6.919122191e-15 0)
(3 -6.741537466e-15 0)
(3 -7.099440292e-15 0)
(3 -6.762631694e-15 0)
(3 -4.547015475e-15 0)
(3 -4.367210868e-15 0)
(3 -6.100668513e-15 0)
(3 -6.430421063e-15 0)
(3 -8.16397679e-15 0)
(3 -1.012734873e-14 0)
(3 -1.030837947e-14 0)
(3 -9.943153087e-15 0)
(3 -1.038273967e-14 0)
(3 -1.242080284e-14 0)
(3 -1.373937747e-14 0)
(3 -1.332069473e-14 0)
(3 -1.340151915e-14 0)
(3 -1.506407515e-14 0)
(3 -1.726114521e-14 0)
(3 -1.866216029e-14 0)
(3 -2.114723038e-14 0)
(3 -2.117262275e-14 0)
(3 -1.820537478e-14 0)
(3 -1.553282174e-14 0)
(3 -1.423539176e-14 0)
(3 -1.454166477e-14 0)
(3 -1.656811778e-14 0)
(3 -1.761709334e-14 0)
(3 -1.730598001e-14 0)
(3 -1.383855375e-14 0)
(3 -7.694301682e-15 0)
(3 -7.713651088e-15 0)
(3 -1.20418543e-14 0)
(3 -1.602588522e-14 0)
(3 -1.678357654e-14 0)
(3 -1.618945939e-14 0)
(3 -1.525259237e-14 0)
(3 -1.424478328e-14 0)
(3 -1.321743497e-14 0)
(3 -1.257857217e-14 0)
(3 -1.095799756e-14 0)
(3 -1.001475765e-14 0)
(3 -9.526486572e-15 0)
(3 -9.721447757e-15 0)
(3 9.078763587e-15 0)
(3 9.843272248e-15 0)
(3 9.312543884e-15 0)
(3 9.199010583e-15 0)
(3 1.106385525e-14 0)
(3 8.406640975e-15 0)
(3 3.989761402e-15 0)
(3 1.242246966e-15 0)
(3 -3.728873876e-15 0)
(3 -5.348074696e-15 0)
(3 -8.302433384e-15 0)
(3 -9.382897528e-15 0)
(3 -1.127615007e-14 0)
(3 -1.364484487e-14 0)
(3 -1.555960327e-14 0)
(3 -1.637287659e-14 0)
(3 -1.610772427e-14 0)
(3 -1.572742817e-14 0)
(3 -1.471542641e-14 0)
(3 -1.406482031e-14 0)
(3 -1.107150648e-14 0)
(3 -7.290471039e-15 0)
(3 -6.206240794e-15 0)
(3 -1.005312548e-14 0)
(3 -1.147641644e-14 0)
(3 -1.101610166e-14 0)
(3 -1.118390553e-14 0)
(3 -1.100481345e-14 0)
(3 -1.082930462e-14 0)
(3 -1.101590154e-14 0)
(3 -1.291390089e-14 0)
(3 -1.600879462e-14 0)
(3 -1.831432722e-14 0)
(3 -1.7047399e-14 0)
(3 -1.505264678e-14 0)
(3 -1.518842125e-14 0)
(3 -1.489503214e-14 0)
(3 -1.471792959e-14 0)
(3 -1.286657209e-14 0)
(3 -1.276637434e-14 0)
(3 -1.327574695e-14 0)
(3 -1.411316131e-14 0)
(3 -1.542089963e-14 0)
(3 -1.700098135e-14 0)
(3 -1.782925138e-14 0)
(3 -1.704968346e-14 0)
(3 -1.580678365e-14 0)
(3 -1.467254405e-14 0)
(3 -1.431156946e-14 0)
(3 -1.41217121e-14 0)
(3 -1.449286257e-14 0)
(3 -1.177946022e-14 0)
(3 -1.889723661e-15 0)
(3 -1.63322712e-15 0)
(3 -2.454533381e-15 0)
(3 -7.469710412e-15 0)
(3 -1.196365587e-14 0)
(3 -1.275371476e-14 0)
(3 -1.162687556e-14 0)
(3 -9.683453912e-15 0)
(3 -8.898567498e-15 0)
(3 -9.124543738e-15 0)
(3 -8.994069087e-15 0)
(3 -7.694428956e-15 0)
(3 -6.388993606e-15 0)
(3 -5.416905536e-15 0)
(3 -5.401210944e-15 0)
(3 3.084400803e-16 0)
(3 1.62833914e-15 0)
(3 3.185859839e-15 0)
(3 5.796409984e-15 0)
(3 5.8526392e-15 0)
(3 4.584111687e-15 0)
(3 3.767883345e-15 0)
(3 4.303989548e-15 0)
(3 1.872371265e-15 0)
(3 -3.74360594e-15 0)
(3 -8.659420148e-15 0)
(3 -1.170349106e-14 0)
(3 -1.328945252e-14 0)
(3 -1.340770221e-14 0)
(3 -1.417648615e-14 0)
(3 -1.408178073e-14 0)
(3 -1.427487418e-14 0)
(3 -1.42980921e-14 0)
(3 -1.370174875e-14 0)
(3 -1.256369677e-14 0)
(3 -1.209109061e-14 0)
(3 -1.257587734e-14 0)
(3 -1.30773499e-14 0)
(3 -1.714802418e-14 0)
(3 -1.846060839e-14 0)
(3 -1.482100676e-14 0)
(3 -1.097512446e-14 0)
(3 -1.306933682e-14 0)
(3 -1.484435362e-14 0)
(3 -1.686015673e-14 0)
(3 -1.895438336e-14 0)
(3 -2.104451832e-14 0)
(3 -2.310988395e-14 0)
(3 -2.371825197e-14 0)
(3 -2.364388717e-14 0)
(3 -1.98902981e-14 0)
(3 -1.736346726e-14 0)
(3 -1.536314626e-14 0)
(3 -1.452069752e-14 0)
(3 -1.39179747e-14 0)
(3 -1.402677008e-14 0)
(3 -1.473646913e-14 0)
(3 -1.532976161e-14 0)
(3 -1.531220039e-14 0)
(3 -1.262258987e-14 0)
(3 -1.15124843e-14 0)
(3 -1.000771462e-14 0)
(3 -1.112609405e-14 0)
(3 -1.068448065e-14 0)
(3 -1.059578209e-14 0)
(3 -7.148227497e-15 0)
(3 -7.059060723e-16 0)
(3 -1.334681789e-15 0)
(3 -1.024159461e-15 0)
(3 -2.529277036e-15 0)
(3 -5.465248823e-15 0)
(3 -8.141244887e-15 0)
(3 -9.015811201e-15 0)
(3 -9.009997208e-15 0)
(3 -8.619648784e-15 0)
(3 -7.593819818e-15 0)
(3 -7.086063096e-15 0)
(3 -5.835845561e-15 0)
(3 -4.792164006e-15 0)
(3 -3.763275522e-15 0)
(3 -2.04673571e-15 0)
(3 2.934564012e-17 0)
(3 -5.209926354e-15 0)
(3 -2.684162494e-15 0)
(3 1.424923028e-15 0)
(3 4.333336299e-15 0)
(3 5.102063038e-15 0)
(3 5.470618552e-15 0)
(3 6.454279488e-15 0)
(3 6.629405022e-15 0)
(3 5.24056022e-15 0)
(3 2.689031568e-15 0)
(3 -8.832482801e-16 0)
(3 -8.009328358e-15 0)
(3 -1.317893746e-14 0)
(3 -1.506189303e-14 0)
(3 -1.528938112e-14 0)
(3 -1.547798204e-14 0)
(3 -1.455659376e-14 0)
(3 -1.371369107e-14 0)
(3 -1.352567878e-14 0)
(3 -1.320539518e-14 0)
(3 -1.248485359e-14 0)
(3 -1.358174843e-14 0)
(3 -1.576766019e-14 0)
(3 -1.726333593e-14 0)
(3 -1.918305056e-14 0)
(3 -2.21629017e-14 0)
(3 -2.218534016e-14 0)
(3 -2.029372929e-14 0)
(3 -1.69667494e-14 0)
(3 -1.787873779e-14 0)
(3 -2.11023829e-14 0)
(3 -2.301763676e-14 0)
(3 -2.409744817e-14 0)
(3 -2.53434343e-14 0)
(3 -2.531636455e-14 0)
(3 -2.263983425e-14 0)
(3 -2.090649251e-14 0)
(3 -1.779619318e-14 0)
(3 -1.722355919e-14 0)
(3 -1.515274965e-14 0)
(3 -1.387759034e-14 0)
(3 -1.26340578e-14 0)
(3 -1.138834811e-14 0)
(3 -8.180785047e-15 0)
(3 -5.728410253e-15 0)
(3 -4.867737592e-15 0)
(3 -4.098165467e-15 0)
(3 -1.591219702e-15 0)
(3 2.587793473e-15 0)
(3 5.289775611e-15 0)
(3 1.104623808e-14 0)
(3 1.040717335e-14 0)
(3 4.609109422e-15 0)
(3 6.190158811e-16 0)
(3 -1.403254307e-15 0)
(3 -1.392968999e-15 0)
(3 -6.153110593e-16 0)
(3 -7.536664534e-17 0)
(3 -3.047457548e-15 0)
(3 -5.666357113e-15 0)
(3 -4.569320778e-15 0)
(3 -3.586977345e-15 0)
(3 -2.191212303e-15 0)
(3 -1.889817969e-16 0)
(3 2.003832379e-15 0)
(3 2.977339705e-15 0)
(3 4.515513884e-15 0)
(3 -3.191323252e-16 0)
(3 1.381942173e-15 0)
(3 1.458044641e-15 0)
(3 2.069222326e-15 0)
(3 2.377651973e-15 0)
(3 2.188826348e-15 0)
(3 9.884383569e-16 0)
(3 1.815754412e-15 0)
(3 2.069440739e-15 0)
(3 9.08284596e-16 0)
(3 -2.408380196e-15 0)
(3 -5.593000735e-15 0)
(3 -9.30516454e-15 0)
(3 -1.134378887e-14 0)
(3 -1.220990905e-14 0)
(3 -1.148841656e-14 0)
(3 -1.142458734e-14 0)
(3 -1.148138463e-14 0)
(3 -1.203135757e-14 0)
(3 -1.318271898e-14 0)
(3 -1.314566849e-14 0)
(3 -1.370112641e-14 0)
(3 -1.618773044e-14 0)
(3 -1.789230704e-14 0)
(3 -2.126133013e-14 0)
(3 -2.682480401e-14 0)
(3 -2.959389832e-14 0)
(3 -2.970984616e-14 0)
(3 -2.802308154e-14 0)
(3 -2.660464742e-14 0)
(3 -2.622276587e-14 0)
(3 -2.622126713e-14 0)
(3 -2.601363932e-14 0)
(3 -2.418033316e-14 0)
(3 -2.25152164e-14 0)
(3 -2.42855017e-14 0)
(3 -2.459435177e-14 0)
(3 -2.041676594e-14 0)
(3 -1.696162204e-14 0)
(3 -1.347710129e-14 0)
(3 -1.189894049e-14 0)
(3 -8.547291934e-15 0)
(3 -4.462077307e-15 0)
(3 -4.509471226e-16 0)
(3 1.627206005e-15 0)
(3 2.524858773e-15 0)
(3 2.936328949e-15 0)
(3 4.74963655e-15 0)
(3 8.428814118e-15 0)
(3 1.29359284e-14 0)
(3 1.577436992e-14 0)
(3 1.459619304e-14 0)
(3 9.439360024e-15 0)
(3 3.235397801e-15 0)
(3 1.572618715e-15 0)
(3 2.730468994e-15 0)
(3 5.254707075e-15 0)
(3 5.15072891e-15 0)
(3 2.246086901e-15 0)
(3 1.528810366e-15 0)
(3 3.867682083e-15 0)
(3 4.62744978e-15 0)
(3 5.834155395e-15 0)
(3 5.844001417e-15 0)
(3 6.253372338e-15 0)
(3 5.105790351e-15 0)
(3 3.721005294e-15 0)
(3 8.552552641e-15 0)
(3 5.805488995e-15 0)
(3 3.964021455e-15 0)
(3 1.426308682e-15 0)
(3 1.287355071e-15 0)
(3 1.531658174e-15 0)
(3 1.95318879e-15 0)
(3 4.505110733e-15 0)
(3 7.603358679e-15 0)
(3 6.766691433e-15 0)
(3 4.707399142e-15 0)
(3 1.437499518e-15 0)
(3 -3.321076994e-15 0)
(3 -8.869347192e-15 0)
(3 -1.068427188e-14 0)
(3 -1.43968929e-14 0)
(3 -1.491626324e-14 0)
(3 -1.417275322e-14 0)
(3 -1.467922901e-14 0)
(3 -1.525998826e-14 0)
(3 -1.51561903e-14 0)
(3 -1.560409429e-14 0)
(3 -1.81519034e-14 0)
(3 -2.2769035e-14 0)
(3 -2.821455864e-14 0)
(3 -3.148993457e-14 0)
(3 -3.329681572e-14 0)
(3 -3.505062769e-14 0)
(3 -3.739859216e-14 0)
(3 -3.607349852e-14 0)
(3 -3.242894996e-14 0)
(3 -3.07330701e-14 0)
(3 -2.88235169e-14 0)
(3 -3.133534007e-14 0)
(3 -3.078171075e-14 0)
(3 -2.886261126e-14 0)
(3 -2.526731755e-14 0)
(3 -2.070435154e-14 0)
(3 -1.664530136e-14 0)
(3 -1.112325611e-14 0)
(3 -5.238666789e-15 0)
(3 -1.516074093e-15 0)
(3 6.86506561e-16 0)
(3 3.049034759e-15 0)
(3 5.552333181e-15 0)
(3 8.517116078e-15 0)
(3 1.197235049e-14 0)
(3 1.252074204e-14 0)
(3 1.288275991e-14 0)
(3 1.369891759e-14 0)
(3 1.567017985e-14 0)
(3 1.48925126e-14 0)
(3 1.260421703e-14 0)
(3 9.64689189e-15 0)
(3 6.795620042e-15 0)
(3 7.443066073e-15 0)
(3 8.799057037e-15 0)
(3 8.768391957e-15 0)
(3 9.972244817e-15 0)
(3 1.320421429e-14 0)
(3 1.328921222e-14 0)
(3 1.276038406e-14 0)
(3 1.168033037e-14 0)
(3 1.08799421e-14 0)
(3 9.31518629e-15 0)
(3 7.846166772e-15 0)
(3 7.157915649e-15 0)
(3 1.644800789e-14 0)
(3 8.624655526e-15 0)
(3 4.553503957e-15 0)
(3 2.848107019e-15 0)
(3 2.735785379e-15 0)
(3 4.361233531e-15 0)
(3 7.674416828e-15 0)
(3 8.943593583e-15 0)
(3 9.190048669e-15 0)
(3 7.796427135e-15 0)
(3 7.342382259e-15 0)
(3 4.491327469e-15 0)
(3 1.203212621e-15 0)
(3 -7.357385929e-16 0)
(3 -3.333807125e-15 0)
(3 -7.958914695e-15 0)
(3 -1.08914544e-14 0)
(3 -1.395152499e-14 0)
(3 -1.813739761e-14 0)
(3 -2.014723947e-14 0)
(3 -2.18317166e-14 0)
(3 -2.520697116e-14 0)
(3 -2.632161112e-14 0)
(3 -3.036705872e-14 0)
(3 -3.35386501e-14 0)
(3 -3.435353604e-14 0)
(3 -3.466300713e-14 0)
(3 -3.582633931e-14 0)
(3 -3.691619492e-14 0)
(3 -3.943993993e-14 0)
(3 -3.983043947e-14 0)
(3 -3.935350378e-14 0)
(3 -3.793452996e-14 0)
(3 -3.46890328e-14 0)
(3 -3.244899626e-14 0)
(3 -2.84397692e-14 0)
(3 -2.246902778e-14 0)
(3 -1.950735501e-14 0)
(3 -1.363350616e-14 0)
(3 -5.460093202e-15 0)
(3 -3.341989599e-15 0)
(3 7.479738101e-16 0)
(3 2.265758836e-15 0)
(3 5.932871503e-15 0)
(3 9.137788147e-15 0)
(3 1.443350153e-14 0)
(3 1.797645972e-14 0)
(3 1.850846913e-14 0)
(3 1.770446796e-14 0)
(3 1.782774919e-14 0)
(3 1.805354799e-14 0)
(3 1.640142412e-14 0)
(3 1.569914907e-14 0)
(3 1.601510067e-14 0)
(3 1.54219105e-14 0)
(3 1.545905633e-14 0)
(3 1.685432249e-14 0)
(3 2.053906945e-14 0)
(3 2.312661477e-14 0)
(3 2.26288213e-14 0)
(3 2.044063575e-14 0)
(3 1.893746524e-14 0)
(3 1.66611234e-14 0)
(3 1.390923467e-14 0)
(3 1.215405017e-14 0)
(3 8.365742454e-15 0)
(3 4.617337137e-15 0)
(3 2.094876489e-14 0)
(3 1.828624296e-14 0)
(3 1.399272976e-14 0)
(3 9.539111839e-15 0)
(3 7.044376082e-15 0)
(3 7.640686957e-15 0)
(3 7.078351438e-15 0)
(3 6.283442951e-15 0)
(3 6.27655928e-15 0)
(3 6.847310676e-15 0)
(3 6.550833017e-15 0)
(3 4.877007971e-15 0)
(3 3.352826164e-15 0)
(3 2.394312596e-15 0)
(3 -2.475346617e-18 0)
(3 -5.214723525e-15 0)
(3 -8.933019253e-15 0)
(3 -1.385707116e-14 0)
(3 -1.936289997e-14 0)
(3 -2.320528712e-14 0)
(3 -2.885532775e-14 0)
(3 -3.10432002e-14 0)
(3 -3.171664313e-14 0)
(3 -3.263898689e-14 0)
(3 -3.082751309e-14 0)
(3 -3.017148703e-14 0)
(3 -3.020291594e-14 0)
(3 -3.107592157e-14 0)
(3 -3.248418344e-14 0)
(3 -3.450281882e-14 0)
(3 -3.619819609e-14 0)
(3 -3.783951226e-14 0)
(3 -3.824729512e-14 0)
(3 -3.676781686e-14 0)
(3 -3.186503903e-14 0)
(3 -2.612646007e-14 0)
(3 -2.029305334e-14 0)
(3 -1.693488772e-14 0)
(3 -1.08770756e-14 0)
(3 -5.314719452e-15 0)
(3 -4.114776428e-16 0)
(3 1.874466958e-15 0)
(3 6.357886426e-15 0)
(3 1.143059301e-14 0)
(3 1.73157765e-14 0)
(3 2.158142789e-14 0)
(3 2.25651901e-14 0)
(3 2.280282581e-14 0)
(3 2.208149622e-14 0)
(3 2.204357982e-14 0)
(3 2.121350733e-14 0)
(3 2.250868378e-14 0)
(3 2.024027589e-14 0)
(3 2.049941011e-14 0)
(3 2.227621581e-14 0)
(3 2.218796731e-14 0)
(3 2.532328536e-14 0)
(3 2.63963516e-14 0)
(3 2.606055997e-14 0)
(3 2.515952577e-14 0)
(3 2.413479646e-14 0)
(3 2.295563645e-14 0)
(3 2.023895522e-14 0)
(3 1.808750847e-14 0)
(3 1.709378023e-14 0)
(3 1.222120592e-14 0)
(3 4.410079606e-15 0)
(3 2.283920647e-14 0)
(3 2.267564293e-14 0)
(3 1.933543518e-14 0)
(3 1.200209346e-14 0)
(3 1.037430418e-14 0)
(3 1.097559062e-14 0)
(3 6.065049371e-15 0)
(3 3.231232119e-15 0)
(3 2.682425193e-15 0)
(3 4.143247932e-15 0)
(3 4.631247303e-15 0)
(3 4.194170362e-15 0)
(3 2.972032211e-15 0)
(3 9.318248744e-16 0)
(3 -2.906396746e-15 0)
(3 -7.374535092e-15 0)
(3 -1.270684342e-14 0)
(3 -1.807935746e-14 0)
(3 -2.316875999e-14 0)
(3 -2.737589571e-14 0)
(3 -2.961952245e-14 0)
(3 -3.319629689e-14 0)
(3 -3.806181256e-14 0)
(3 -3.792485657e-14 0)
(3 -3.583990776e-14 0)
(3 -3.287561373e-14 0)
(3 -3.177869227e-14 0)
(3 -3.230489946e-14 0)
(3 -3.237704529e-14 0)
(3 -3.224092959e-14 0)
(3 -3.116166886e-14 0)
(3 -2.825235126e-14 0)
(3 -2.741722279e-14 0)
(3 -2.643392484e-14 0)
(3 -2.314539279e-14 0)
(3 -2.261625386e-14 0)
(3 -2.081517744e-14 0)
(3 -1.666636224e-14 0)
(3 -1.092007256e-14 0)
(3 -6.151095667e-15 0)
(3 -2.74285205e-15 0)
(3 -9.040140952e-16 0)
(3 3.398323751e-15 0)
(3 1.254793276e-14 0)
(3 1.870483539e-14 0)
(3 1.871775719e-14 0)
(3 2.04452361e-14 0)
(3 2.209305083e-14 0)
(3 2.411752453e-14 0)
(3 2.472600553e-14 0)
(3 2.701699627e-14 0)
(3 2.640913124e-14 0)
(3 2.452994435e-14 0)
(3 2.465155996e-14 0)
(3 2.555599009e-14 0)
(3 2.459292729e-14 0)
(3 2.507354465e-14 0)
(3 2.655302602e-14 0)
(3 2.72038305e-14 0)
(3 2.86828179e-14 0)
(3 2.875073514e-14 0)
(3 2.82160767e-14 0)
(3 2.547119408e-14 0)
(3 2.252246536e-14 0)
(3 2.146483348e-14 0)
(3 1.606756997e-14 0)
(3 5.478231721e-15 0)
(3 1.369441457e-14 0)
(3 1.623818692e-14 0)
(3 1.499579586e-14 0)
(3 1.33033871e-14 0)
(3 1.462889739e-14 0)
(3 1.441511372e-14 0)
(3 1.170779153e-14 0)
(3 8.701920213e-15 0)
(3 5.567723408e-15 0)
(3 5.318464707e-15 0)
(3 4.900522032e-15 0)
(3 3.211711943e-15 0)
(3 1.080956536e-15 0)
(3 -3.591227783e-15 0)
(3 -7.036408734e-15 0)
(3 -8.270658099e-15 0)
(3 -1.025700249e-14 0)
(3 -1.337682937e-14 0)
(3 -1.784210935e-14 0)
(3 -2.025629043e-14 0)
(3 -2.293502764e-14 0)
(3 -2.640845176e-14 0)
(3 -2.891732257e-14 0)
(3 -3.193137494e-14 0)
(3 -3.395074965e-14 0)
(3 -3.514598197e-14 0)
(3 -3.620789708e-14 0)
(3 -3.598383897e-14 0)
(3 -3.384185052e-14 0)
(3 -2.84948679e-14 0)
(3 -2.484025963e-14 0)
(3 -2.129972767e-14 0)
(3 -1.978905384e-14 0)
(3 -1.928390964e-14 0)
(3 -1.89314797e-14 0)
(3 -1.84170925e-14 0)
(3 -1.724045321e-14 0)
(3 -1.469322821e-14 0)
(3 -7.295029126e-15 0)
(3 -4.387702011e-15 0)
(3 -1.545370594e-15 0)
(3 2.20891268e-15 0)
(3 5.928977925e-15 0)
(3 1.277592263e-14 0)
(3 1.927048317e-14 0)
(3 2.061507059e-14 0)
(3 2.109914539e-14 0)
(3 2.321144339e-14 0)
(3 2.754989789e-14 0)
(3 3.052907397e-14 0)
(3 3.023089599e-14 0)
(3 2.994099688e-14 0)
(3 3.009936277e-14 0)
(3 3.084142121e-14 0)
(3 3.174350144e-14 0)
(3 3.330746757e-14 0)
(3 3.211881861e-14 0)
(3 3.160905321e-14 0)
(3 3.096403018e-14 0)
(3 2.9105589e-14 0)
(3 2.767097472e-14 0)
(3 2.698376161e-14 0)
(3 2.690710467e-14 0)
(3 2.716688824e-14 0)
(3 2.364602438e-14 0)
(3 1.214083911e-14 0)
(3 7.359495601e-15 0)
(3 1.452411147e-14 0)
(3 1.49177727e-14 0)
(3 1.612583736e-14 0)
(3 1.934059116e-14 0)
(3 2.2010382e-14 0)
(3 1.526163963e-14 0)
(3 1.014702496e-14 0)
(3 8.919294919e-15 0)
(3 9.121876555e-15 0)
(3 7.095396953e-15 0)
(3 5.668513436e-15 0)
(3 4.467690231e-15 0)
(3 1.507177683e-15 0)
(3 -4.910209868e-16 0)
(3 -2.41439864e-15 0)
(3 -2.982807491e-15 0)
(3 -4.737342164e-15 0)
(3 -8.060203936e-15 0)
(3 -1.133710524e-14 0)
(3 -1.394638179e-14 0)
(3 -1.555603504e-14 0)
(3 -1.636903884e-14 0)
(3 -1.720438894e-14 0)
(3 -2.051796711e-14 0)
(3 -2.457626091e-14 0)
(3 -2.619017828e-14 0)
(3 -2.571063843e-14 0)
(3 -2.495009395e-14 0)
(3 -2.285807844e-14 0)
(3 -2.089914481e-14 0)
(3 -1.554005473e-14 0)
(3 -1.390193013e-14 0)
(3 -1.261840362e-14 0)
(3 -1.183206632e-14 0)
(3 -1.176802071e-14 0)
(3 -1.22360789e-14 0)
(3 -1.200642713e-14 0)
(3 -9.696961802e-15 0)
(3 -2.83568204e-15 0)
(3 -7.08459064e-16 0)
(3 3.988705411e-15 0)
(3 6.74308666e-15 0)
(3 1.020930219e-14 0)
(3 1.357530611e-14 0)
(3 1.567686183e-14 0)
(3 1.878778753e-14 0)
(3 2.028665239e-14 0)
(3 2.197064088e-14 0)
(3 2.549891958e-14 0)
(3 2.644279899e-14 0)
(3 2.694362041e-14 0)
(3 2.830028356e-14 0)
(3 2.972875924e-14 0)
(3 3.238058304e-14 0)
(3 3.311329055e-14 0)
(3 3.215170934e-14 0)
(3 3.060913509e-14 0)
(3 2.922100485e-14 0)
(3 2.962813083e-14 0)
(3 2.863739856e-14 0)
(3 2.808490407e-14 0)
(3 2.788692015e-14 0)
(3 3.013139908e-14 0)
(3 3.136470299e-14 0)
(3 2.379405339e-14 0)
(3 1.482357544e-14 0)
(3 1.39932975e-14 0)
(3 7.920468443e-15 0)
(3 9.07733662e-15 0)
(3 1.072037713e-14 0)
(3 1.270833055e-14 0)
(3 1.572798288e-14 0)
(3 1.681014818e-14 0)
(3 1.677930952e-14 0)
(3 1.474425841e-14 0)
(3 1.190141066e-14 0)
(3 1.132013191e-14 0)
(3 1.35611683e-14 0)
(3 1.406025928e-14 0)
(3 1.024643386e-14 0)
(3 7.805047879e-15 0)
(3 4.071986996e-15 0)
(3 1.324434207e-15 0)
(3 -2.930782466e-15 0)
(3 -6.139024835e-15 0)
(3 -5.611614418e-15 0)
(3 -8.02252493e-15 0)
(3 -1.036723918e-14 0)
(3 -1.191181357e-14 0)
(3 -1.182825574e-14 0)
(3 -1.450772727e-14 0)
(3 -1.491975307e-14 0)
(3 -1.461311198e-14 0)
(3 -1.451392945e-14 0)
(3 -1.539153934e-14 0)
(3 -1.484246086e-14 0)
(3 -1.139622564e-14 0)
(3 -5.454976164e-15 0)
(3 -2.554783272e-15 0)
(3 -2.971428489e-15 0)
(3 -4.473484854e-15 0)
(3 -7.786286751e-15 0)
(3 -9.068515832e-15 0)
(3 -8.836569023e-15 0)
(3 -6.819045064e-15 0)
(3 -1.435202058e-15 0)
(3 -1.002377211e-15 0)
(3 2.163815525e-15 0)
(3 5.346077818e-15 0)
(3 7.119392997e-15 0)
(3 6.067821057e-15 0)
(3 7.036877689e-15 0)
(3 9.526890097e-15 0)
(3 1.15026177e-14 0)
(3 1.596153973e-14 0)
(3 1.90836082e-14 0)
(3 2.093395807e-14 0)
(3 2.343425882e-14 0)
(3 2.478442651e-14 0)
(3 2.784748162e-14 0)
(3 3.196821541e-14 0)
(3 3.486469325e-14 0)
(3 3.566426625e-14 0)
(3 3.210415374e-14 0)
(3 3.127818601e-14 0)
(3 3.167449945e-14 0)
(3 2.84481762e-14 0)
(3 2.725208847e-14 0)
(3 2.609431711e-14 0)
(3 2.587711291e-14 0)
(3 2.391940442e-14 0)
(3 1.533310806e-14 0)
(3 1.088743062e-14 0)
(3 1.066858489e-14 0)
(3 -9.392080881e-16 0)
(3 1.675853524e-15 0)
(3 3.567014806e-15 0)
(3 3.502444138e-15 0)
(3 6.462380481e-15 0)
(3 8.12926754e-15 0)
(3 8.564757189e-15 0)
(3 8.512307521e-15 0)
(3 8.141045983e-15 0)
(3 7.73429634e-15 0)
(3 7.583741429e-15 0)
(3 8.339428966e-15 0)
(3 8.282188975e-15 0)
(3 7.844418001e-15 0)
(3 6.284770432e-15 0)
(3 5.315193185e-15 0)
(3 5.206842966e-15 0)
(3 2.263242401e-15 0)
(3 -2.328830606e-16 0)
(3 -3.241621128e-16 0)
(3 -8.289621166e-17 0)
(3 4.957397818e-16 0)
(3 -2.311302772e-15 0)
(3 -3.857342951e-15 0)
(3 -3.480452189e-15 0)
(3 -3.913392705e-15 0)
(3 -3.958415447e-15 0)
(3 -5.199251945e-15 0)
(3 -6.767274307e-15 0)
(3 -7.346461965e-15 0)
(3 -3.198349522e-15 0)
(3 -7.162881634e-17 0)
(3 1.2247233e-15 0)
(3 1.205870218e-15 0)
(3 4.651252475e-17 0)
(3 2.829788837e-17 0)
(3 9.569922807e-16 0)
(3 9.687903881e-16 0)
(3 1.401255853e-15 0)
(3 2.094870826e-15 0)
(3 2.122881142e-15 0)
(3 2.852388444e-15 0)
(3 2.17982032e-15 0)
(3 3.007574268e-15 0)
(3 6.671279277e-15 0)
(3 9.232427008e-15 0)
(3 1.120597123e-14 0)
(3 1.155171953e-14 0)
(3 1.211447534e-14 0)
(3 1.560860622e-14 0)
(3 1.674208938e-14 0)
(3 1.804869117e-14 0)
(3 2.065575197e-14 0)
(3 2.420129147e-14 0)
(3 2.760093021e-14 0)
(3 2.811025292e-14 0)
(3 2.70657104e-14 0)
(3 2.725726481e-14 0)
(3 2.780953828e-14 0)
(3 2.766079574e-14 0)
(3 2.413432685e-14 0)
(3 2.089739685e-14 0)
(3 1.590528705e-14 0)
(3 1.523358046e-14 0)
(3 1.456662402e-14 0)
(3 1.251545548e-14 0)
(3 1.090034153e-14 0)
(3 -3.722168977e-15 0)
(3 -1.231043709e-15 0)
(3 2.29731788e-15 0)
(3 3.286785209e-15 0)
(3 3.306195632e-15 0)
(3 3.602083653e-15 0)
(3 4.171380391e-15 0)
(3 7.539126353e-15 0)
(3 1.203917755e-14 0)
(3 1.2616431e-14 0)
(3 1.067083277e-14 0)
(3 8.975351824e-15 0)
(3 7.672013019e-15 0)
(3 6.60238703e-15 0)
(3 7.12155074e-15 0)
(3 9.499654204e-15 0)
(3 1.088673605e-14 0)
(3 1.020814102e-14 0)
(3 9.929967836e-15 0)
(3 1.163878056e-14 0)
(3 1.159617152e-14 0)
(3 1.140449149e-14 0)
(3 1.023012664e-14 0)
(3 9.199359857e-15 0)
(3 7.602144373e-15 0)
(3 7.400254015e-15 0)
(3 7.892947782e-15 0)
(3 9.074475498e-15 0)
(3 8.965284234e-15 0)
(3 7.756337504e-15 0)
(3 7.587025796e-15 0)
(3 8.154061502e-15 0)
(3 7.642058511e-15 0)
(3 7.613411829e-15 0)
(3 6.665578954e-15 0)
(3 5.495788511e-15 0)
(3 4.095804959e-15 0)
(3 4.979537477e-15 0)
(3 5.576300112e-15 0)
(3 5.522555589e-15 0)
(3 4.55809054e-15 0)
(3 3.974010734e-15 0)
(3 3.224648936e-15 0)
(3 3.161388972e-15 0)
(3 3.635376817e-15 0)
(3 6.102516525e-15 0)
(3 9.232829413e-15 0)
(3 1.001552889e-14 0)
(3 9.914764268e-15 0)
(3 1.13306238e-14 0)
(3 1.313378387e-14 0)
(3 1.415405996e-14 0)
(3 1.439694733e-14 0)
(3 1.61015617e-14 0)
(3 1.7920506e-14 0)
(3 1.840837973e-14 0)
(3 2.102235177e-14 0)
(3 2.31056769e-14 0)
(3 2.511708646e-14 0)
(3 2.457198827e-14 0)
(3 1.57784695e-14 0)
(3 1.133151016e-14 0)
(3 1.120485941e-14 0)
(3 1.132941024e-14 0)
(3 1.117649729e-14 0)
(3 1.042763963e-14 0)
(3 1.119278891e-14 0)
(3 -4.037306109e-15 0)
(3 -3.827968333e-15 0)
(3 -3.169108356e-15 0)
(3 -1.746270321e-15 0)
(3 2.608899866e-16 0)
(3 3.638194624e-15 0)
(3 4.46305682e-15 0)
(3 7.368813329e-15 0)
(3 1.075239504e-14 0)
(3 1.181600687e-14 0)
(3 1.111686695e-14 0)
(3 8.869520817e-15 0)
(3 7.735768308e-15 0)
(3 7.50434821e-15 0)
(3 7.070150916e-15 0)
(3 1.134913138e-14 0)
(3 1.856293068e-14 0)
(3 2.358159045e-14 0)
(3 2.231187772e-14 0)
(3 1.800994918e-14 0)
(3 1.554609118e-14 0)
(3 1.368729408e-14 0)
(3 1.402328056e-14 0)
(3 1.549128938e-14 0)
(3 1.714365275e-14 0)
(3 1.780905842e-14 0)
(3 1.6935594e-14 0)
(3 1.751629308e-14 0)
(3 1.843170548e-14 0)
(3 1.670236432e-14 0)
(3 1.49477874e-14 0)
(3 1.513864962e-14 0)
(3 1.513572494e-14 0)
(3 1.271276122e-14 0)
(3 1.226823063e-14 0)
(3 1.294844538e-14 0)
(3 1.220164735e-14 0)
(3 9.717859582e-15 0)
(3 7.09957709e-15 0)
(3 5.029932439e-15 0)
(3 3.38487672e-15 0)
(3 2.008308876e-15 0)
(3 2.77664414e-15 0)
(3 6.280876875e-15 0)
(3 8.71524217e-15 0)
(3 1.285925895e-14 0)
(3 1.567276216e-14 0)
(3 1.448948389e-14 0)
(3 1.30068921e-14 0)
(3 1.057849608e-14 0)
(3 1.008672252e-14 0)
(3 8.110420176e-15 0)
(3 7.617820293e-15 0)
(3 5.755607192e-15 0)
(3 4.691048062e-15 0)
(3 5.445670698e-15 0)
(3 1.241340138e-14 0)
(3 1.568182226e-14 0)
(3 1.692195125e-14 0)
(3 1.394655346e-14 0)
(3 1.095381761e-14 0)
(3 9.316514822e-15 0)
(3 9.72524188e-15 0)
(3 1.187481538e-14 0)
(3 1.223297708e-14 0)
(3 1.029654491e-14 0)
(3 8.203329116e-15 0)
(3 -8.230753838e-15 0)
(3 -9.277607481e-15 0)
(3 -1.121804415e-14 0)
(3 -1.166388573e-14 0)
(3 -3.763507517e-15 0)
(3 2.904374979e-15 0)
(3 4.71406436e-15 0)
(3 5.789745996e-15 0)
(3 6.605153893e-15 0)
(3 8.234008311e-15 0)
(3 8.787282573e-15 0)
(3 9.355519535e-15 0)
(3 1.112545061e-14 0)
(3 1.440927206e-14 0)
(3 1.536539743e-14 0)
(3 1.635333225e-14 0)
(3 1.842529118e-14 0)
(3 2.221814735e-14 0)
(3 2.399759546e-14 0)
(3 2.425294332e-14 0)
(3 2.287201931e-14 0)
(3 2.187139163e-14 0)
(3 2.368026342e-14 0)
(3 2.659750088e-14 0)
(3 3.016471463e-14 0)
(3 3.207056774e-14 0)
(3 3.060614383e-14 0)
(3 3.108771432e-14 0)
(3 3.350773358e-14 0)
(3 3.269515908e-14 0)
(3 2.981066601e-14 0)
(3 2.888776866e-14 0)
(3 2.701524001e-14 0)
(3 2.357795845e-14 0)
(3 2.299137673e-14 0)
(3 2.182733928e-14 0)
(3 1.904088747e-14 0)
(3 1.648772841e-14 0)
(3 1.233244017e-14 0)
(3 7.406181176e-15 0)
(3 6.808129108e-15 0)
(3 6.271310869e-15 0)
(3 5.762011728e-15 0)
(3 7.633155458e-15 0)
(3 6.705636234e-15 0)
(3 7.568132309e-15 0)
(3 1.042493045e-14 0)
(3 1.094489343e-14 0)
(3 5.892964093e-15 0)
(3 2.106899183e-15 0)
(3 -2.431938088e-15 0)
(3 -5.49938152e-15 0)
(3 -4.471345433e-15 0)
(3 -4.100747173e-15 0)
(3 -3.576324703e-15 0)
(3 5.762329495e-16 0)
(3 4.026228647e-15 0)
(3 4.090997104e-15 0)
(3 2.869322053e-15 0)
(3 3.892874063e-15 0)
(3 3.954660984e-15 0)
(3 4.54132585e-15 0)
(3 4.477362246e-15 0)
(3 5.933202061e-15 0)
(3 7.864765022e-15 0)
(3 5.241837444e-15 0)
(3 3.28187699e-15 0)
(3 -1.294714824e-14 0)
(3 -1.278687336e-14 0)
(3 -1.365624953e-14 0)
(3 -1.231650583e-14 0)
(3 -2.310154276e-15 0)
(3 5.652023741e-15 0)
(3 7.56640621e-15 0)
(3 8.894677388e-15 0)
(3 1.021522624e-14 0)
(3 1.202291118e-14 0)
(3 1.388061296e-14 0)
(3 1.550172067e-14 0)
(3 1.670218489e-14 0)
(3 2.137847414e-14 0)
(3 2.523030925e-14 0)
(3 2.846094637e-14 0)
(3 2.960458567e-14 0)
(3 3.030940008e-14 0)
(3 2.998147072e-14 0)
(3 2.985316403e-14 0)
(3 2.974180058e-14 0)
(3 3.211417063e-14 0)
(3 3.328127765e-14 0)
(3 3.41161847e-14 0)
(3 3.678814167e-14 0)
(3 3.81417067e-14 0)
(3 3.815244885e-14 0)
(3 4.172400005e-14 0)
(3 4.634064352e-14 0)
(3 4.500612127e-14 0)
(3 4.029891797e-14 0)
(3 3.568580102e-14 0)
(3 3.28987763e-14 0)
(3 3.228766294e-14 0)
(3 3.120827177e-14 0)
(3 2.906240289e-14 0)
(3 2.730694902e-14 0)
(3 2.623022984e-14 0)
(3 2.069009844e-14 0)
(3 1.385288498e-14 0)
(3 1.160312046e-14 0)
(3 9.726034113e-15 0)
(3 7.887688268e-15 0)
(3 5.899212715e-15 0)
(3 1.683793803e-15 0)
(3 5.384987891e-17 0)
(3 -3.013712228e-16 0)
(3 -2.172152477e-15 0)
(3 -3.819857951e-15 0)
(3 -6.219765476e-15 0)
(3 -7.305014438e-15 0)
(3 -6.78867479e-15 0)
(3 -6.697221028e-15 0)
(3 -7.584740717e-15 0)
(3 -1.043475753e-14 0)
(3 -9.404023326e-15 0)
(3 -6.211077329e-15 0)
(3 -5.544868455e-15 0)
(3 -9.634677537e-15 0)
(3 -7.741988725e-15 0)
(3 -4.493682487e-15 0)
(3 -2.32278125e-15 0)
(3 -1.460851806e-15 0)
(3 -3.242434614e-16 0)
(3 6.897312715e-16 0)
(3 1.597379693e-15 0)
(3 -3.244134026e-15 0)
(3 -1.241086202e-15 0)
(3 -1.40676988e-15 0)
(3 9.791003141e-16 0)
(3 2.546997834e-15 0)
(3 1.827384479e-15 0)
(3 4.096540063e-15 0)
(3 7.470462584e-15 0)
(3 8.927854242e-15 0)
(3 9.396088251e-15 0)
(3 1.015936911e-14 0)
(3 1.076757962e-14 0)
(3 1.663507194e-14 0)
(3 1.921199859e-14 0)
(3 2.330614299e-14 0)
(3 2.617267279e-14 0)
(3 2.787048337e-14 0)
(3 2.839162692e-14 0)
(3 2.809339348e-14 0)
(3 2.711769725e-14 0)
(3 2.59796841e-14 0)
(3 2.826357459e-14 0)
(3 3.375119248e-14 0)
(3 3.539232741e-14 0)
(3 3.525674943e-14 0)
(3 3.500087839e-14 0)
(3 3.659374609e-14 0)
(3 4.071081847e-14 0)
(3 4.35500627e-14 0)
(3 4.416159051e-14 0)
(3 4.345749144e-14 0)
(3 4.095954776e-14 0)
(3 3.713928841e-14 0)
(3 3.517781052e-14 0)
(3 3.436429114e-14 0)
(3 3.202302658e-14 0)
(3 2.907246844e-14 0)
(3 2.448436686e-14 0)
(3 2.078779063e-14 0)
(3 1.880010931e-14 0)
(3 1.156689237e-14 0)
(3 8.055373558e-15 0)
(3 5.941315509e-15 0)
(3 2.946728701e-15 0)
(3 -8.290366228e-16 0)
(3 -3.487784789e-15 0)
(3 -6.394746111e-15 0)
(3 -8.430717349e-15 0)
(3 -1.088438642e-14 0)
(3 -1.189203324e-14 0)
(3 -1.312287416e-14 0)
(3 -1.31111909e-14 0)
(3 -1.173208562e-14 0)
(3 -1.311176546e-14 0)
(3 -1.406945874e-14 0)
(3 -1.680837231e-14 0)
(3 -1.875269802e-14 0)
(3 -1.754695012e-14 0)
(3 -1.778587122e-14 0)
(3 -2.13245893e-14 0)
(3 -1.963159083e-14 0)
(3 -1.391743568e-14 0)
(3 -1.271182761e-14 0)
(3 -1.090089266e-14 0)
(3 -9.386320189e-15 0)
(3 -7.489023708e-15 0)
(3 -6.324494057e-15 0)
(3 -6.75342202e-15 0)
(3 -8.184891682e-15 0)
(3 -3.415426532e-15 0)
(3 -3.386316516e-15 0)
(3 -3.336499697e-15 0)
(3 -3.731106668e-15 0)
(3 -3.053361819e-15 0)
(3 2.518902249e-15 0)
(3 6.640188695e-15 0)
(3 9.958812331e-15 0)
(3 1.058188854e-14 0)
(3 1.002774025e-14 0)
(3 1.262900329e-14 0)
(3 1.705384112e-14 0)
(3 1.823596064e-14 0)
(3 1.907306591e-14 0)
(3 2.007346266e-14 0)
(3 2.008522641e-14 0)
(3 2.052567584e-14 0)
(3 2.498984839e-14 0)
(3 2.824697628e-14 0)
(3 3.145452468e-14 0)
(3 3.523950446e-14 0)
(3 3.728244922e-14 0)
(3 3.866132539e-14 0)
(3 3.89195993e-14 0)
(3 3.858318648e-14 0)
(3 3.858992471e-14 0)
(3 3.845295882e-14 0)
(3 3.544192445e-14 0)
(3 3.336336825e-14 0)
(3 3.63654444e-14 0)
(3 3.892838347e-14 0)
(3 3.585857799e-14 0)
(3 3.089564362e-14 0)
(3 2.817789784e-14 0)
(3 2.645282826e-14 0)
(3 2.56029544e-14 0)
(3 2.59114134e-14 0)
(3 1.96824719e-14 0)
(3 1.42900562e-14 0)
(3 1.253950271e-14 0)
(3 7.928967186e-15 0)
(3 4.385936569e-15 0)
(3 1.461950165e-15 0)
(3 -2.254135488e-15 0)
(3 -6.071605523e-15 0)
(3 -7.830691658e-15 0)
(3 -1.377248837e-14 0)
(3 -1.603878951e-14 0)
(3 -1.592664133e-14 0)
(3 -1.721932467e-14 0)
(3 -2.116569748e-14 0)
(3 -2.514360633e-14 0)
(3 -2.660142935e-14 0)
(3 -2.600286892e-14 0)
(3 -2.485636363e-14 0)
(3 -2.481497441e-14 0)
(3 -2.729390112e-14 0)
(3 -2.916832043e-14 0)
(3 -2.50364617e-14 0)
(3 -2.146269281e-14 0)
(3 -2.157110289e-14 0)
(3 -2.001558706e-14 0)
(3 -1.671441137e-14 0)
(3 -1.453898746e-14 0)
(3 -1.195909728e-14 0)
(3 -9.928545059e-15 0)
(3 7.236781296e-15 0)
(3 9.61288648e-15 0)
(3 1.009368311e-14 0)
(3 1.050653817e-14 0)
(3 1.079186136e-14 0)
(3 1.158623414e-14 0)
(3 1.400782714e-14 0)
(3 1.761579435e-14 0)
(3 2.133659618e-14 0)
(3 2.734287999e-14 0)
(3 2.913244817e-14 0)
(3 2.989863543e-14 0)
(3 2.959734852e-14 0)
(3 3.060115298e-14 0)
(3 3.20159979e-14 0)
(3 3.290331825e-14 0)
(3 3.25815649e-14 0)
(3 3.270368643e-14 0)
(3 3.314670106e-14 0)
(3 3.272393159e-14 0)
(3 3.043780349e-14 0)
(3 2.917616457e-14 0)
(3 3.178248321e-14 0)
(3 3.312904005e-14 0)
(3 2.856613703e-14 0)
(3 2.603175677e-14 0)
(3 2.52663759e-14 0)
(3 2.42406335e-14 0)
(3 2.417052137e-14 0)
(3 1.922378729e-14 0)
(3 1.073385698e-14 0)
(3 2.190204286e-15 0)
(3 -4.656655147e-16 0)
(3 -2.13178117e-15 0)
(3 -9.527224752e-15 0)
(3 -1.216793148e-14 0)
(3 -1.403581457e-14 0)
(3 -1.755332948e-14 0)
(3 -2.117041282e-14 0)
(3 -2.276110575e-14 0)
(3 -2.460171312e-14 0)
(3 -2.468757185e-14 0)
(3 -2.530157016e-14 0)
(3 -2.753016166e-14 0)
(3 -2.932106042e-14 0)
(3 -2.99778293e-14 0)
(3 -2.934445063e-14 0)
(3 -3.192972074e-14 0)
(3 -3.513303024e-14 0)
(3 -3.712180218e-14 0)
(3 -3.018463544e-14 0)
(3 -2.348926804e-14 0)
(3 -2.2671338e-14 0)
(3 -2.088258446e-14 0)
(3 -1.450957985e-14 0)
(3 -1.20243316e-14 0)
(3 -1.25720351e-14 0)
(3 -1.153034451e-14 0)
(3 2.366415892e-14 0)
(3 2.393689239e-14 0)
(3 2.574865674e-14 0)
(3 2.537387718e-14 0)
(3 2.706960451e-14 0)
(3 2.708740622e-14 0)
(3 2.706736177e-14 0)
(3 2.717238561e-14 0)
(3 2.749371347e-14 0)
(3 2.845020935e-14 0)
(3 2.899646004e-14 0)
(3 2.690765341e-14 0)
(3 2.248745597e-14 0)
(3 2.297635419e-14 0)
(3 2.432260371e-14 0)
(3 2.105989322e-14 0)
(3 1.539614604e-14 0)
(3 1.386910643e-14 0)
(3 1.438769202e-14 0)
(3 1.405273418e-14 0)
(3 1.285920099e-14 0)
(3 9.765486836e-15 0)
(3 6.326732876e-15 0)
(3 5.306747259e-15 0)
(3 4.528521039e-15 0)
(3 -6.259555383e-15 0)
(3 -1.850156036e-14 0)
(3 -2.27168074e-14 0)
(3 -2.664333911e-14 0)
(3 -2.887079096e-14 0)
(3 -3.080312657e-14 0)
(3 -3.193793486e-14 0)
(3 -3.329823208e-14 0)
(3 -3.497634406e-14 0)
(3 -3.850697662e-14 0)
(3 -4.107677158e-14 0)
(3 -4.251650715e-14 0)
(3 -4.234987238e-14 0)
(3 -3.982217106e-14 0)
(3 -3.776897726e-14 0)
(3 -3.509007142e-14 0)
(3 -2.911477884e-14 0)
(3 -2.262666921e-14 0)
(3 -2.078203111e-14 0)
(3 -2.060414892e-14 0)
(3 -1.825919082e-14 0)
(3 -1.510003257e-14 0)
(3 -1.377734282e-14 0)
(3 -9.509963235e-15 0)
(3 2.588898624e-14 0)
(3 2.397827832e-14 0)
(3 1.732166835e-14 0)
(3 1.521287825e-14 0)
(3 1.191331449e-14 0)
(3 1.139133889e-14 0)
(3 1.048620262e-14 0)
(3 8.103019206e-15 0)
(3 7.453138119e-15 0)
(3 8.130829235e-15 0)
(3 8.28045835e-15 0)
(3 7.804847981e-15 0)
(3 5.916687311e-15 0)
(3 2.415434612e-15 0)
(3 -5.677019455e-16 0)
(3 -3.143319373e-15 0)
(3 -8.260218063e-15 0)
(3 -1.872570783e-14 0)
(3 -2.904225646e-14 0)
(3 -3.165723871e-14 0)
(3 -3.396250949e-14 0)
(3 -3.580711401e-14 0)
(3 -3.642619708e-14 0)
(3 -3.774970304e-14 0)
(3 -3.793838107e-14 0)
(3 -3.921888249e-14 0)
(3 -4.362094107e-14 0)
(3 -4.464143999e-14 0)
(3 -4.431972863e-14 0)
(3 -4.224921435e-14 0)
(3 -4.158984633e-14 0)
(3 -4.017593667e-14 0)
(3 -3.764778944e-14 0)
(3 -3.701236562e-14 0)
(3 -3.522113618e-14 0)
(3 -3.170162093e-14 0)
(3 -2.922111938e-14 0)
(3 -2.505392218e-14 0)
(3 -2.257856515e-14 0)
(3 -1.733662737e-14 0)
(3 4.167836024e-15 0)
(3 1.991883689e-15 0)
(3 1.587403693e-15 0)
(3 1.952228512e-15 0)
(3 -1.152992041e-16 0)
(3 -3.671821312e-15 0)
(3 -6.647429876e-15 0)
(3 -1.11380971e-14 0)
(3 -1.244837624e-14 0)
(3 -1.717987659e-14 0)
(3 -2.777308516e-14 0)
(3 -3.180218008e-14 0)
(3 -3.141663084e-14 0)
(3 -3.309133025e-14 0)
(3 -3.610408688e-14 0)
(3 -3.604621092e-14 0)
(3 -3.531441005e-14 0)
(3 -3.556614916e-14 0)
(3 -3.59236579e-14 0)
(3 -3.753490879e-14 0)
(3 -3.895210472e-14 0)
(3 -4.02226471e-14 0)
(3 -4.071346279e-14 0)
(3 -3.986680711e-14 0)
(3 -3.861405635e-14 0)
(3 -3.592889835e-14 0)
(3 -3.098359481e-14 0)
(3 -2.527275601e-14 0)
(3 -1.88238317e-14 0)
(3 -1.321024035e-14 0)
(3 -9.20893765e-15 0)
(3 -4.956080126e-15 0)
(3 -1.896486061e-14 0)
(3 -2.419497471e-14 0)
(3 -2.748932715e-14 0)
(3 -2.836364264e-14 0)
(3 -2.680202469e-14 0)
(3 -2.672631687e-14 0)
(3 -2.736919567e-14 0)
(3 -2.776002124e-14 0)
(3 -2.857086859e-14 0)
(3 -2.835975997e-14 0)
(3 -2.854699813e-14 0)
(3 -2.894085838e-14 0)
(3 -3.110948655e-14 0)
(3 -3.280275316e-14 0)
(3 -3.519044027e-14 0)
(3 -3.794071783e-14 0)
(3 -3.864834352e-14 0)
(3 -3.468660129e-14 0)
(3 -2.627228663e-14 0)
(3 -2.055534452e-14 0)
(3 -1.67215897e-14 0)
(3 8.755212689e-16 0)
(3 2.074902714e-14 0)
(3 -2.226084668e-14 0)
(3 -2.293655448e-14 0)
(3 -2.318130366e-14 0)
(3 -2.350246945e-14 0)
(3 -2.233357133e-14 0)
(3 -2.333711275e-14 0)
(3 -2.861130563e-14 0)
(3 -3.160881712e-14 0)
(3 -2.839707004e-14 0)
(3 -2.172884739e-14 0)
(3 -1.646586046e-14 0)
(3 4.704697274e-14 0)
(3 1.3197502e-13 0)
(3 2.40390176e-12 0)
(3 6.909620517e-12 0)
(3 1.304157883e-13 0)
(3 6.206776233e-13 0)
(3 2.158636601e-12 0)
(3 6.997763381e-12 0)
(3 3.398691847e-11 0)
(3 3.387392934e-11 0)
(3.000000005 7.769104231e-09 0)
)
;

boundaryField
{
    inlet
    {
        type            fixedValue;
        value           nonuniform 0();
    }
    outlet
    {
        type            inletOutlet;
        inletValue      nonuniform 0();
        value           nonuniform 0();
    }
    bottom
    {
        type            slip;
    }
    top
    {
        type            slip;
    }
    obstacle
    {
        type            slip;
    }
    defaultFaces
    {
        type            empty;
    }
    procBoundary8to1
    {
        type            processor;
        value           nonuniform List<vector> 3((3 -9.302653478e-15 0) (3 -1.777284412e-14 0) (3 -2.173493367e-14 0));
    }
    procBoundary8to2
    {
        type            processor;
        value           nonuniform List<vector> 
71
(
(3 -4.64935609e-15 0)
(3 -7.5333709e-16 0)
(3 8.861393899e-17 0)
(3 -2.195529136e-16 0)
(3 -5.770529401e-15 0)
(3 -5.770529401e-15 0)
(3 -5.11000801e-15 0)
(3 -3.279609833e-15 0)
(3 3.667506305e-16 0)
(3 2.711755728e-15 0)
(3 2.828415838e-15 0)
(3 -1.113078008e-15 0)
(3 -4.416734869e-15 0)
(3 -8.786388958e-15 0)
(3 -9.763954777e-15 0)
(3 -7.156117537e-15 0)
(3 -6.460066869e-15 0)
(3 -7.95149621e-15 0)
(3 -7.643273172e-15 0)
(3 -6.53443899e-15 0)
(3 -5.67801211e-15 0)
(3 -5.298219183e-15 0)
(3 -4.685449036e-15 0)
(3 -8.358028339e-16 0)
(3 -8.358028339e-16 0)
(3 -2.040425105e-15 0)
(3 -2.838573698e-15 0)
(3 -1.211099644e-15 0)
(3 3.904683454e-16 0)
(3 8.373421894e-17 0)
(3 -7.935460182e-16 0)
(3 -4.886053371e-15 0)
(3 -6.05085424e-15 0)
(3 -7.108726886e-15 0)
(3 -9.953117359e-15 0)
(3 -1.181949687e-14 0)
(3 -1.237428587e-14 0)
(3 -1.011430207e-14 0)
(3 -3.991606199e-15 0)
(3 -2.420952624e-15 0)
(3 -7.461943694e-16 0)
(3 -3.900803316e-16 0)
(3 -6.551288399e-15 0)
(3 -6.551288399e-15 0)
(3 -3.791857186e-15 0)
(3 -3.07726855e-15 0)
(3 -3.572446886e-15 0)
(3 -5.87152648e-15 0)
(3 -6.169458127e-15 0)
(3 -5.800685003e-15 0)
(3 -5.424239443e-15 0)
(3 -5.312946353e-15 0)
(3 -5.677173245e-15 0)
(3 -6.212650828e-15 0)
(3 -6.18779395e-15 0)
(3 -7.346467165e-15 0)
(3 -1.035933376e-14 0)
(3 -8.226025932e-15 0)
(3 -5.130257069e-15 0)
(3 -1.3933291e-14 0)
(3 -1.3933291e-14 0)
(3 -7.951845232e-15 0)
(3 -7.34119783e-15 0)
(3 -6.79736076e-15 0)
(3 -3.31188891e-15 0)
(3 -1.87863759e-15 0)
(3 -4.823489237e-16 0)
(3 7.245582876e-16 0)
(3 6.700912428e-15 0)
(3 1.073548457e-14 0)
(3 1.336780051e-14 0)
)
;
    }
    procBoundary8to3
    {
        type            processor;
        value           nonuniform List<vector> 
27
(
(3 1.506669546e-14 0)
(3 7.48399482e-15 0)
(3 2.687383215e-15 0)
(3 -3.257803572e-15 0)
(3 -9.12805082e-15 0)
(3 -1.132164972e-14 0)
(3 -1.309195684e-14 0)
(3 -1.208913554e-14 0)
(3 -1.12265456e-14 0)
(3 -1.133306668e-14 0)
(3 -5.379839166e-15 0)
(3 -1.954649224e-15 0)
(3 3.820463438e-15 0)
(3 6.147879878e-15 0)
(3 5.782695798e-15 0)
(3 5.654111894e-15 0)
(3 5.00747954e-15 0)
(3 -3.618799294e-15 0)
(3 -3.736494318e-15 0)
(3 2.023801501e-15 0)
(3 6.441925227e-16 0)
(3 9.652490273e-16 0)
(3 2.095881201e-15 0)
(3 -3.892898884e-16 0)
(3 -4.05603092e-15 0)
(3 -7.615123339e-15 0)
(3 -8.508995553e-15 0)
)
;
    }
    procBoundary8to7
    {
        type            processor;
        value           nonuniform List<vector> 
29
(
(3 -2.170200905e-14 0)
(3 -1.234318399e-14 0)
(3 -7.337311008e-15 0)
(3 -7.86476855e-15 0)
(3 -7.94665533e-15 0)
(3 -7.540488602e-15 0)
(3 -8.438977454e-15 0)
(3 -9.003825135e-15 0)
(3 -5.270521327e-15 0)
(3 5.408510597e-15 0)
(3 9.338254547e-15 0)
(3 7.206408764e-15 0)
(3 7.7629371e-16 0)
(3 -5.917644356e-15 0)
(3 -4.591754546e-15 0)
(3 8.257278498e-15 0)
(3 1.875838642e-14 0)
(3 2.254732912e-14 0)
(3 2.355844288e-14 0)
(3 1.341289599e-14 0)
(3 1.337272494e-14 0)
(3 6.739244757e-15 0)
(3 -1.609558983e-15 0)
(3 -4.541755228e-15 0)
(3 -3.107933993e-15 0)
(3 -7.198675659e-15 0)
(3 -1.429343547e-14 0)
(3 -4.67261515e-15 0)
(3 -1.217241164e-14 0)
)
;
    }
    procBoundary8to9
    {
        type            processor;
        value           nonuniform List<vector> 8((3 -1.157220132e-14 0) (3 -1.051845846e-14 0) (3 -9.318053359e-15 0) (3 -8.331594347e-13 0) (3 -1.932083414e-10 0) (2.999999988 -2.627654882e-08 0) (2.99999901 -2.267587964e-06 0) (2.999956035 -0.0001140765674 0));
    }
    procBoundary8to14
    {
        type            processor;
        value           nonuniform List<vector> 
74
(
(3 -2.702997023e-15 0)
(3 -4.378424189e-15 0)
(3 -2.951693211e-15 0)
(3 -2.539569166e-15 0)
(3 -2.877645163e-15 0)
(3 -4.600739248e-15 0)
(3 -2.923154981e-15 0)
(3 -6.514337012e-17 0)
(3 3.311099176e-15 0)
(3 3.311099176e-15 0)
(3 -2.280483976e-15 0)
(3 4.596104836e-15 0)
(3 7.922227124e-15 0)
(3 8.663299158e-15 0)
(3 9.369410456e-15 0)
(3 9.946086669e-15 0)
(3 1.200180573e-14 0)
(3 1.685665123e-14 0)
(3 2.132212938e-14 0)
(3 2.132212938e-14 0)
(3 1.986065582e-14 0)
(3 2.056923169e-14 0)
(3 2.161140175e-14 0)
(3 2.374713629e-14 0)
(3 2.444601103e-14 0)
(3 2.477594595e-14 0)
(3 2.607412734e-14 0)
(3 2.719927991e-14 0)
(3 2.626441228e-14 0)
(3 2.626441228e-14 0)
(3 2.145934902e-14 0)
(3 1.650191367e-14 0)
(3 1.021101979e-14 0)
(3 7.279025111e-15 0)
(3 6.193586704e-15 0)
(3 4.135845666e-15 0)
(3 3.293184125e-15 0)
(3 3.697676723e-15 0)
(3 3.697676723e-15 0)
(3 3.875376405e-16 0)
(3 -1.868338384e-15 0)
(3 -3.275121983e-15 0)
(3 -6.449850485e-15 0)
(3 -8.546775892e-15 0)
(3 -1.08514788e-14 0)
(3 -1.081073989e-14 0)
(3 -9.576076771e-15 0)
(3 -1.112147859e-14 0)
(3 -1.112147859e-14 0)
(3 -1.538291151e-14 0)
(3 -1.621878115e-14 0)
(3 -1.693507289e-14 0)
(3 -1.690839296e-14 0)
(3 -1.543208897e-14 0)
(3 -1.298568886e-14 0)
(3 -1.400027652e-14 0)
(3 -1.954209478e-14 0)
(3 -1.954209478e-14 0)
(3 -1.070985861e-14 0)
(3 -1.132825927e-14 0)
(3 -1.348543134e-14 0)
(3 -1.127244218e-14 0)
(3 -1.226745532e-14 0)
(3 -9.102823171e-15 0)
(3 -5.55388496e-15 0)
(3 -5.944773661e-15 0)
(3 -5.944773661e-15 0)
(3 1.68721096e-11 0)
(3 3.035998099e-11 0)
(3 7.043092444e-11 0)
(3 6.980490907e-11 0)
(3.000000001 1.207044531e-09 0)
(3 1.05808877e-10 0)
(3.000002532 4.303800083e-06 0)
)
;
    }
}


// ************************************************************************* //
