/*--------------------------------*- C++ -*----------------------------------*\
  =========                 |
  \\      /  F ield         | OpenFOAM: The Open Source CFD Toolbox
   \\    /   O peration     | Website:  https://openfoam.org
    \\  /    A nd           | Version:  7
     \\/     M anipulation  |
\*---------------------------------------------------------------------------*/
FoamFile
{
    version     2.0;
    format      ascii;
    class       volScalarField;
    location    "3.9";
    object      p;
}
// * * * * * * * * * * * * * * * * * * * * * * * * * * * * * * * * * * * * * //

dimensions      [1 -1 -2 0 0 0 0];

internalField   nonuniform List<scalar> 
2222
(
1
1
1
1
1
1
1
1
1
1
1
1
1
1
1
1
1
1
1
1
1
1
1
1
1
1
1
1
1
1
1
1
1
1
1
1
1
1
1
1
1
1
1
1
1
1
1
1
1
1
1
1
1
1
1
1
1
1
1
1
1
1
1
1
1
1
1
1
1
1
1
1
1
1
1
1
1
1
1
1
1
1
1
1
1
1
1
1
1
1
1
1
1
1
1
1
1
1
1
1
1
1
1
1
1
1
1
1
1
1
1
1
1
1
1
1
1
1
1
1
1
1
1
1
1
1
1
1
1
1
1
1
1
1
1
1
1
1
1
1
1
1
1
1
1
1
1
1
1
1
1
1
1
1
1
1
1
1
1
1
1
1
1
1
1
1
1
1
1
1
1
1
1
1
1
1
1
1
1
1
1
1
1
1
1
1
1
1
1
1
1
1
1
1
1
1
1
1
1
1
1
1
1
1
1
1
1
1
1
1
1
1
1
1
1
1
1
1
1
1
1
1
1
1
1
1
1
1
1
1
1
1
1
1
1
1
1
1
1
1
1
1
1
1
1
1
1
1
1
1
1
1
1
1
1
1
1
1
1
1
1
1
1
1
1
1
1
1
1
1
1
1
1
1
1
1
1
1
1
1
1
1
1
1
1
1
1
1
1
1
1
1
1
1
1
1
1
1
1
1
1
1
1
1
1
1
1
1
1
1
1
1
1
1
1
1
1
1
1
1
1
1
1
1
1
1
1
1
1
1
1
1
1
1
1
1
1
1
1
1
1
1
1
1
1
1
1
1
1
1
1
1
1
1
1
1
1
1
1
1
1
1
1
1
1
1
1
1
1
1
1
1
1
1
1
1
1
1
1
1
1
1
1
1
1
1
1
1
1
1
1
1
1
1
1
1
1
1
1
1
1
1
1
1
1
1
1
1
1
1
1
1
1
1
1
1
1
1
1
1
1
1
1
1
1
1
1
1
1
1
1
1
1
1
1
1
1
1
1
1
1
1
1
1
1
1
1
1
1
1
1
1
1
1
1
1
1
1
1
1
1
1
1
1
1
1
1
1
1
1
1
1
1
1
1
1
1
1
1
1
1
1
1
1
1
1
1
1
1
1
1
1
1
1
1
1
1
1
1
1
1
1
1
1
1
1
1
1
1
1
1
1
1
1
1
1
1
1
1
1
1
1
1
1
1
1
1
1
1
1
1
1
1
1
1
1
1
1
1
1
1
1
1
1
1
1
1
1
1
1
1
1
1
1
1
1
1
1
1
1
1
1
1
1
1
1
1
1
1
1
1
1
1
1
1
1
1
1
1
1
1
1
1
1
1
1
1
1
1
1
1
1
1
1
1
1
1
1
1
1
1
1
1
1
1
1
1
1
1
1
1
1
1
1
1
1
1
1
1
1
1
1
1
1
1
1
1
1
1
1
1
1
1
1
1
1
1
1
1
1
1
1
1
1
1
1
1
1
1
1
1
1
1
1
1
1
1
1
1
1
1
1
1
1
1
1
1
1
1
1
1
1
1
1
1
1
1
1
1
1
1
1
1
1
1
1
1
1
1
1
1
1
1
1
1
1
1
1
1
1
1
1
1
1
1
1
1
1
1
1
1
1
1
1
1
1
1
1
1
1
1
1
1
1
1
1
1
1
1
1
1
1
1
1
1
1
1
1
1
1
1
1
1
1
1
1
1
1
1
1
1
1
1
1
1
1
1
1
1
1
1
1
1
1
1
1
1
1
1
1
1
1
1
1
1
1
1
1
1
1
1
1
1
1
1
1
1
1
1
1
1
1
1
1
1
1
1
1
1
1
1
1
1
1
1
1
1
1
1
1
1
1
1
1
1
1
1
1
1
1
1
1
1
1
1
1
1
1
1
1
1
1
1
1
1
1
1
1
1
1
1
1
1
1
1
1
1
1
1
1
1
1
1
1
1
1
1
1
1
1
1
1
1
1
1
1
1
1
1
1
1
1
1
1
1
1
1
1
1
1
1
1
1
1
1
1
1
1
1
1
1
1
1
1
1
1
1
1
1
1
1
1
1
1
1
1
1
1
1
1
1
1
1
1
1
1
1
1
1
1
1
1
1
1
1
1
1
1
1
1
1
1
1
1
1
1
1
1
1
1
1
1
1
1
1
1
1
1
1
1
1
1
1
1
1
1
1
1
1
1
1
1
1
1
1
1
1
1
1
1
1
1
1
1
1
1
1
1
1
1
1
1
1
1
1
1
1
1
1
1
1
1
1
1
1
1
1
1
1
1
1
1
1
1
1
1
1
1
1
1
1
1
1
1
1
1
1
1
1
1
1
1
1
1
1
1
1
1
1
1
1
1
1
1
1
1
1
1
1
1
1
1
1
1
1
1
1
1
1
1
1
1
1
1
1
1
1
1
1
1
1
1
1
1
1
1
1
1
1
1
1
1
1
1
1
1
1
1
1
1
1
1
1
1
1
1
1
1
1
1
1
1
1
1
1
1
1
1
1
1
1
1
1
1
1
1
1
1
1
1
1
1
1
1
1
1
1
1
1
1
1
1
1
1
1
1
1
1
1
1
1
1
1
1
1
1
1
1
1
1
1
1
1
1
1
1
1
1
1
1
1
1
1
1
1
1
1
1
1
1
1
1
1
1
1
1
1
1
1
1
1
1
1
1
1
1
1
1
1
1
1
1
1
1
1
1
1
1
1
1
1
1
1
1
1
1
1
1
1
1
1
1
1
1
1
1
1
1
1
1
1
1
1
1
1
1
1
1
1
1
1
1
1
1
1
1
1
1
1
1
1
1
1
1
1
1
1
1
1
1
1
1
1
1
1
1
1
1
1
1
1
1
1
1
1
1
1
1
1
1
1.000000001
1
1
1
1
1
1
1
1
1
1
1
1
1
1
1
1
1
1
1
1
1
1
1
1
1
1
1
1
1
1
1
1
1
1
1.000000001
1.000000042
1
1
1
1
1
1
1
1
1
1
1
1
1
1
1
1
1
1
1
1
1
1
1
1
1
1
1
1
1
1
1
1
1
1.000000001
1.000000035
1.000001062
1
1
1
1
1
1
1
1
1
1
1
1
1
1
1
1
1
1
1
1
1
1
1
1
1
1
1
1
1
1
1
1
1.000000001
1.000000044
1.000001022
1.000018741
1
1
1
1
1
1
1
1
1
1
1
1
1
1
1
1
1
1
1
1
1
1
1
1
1
1
1
1
1
1
1
1.000000001
1.000000037
1.000001107
1.000020142
1.000232797
1
1
1
1
1
1
1
1
1
1
1
1
1
1
1
1
1
1
1
1
1
1
1
1
1
1
1
1
1
1
1.000000001
1.000000046
1.000001051
1.000019455
1.000268617
1.002111112
1
1
1
1
1
1
1
1
1
1
1
1
1
1
1
1
1
1
1
1
1
1
1
1
1
1
1
1
1
1.000000001
1.000000038
1.000001143
1.000020667
1.00024027
1.002507809
1.013182504
1
1
1
1
1
1
1
1
1
1
1
1
1
1
1
1
1
1
1
1
1
1
1
1
1
1
1
1
1.000000001
1.000000047
1.000001074
1.000020065
1.00027437
1.00216734
1.015460865
1.056319859
1
1
1
1
1
1
1
1
1
1
1
1
1
1
1
1
1
1
1
1
1
1
1
1
1
1
1
1.000000001
1.000000038
1.000001169
1.000021129
1.000247149
1.002556228
1.01345482
1.062860559
1.158353955
1
1
1
1
1
1
1
1
1
1
1
1
1
1
1
1
1
1
1
1
1
1
1
1
1
1
1.000000001
1.000000047
1.000001096
1.000020678
1.000281011
1.002228487
1.015741016
1.057293362
1.16143704
1.300619605
1
1
1
1
1
1
1
1
1
1
1
1
1
1
1
1
1
1
1
1
1
1
1
1
1
1.000000001
1.000000038
1.000001212
1.000021803
1.000256002
1.002622775
1.013807248
1.063936889
1.160511518
1.275710894
1.388293961
1
1
1
1
1
1
1
1
1
1
1
1
1
1
1
1
1
1
1
1
1
1
1
1
1.000000001
1.000000048
1.000001128
1.000021505
1.000290284
1.002305385
1.016112596
1.058467342
1.163641832
1.303158688
1.363254814
1.404666075
1
1
1
1
1
1
1
1
1
1
1
1
1
1
1
1
1
1
1
1
1
1
1
1.000000001
1.000000038
1.000001242
1.000022384
1.000264306
1.002696316
1.014172988
1.065102802
1.162456814
1.277814777
1.390037339
1.429312782
1.435940608
1
1
1
1
1
1
1
1
1
1
1
1
1
1
1
1
1
1
1
1
1
1
1.000000001
1.000000048
1.00000114
1.000022099
1.000296889
1.00236385
1.016456002
1.059595413
1.165420697
1.304481862
1.364141599
1.406181962
1.44356008
1.450136438
1
1
1
1
1
1
1
1
1
1
1
1
1
1
1
1
1
1
1
1
1
1.000000001
1.000000038
1.00000127
1.00002289
1.000272702
1.002756781
1.01448032
1.066262511
1.164532814
1.279128631
1.390032563
1.429625409
1.436746534
1.444963997
1.450407486
1
1
1
1
1
1
1
1
1
1
1
1
1
1
1
1
1
1
1
1
1.000000001
1.000000049
1.00000116
1.000022919
1.000305541
1.002445362
1.016809651
1.060776022
1.167898102
1.306632785
1.364416567
1.405771358
1.443708969
1.450339553
1.450456938
1.449840924
1
1
1
1
1
1
1
1
1
1
1
1
1
1
1
1
1
1
1
1.000000001
1.000000038
1.000001319
1.000023612
1.000283371
1.002838572
1.014915644
1.067488533
1.167095477
1.282084975
1.391365042
1.428922393
1.436021524
1.444420511
1.450499216
1.451099806
1.450771584
1
1
1
1
1
1
1
1
1
1
1
1
1
1
1
1
1
1
1.000000001
1.00000005
1.000001183
1.00002387
1.000314682
1.002524367
1.017219982
1.062139183
1.169991387
1.30931272
1.366645665
1.407027106
1.443062513
1.450050448
1.449985693
1.449662722
1.450776175
1.451912894
1
1
1
1
1
1
1
1
1
1
1
1
1
1
1
1
1
1.000000001
1.000000038
1.000001363
1.000024109
1.000292658
1.002901217
1.015242634
1.068825296
1.169196322
1.283751877
1.392883614
1.430482794
1.436934309
1.444573404
1.45024764
1.45104441
1.450812536
1.451342822
1.451561073
1
1
1
1
1
1
1
1
1
1
1
1
1
1
1
1
1.000000001
1.00000005
1.000001184
1.000024581
1.000319065
1.002579038
1.017445129
1.063181012
1.17239415
1.310731419
1.366493162
1.40809946
1.443990611
1.450325493
1.450167197
1.44974776
1.450866044
1.452105836
1.451855948
1.45104565
1
1
1
1
1
1
1
1
1
1
1
1
1
1
1
1.000000001
1.000000037
1.000001381
1.000024083
1.000299151
1.00291166
1.01541271
1.069465538
1.171335331
1.286177836
1.393002013
1.429856596
1.437208628
1.444972549
1.450462712
1.451102484
1.450929089
1.451623116
1.451963575
1.451268499
1.448915876
1
1
1
1
1
1
1
1
1
1
1
1
1
1
1.000000001
1.000000048
1.000001126
1.00002484
1.000318537
1.002615805
1.017407388
1.063609228
1.17378702
1.31314071
1.367390919
1.407810401
1.443493141
1.450439529
1.450357495
1.449959358
1.450843497
1.452302487
1.452412287
1.451773117
1.449505157
1.444377012
1
1
1
1
1
1
1
1
1
1
1
1
1
1.000000001
1.000000035
1.000001346
1.000023202
1.000301959
1.002902425
1.015532026
1.069569115
1.172063518
1.288381757
1.394870673
1.429654675
1.43626279
1.44394011
1.45026083
1.45166637
1.451378284
1.451805958
1.452420407
1.451988741
1.450099968
1.445227917
1.436435886
1
1
1
1
1
1
1
1
1
1
1
1
1.000000001
1.000000043
1.000001053
1.000024908
1.000314102
1.002639615
1.017321918
1.064077665
1.174757121
1.314636476
1.368408123
1.409590005
1.442794928
1.450004982
1.449472826
1.449521374
1.451488549
1.452774149
1.452893933
1.452505052
1.450837911
1.446376607
1.437959429
1.424667608
1
1
1
1
1
1
1
1
1
1
1
1.000000001
1.000000031
1.000001271
1.000021779
1.000305953
1.00287987
1.015609121
1.069615714
1.172688941
1.290887528
1.397698725
1.430629435
1.437085279
1.444026524
1.449980758
1.45138104
1.451217125
1.452118566
1.452850944
1.452594173
1.451284908
1.447350461
1.439378916
1.426838414
1.408304817
1.385436548
1
1
1
1
1
1
1
1
1
1
1.000000001
1.000000036
1.000000926
1.000023902
1.000298783
1.002630757
1.017099396
1.064113816
1.175565206
1.315468624
1.369686156
1.412060566
1.443588637
1.450536003
1.44948595
1.449459231
1.451359626
1.452955956
1.453071716
1.452966359
1.451807855
1.448288982
1.440825632
1.428607451
1.411170493
1.387445031
1.361886315
1
1
1
1
1
1
1
1
1
1.000000001
1.000000024
1.000001075
1.000019022
1.000300712
1.002760526
1.01540099
1.068609581
1.171590378
1.293195263
1.400352875
1.431632703
1.438232099
1.445017011
1.450500124
1.451729344
1.451467866
1.452214106
1.453140691
1.452992669
1.451976378
1.448860304
1.442098072
1.430217246
1.413492043
1.390439951
1.362947918
1.334855919
1
1
1
1
1
1
1
1
1
1.000000027
1.000000749
1.00002155
1.000271689
1.002610976
1.016673696
1.063523122
1.174221087
1.314279479
1.370162075
1.414060637
1.444500501
1.451037052
)
;

boundaryField
{
    inlet
    {
        type            fixedValue;
        value           nonuniform 0();
    }
    outlet
    {
        type            zeroGradient;
    }
    bottom
    {
        type            slip;
    }
    top
    {
        type            slip;
    }
    obstacle
    {
        type            zeroGradient;
    }
    defaultFaces
    {
        type            empty;
    }
    procBoundary3to2
    {
        type            processor;
        value           nonuniform List<scalar> 
35
(
1
1
1
1
1
1
1
1
1
1
1
1
1
1
1
1
1
1
1
1
1
1
1
1
1
1
1
1
1
1
1
1
1
1
1
)
;
    }
    procBoundary3to4
    {
        type            processor;
        value           nonuniform List<scalar> 
62
(
1
1
1
1
1
1
1
1
1
1
1
1
1
1
1
1
1
1
1
1
1
1
1
1
1
1
1
1
1
1
1
1
1
1.000000001
1.000000034
1.000000989
1.000019659
1.000263195
1.002458777
1.015196665
1.061911441
1.159558218
1.273652106
1.361722104
1.428609006
1.443127051
1.444352547
1.450035407
1.450815855
1.450435048
1.451092471
1.451851907
1.450708611
1.448510823
1.443537763
1.435062408
1.422454989
1.405786588
1.405786588
1.35972807
1.331269272
1.299429112
)
;
    }
    procBoundary3to8
    {
        type            processor;
        value           nonuniform List<scalar> 
28
(
1
1
1
1
1
1
1
1
1
1
1
1
1
1
1
1
1
1
1
1
1
1
1
1
1
1
1
1
)
;
    }
    procBoundary3to9
    {
        type            processor;
        value           nonuniform List<scalar> 
38
(
1.449801785
1.450087134
1.451970075
1.453192968
1.453290246
1.453254482
1.452339379
1.449400502
1.443127737
1.431864487
1.415145422
1.393504056
1.364892961
1.336012318
1.304223893
1
1
1
1
1
1
1
1
1.000000018
1.000000882
1.000016428
1.000295034
1.002611907
1.015465049
1.067932657
1.170959498
1.295385608
1.40318903
1.430866539
1.437521807
1.444492153
1.449801785
1.450902799
)
;
    }
}


// ************************************************************************* //
