/*--------------------------------*- C++ -*----------------------------------*\
  =========                 |
  \\      /  F ield         | OpenFOAM: The Open Source CFD Toolbox
   \\    /   O peration     | Website:  https://openfoam.org
    \\  /    A nd           | Version:  7
     \\/     M anipulation  |
\*---------------------------------------------------------------------------*/
FoamFile
{
    version     2.0;
    format      ascii;
    class       volVectorField;
    location    "2.2";
    object      U;
}
// * * * * * * * * * * * * * * * * * * * * * * * * * * * * * * * * * * * * * //

dimensions      [0 1 -1 0 0 0 0];

internalField   nonuniform List<vector> 
2222
(
(3.13459344 -0.9546443558 0)
(3.135670956 -0.9496221967 0)
(3.134452399 -0.9494062016 0)
(3.134604987 -0.9452059058 0)
(3.134460764 -0.9434751379 0)
(3.033064648 -1.246172392 0)
(3.161084948 -1.274253015 0)
(3.336733486 -1.26466869 0)
(3.462859281 -1.288784135 0)
(3.373720706 -1.346276826 0)
(3.187182231 -1.236163213 0)
(3.069183924 -1.145398517 0)
(3.010920493 -1.097847189 0)
(2.993755596 -1.0842011 0)
(2.997193974 -1.081341959 0)
(3.018215819 -1.074135283 0)
(3.04480333 -1.065219855 0)
(3.073830935 -1.060966234 0)
(3.10286069 -1.049746635 0)
(3.118847679 -1.040007419 0)
(3.120601573 -1.031101551 0)
(3.124890163 -1.029036825 0)
(3.132106974 -1.008786802 0)
(3.133485864 -0.9994068028 0)
(3.128713503 -0.9983979713 0)
(3.127967341 -0.99145496 0)
(3.133040588 -0.9807105602 0)
(3.134440015 -0.9752115362 0)
(3.130800532 -0.9741752859 0)
(3.130004568 -0.9698549917 0)
(3.133507215 -0.9618259054 0)
(3.135295594 -0.9563049003 0)
(3.13332047 -0.9539810933 0)
(3.132183854 -0.9517347951 0)
(3.134099782 -0.9457656441 0)
(3.135799878 -0.9422129539 0)
(3.13481803 -0.9406782707 0)
(3.134202958 -0.937126109 0)
(3.134835329 -0.9355419379 0)
(3.030569147 -1.243163642 0)
(3.162703273 -1.279284326 0)
(3.34677387 -1.276331643 0)
(3.472005576 -1.271712553 0)
(3.376557592 -1.332490151 0)
(3.187747746 -1.21901381 0)
(3.063610299 -1.135576468 0)
(3.005862649 -1.099571524 0)
(2.986409406 -1.083901765 0)
(2.993895654 -1.074367195 0)
(3.019557193 -1.063273313 0)
(3.046885336 -1.054501597 0)
(3.075435138 -1.049978646 0)
(3.097260773 -1.044862628 0)
(3.115657106 -1.037150619 0)
(3.119631181 -1.032266549 0)
(3.121328087 -1.029253897 0)
(3.131386916 -1.011071365 0)
(3.135035626 -1.001971245 0)
(3.129247543 -0.9993681115 0)
(3.127834339 -0.9928999281 0)
(3.132632405 -0.9820831637 0)
(3.13516201 -0.9747233975 0)
(3.131521978 -0.970482651 0)
(3.129791701 -0.9643984053 0)
(3.133105598 -0.9571940832 0)
(3.135278901 -0.9531613686 0)
(3.134045035 -0.9523189716 0)
(3.132520421 -0.9463463329 0)
(3.133525136 -0.9441767763 0)
(3.135922846 -0.9426817086 0)
(3.135216287 -0.9370742127 0)
(3.134106854 -0.9362388318 0)
(3.134729191 -0.9317303085 0)
(3.032277583 -1.224717858 0)
(3.155909148 -1.283803433 0)
(3.349992897 -1.286904491 0)
(3.476933942 -1.261503313 0)
(3.38167269 -1.322458865 0)
(3.182560216 -1.20311186 0)
(3.057520487 -1.138208554 0)
(2.994145801 -1.096833822 0)
(2.978957976 -1.073163206 0)
(3.000628122 -1.05974731 0)
(3.029384223 -1.046158714 0)
(3.056430953 -1.038337408 0)
(3.078993056 -1.035837239 0)
(3.100503206 -1.034389887 0)
(3.115758476 -1.024928307 0)
(3.116829192 -1.02498594 0)
(3.120134249 -1.020881295 0)
(3.127736375 -1.008839529 0)
(3.132085366 -0.9999573205 0)
(3.126268448 -0.9966516731 0)
(3.124438912 -0.9910286265 0)
(3.129157022 -0.9805143208 0)
(3.132549919 -0.9734889731 0)
(3.129969637 -0.9705090553 0)
(3.128654443 -0.9658116324 0)
(3.131346081 -0.9593774965 0)
(3.133799626 -0.9540013646 0)
(3.132508188 -0.9518868405 0)
(3.131990741 -0.9470787815 0)
(3.131551509 -0.9450710473 0)
(3.134142434 -0.9404876513 0)
(3.134074123 -0.9373142021 0)
(3.132058298 -0.9362906172 0)
(3.133641902 -0.9320661073 0)
(3.026554593 -1.209058229 0)
(3.143731009 -1.288338118 0)
(3.351950372 -1.2858152 0)
(3.481513586 -1.251968121 0)
(3.403905255 -1.314706375 0)
(3.18392268 -1.198295721 0)
(3.046337911 -1.129698459 0)
(2.993778969 -1.084822182 0)
(2.984560166 -1.057068758 0)
(3.006099865 -1.039481972 0)
(3.034448048 -1.029345878 0)
(3.060559566 -1.021902603 0)
(3.080715216 -1.023137561 0)
(3.104652006 -1.019728743 0)
(3.120683538 -1.011482017 0)
(3.123028919 -1.010487824 0)
(3.124725912 -1.006253763 0)
(3.128335677 -0.9993158011 0)
(3.132925876 -0.9893197523 0)
(3.128885554 -0.9856429732 0)
(3.125384095 -0.9814434568 0)
(3.128600794 -0.9719124411 0)
(3.132761199 -0.9646134642 0)
(3.130000001 -0.9627887551 0)
(3.127209284 -0.9602585319 0)
(3.129092583 -0.9543753394 0)
(3.132695334 -0.9476682528 0)
(3.132884868 -0.9443606502 0)
(3.130974857 -0.9421902148 0)
(3.131226195 -0.9392317518 0)
(3.134574962 -0.9329536692 0)
(3.133889296 -0.9315810225 0)
(3.132285424 -0.9299448032 0)
(3.132458271 -0.9272732946 0)
(3.019084929 -1.207119057 0)
(3.133330292 -1.289139037 0)
(3.360385533 -1.27549237 0)
(3.497264402 -1.245207332 0)
(3.401041221 -1.311432106 0)
(3.176821173 -1.196046545 0)
(3.041486264 -1.112851741 0)
(2.998707247 -1.064232172 0)
(2.988974918 -1.037975791 0)
(3.009165593 -1.023456952 0)
(3.037141098 -1.018917298 0)
(3.063760624 -1.018971642 0)
(3.082861851 -1.020996916 0)
(3.104306414 -1.006340165 0)
(3.120875453 -0.9970042168 0)
(3.128016265 -0.9936666098 0)
(3.127677068 -0.9909997243 0)
(3.131477649 -0.9862332353 0)
(3.136637772 -0.9747982958 0)
(3.134461288 -0.9702665863 0)
(3.129763154 -0.968547078 0)
(3.130808703 -0.9599732885 0)
(3.135805753 -0.9520391548 0)
(3.134419617 -0.9507220443 0)
(3.130502318 -0.9498224787 0)
(3.131036965 -0.9444976148 0)
(3.135009246 -0.937289655 0)
(3.136429123 -0.9337493365 0)
(3.133755587 -0.9328549328 0)
(3.133892387 -0.9291776399 0)
(3.136294633 -0.923426857 0)
(3.136916498 -0.9226994818 0)
(3.135418692 -0.9202513986 0)
(3.134165155 -0.9190340679 0)
(3.136091329 -0.915085666 0)
(3.01248813 -1.206819507 0)
(3.129041933 -1.289134538 0)
(3.373720442 -1.266064348 0)
(3.518738193 -1.259792242 0)
(3.379015332 -1.299667353 0)
(3.167258982 -1.179056153 0)
(3.045896564 -1.094970955 0)
(2.997309801 -1.045578535 0)
(2.990040614 -1.022514251 0)
(3.012403671 -1.019587332 0)
(3.038205854 -1.025538591 0)
(3.061115648 -1.022751297 0)
(3.081945674 -1.019082171 0)
(3.103668482 -1.004284403 0)
(3.120926947 -0.9909710884 0)
(3.127985072 -0.979307644 0)
(3.126919213 -0.9792448325 0)
(3.131193122 -0.9735269482 0)
(3.136805236 -0.9611064893 0)
(3.135576531 -0.9555721482 0)
(3.13066371 -0.9556530569 0)
(3.130826872 -0.9489746052 0)
(3.135512837 -0.9398636623 0)
(3.135965439 -0.9377585121 0)
(3.13292524 -0.9378852518 0)
(3.132660052 -0.9338072351 0)
(3.135666295 -0.9263089812 0)
(3.136857211 -0.922700471 0)
(3.135675419 -0.9226541763 0)
(3.135096273 -0.919509264 0)
(3.135622917 -0.9141796916 0)
(3.137512079 -0.913007656 0)
(3.136470579 -0.9109277035 0)
(3.134985295 -0.9104345463 0)
(3.13577975 -0.9064156936 0)
(3.001140706 -1.216948403 0)
(3.132077585 -1.301139946 0)
(3.381377432 -1.26178408 0)
(3.519739616 -1.26281161 0)
(3.37654143 -1.280764084 0)
(3.165916385 -1.156677063 0)
(3.050114797 -1.074742292 0)
(2.991991963 -1.029280314 0)
(2.991471162 -1.022403926 0)
(3.007669222 -1.024547141 0)
(3.035094436 -1.021267453 0)
(3.061680952 -1.011710609 0)
(3.083538567 -1.006155319 0)
(3.101048833 -1.006045599 0)
(3.121601459 -0.9941614115 0)
(3.128957805 -0.9783793605 0)
(3.12617654 -0.9801376564 0)
(3.130127371 -0.9684129456 0)
(3.13645979 -0.9562763042 0)
(3.136162323 -0.9486585862 0)
(3.130476747 -0.9488763492 0)
(3.129540022 -0.9445267132 0)
(3.134611799 -0.9349964552 0)
(3.135502131 -0.9291475197 0)
(3.132073763 -0.9277208138 0)
(3.13140321 -0.9253411695 0)
(3.134891229 -0.9201747312 0)
(3.136964442 -0.9167281787 0)
(3.134759009 -0.9140807451 0)
(3.13404102 -0.9137111145 0)
(3.135960568 -0.9128370008 0)
(3.137310349 -0.906723534 0)
(3.135962921 -0.9058712987 0)
(3.134371781 -0.9048860243 0)
(3.135096081 -0.9026996277 0)
(2.995726291 -1.226742699 0)
(3.139519151 -1.309857007 0)
(3.387796392 -1.257512803 0)
(3.520490776 -1.251190652 0)
(3.385334057 -1.243481362 0)
(3.166657399 -1.13660762 0)
(3.053594946 -1.060269555 0)
(2.987191009 -1.028014853 0)
(2.982540042 -1.022347 0)
(3.00454491 -1.014996603 0)
(3.041752636 -1.005925796 0)
(3.07075068 -0.992932172 0)
(3.089564664 -0.987595493 0)
(3.101001211 -0.9958717737 0)
(3.120343936 -0.9856576009 0)
(3.126796609 -0.9767956128 0)
(3.123874361 -0.9756970661 0)
(3.127840494 -0.9688472322 0)
(3.134926239 -0.9582630831 0)
(3.135665086 -0.9500978155 0)
(3.129886788 -0.9496283303 0)
(3.127875676 -0.9455040221 0)
(3.132768562 -0.936278588 0)
(3.135219046 -0.9300012767 0)
(3.132729407 -0.9270835519 0)
(3.130461869 -0.9256507898 0)
(3.133280306 -0.9214636523 0)
(3.136647975 -0.9175452734 0)
(3.135373997 -0.9139513843 0)
(3.132692897 -0.9143461659 0)
(3.134266678 -0.9119193744 0)
(3.13699621 -0.9075860435 0)
(3.135714915 -0.9065528205 0)
(3.133790576 -0.9049273311 0)
(3.133953873 -0.9033216305 0)
(2.995573774 -1.224604574 0)
(3.134913071 -1.308577263 0)
(3.390165825 -1.253981802 0)
(3.530000138 -1.227245419 0)
(3.400404491 -1.230102482 0)
(3.157641454 -1.112380388 0)
(3.048088905 -1.055054323 0)
(2.973920651 -1.023748636 0)
(2.978063795 -1.009044043 0)
(3.014338862 -0.9964617672 0)
(3.049440412 -0.9843909437 0)
(3.075581696 -0.9724044404 0)
(3.092593902 -0.9688093542 0)
(3.106017119 -0.9789070868 0)
(3.122993861 -0.9706469103 0)
(3.129289209 -0.9640205902 0)
(3.127530069 -0.9612089274 0)
(3.126443506 -0.9601972261 0)
(3.133288503 -0.9502672033 0)
(3.135263929 -0.9416808846 0)
(3.130007931 -0.9412470464 0)
(3.127581624 -0.9379107544 0)
(3.131246383 -0.9294887025 0)
(3.134133954 -0.9243224982 0)
(3.131703593 -0.9234595232 0)
(3.129513304 -0.9219066014 0)
(3.131853217 -0.9165957106 0)
(3.13549146 -0.911509146 0)
(3.134634323 -0.9104079897 0)
(3.132533328 -0.9090526576 0)
(3.134044188 -0.9049048548 0)
(3.135837446 -0.9029935935 0)
(3.135512971 -0.9012594842 0)
(3.133567367 -0.9001721566 0)
(3.133567617 -0.8982892297 0)
(2.998865731 -1.201049045 0)
(3.117906818 -1.302766784 0)
(3.391643435 -1.272017254 0)
(3.532307787 -1.20341197 0)
(3.397461858 -1.204123053 0)
(3.151740607 -1.104839195 0)
(3.033549356 -1.045882987 0)
(2.973846894 -1.007207744 0)
(2.985043582 -0.9866021175 0)
(3.020941212 -0.9734488029 0)
(3.050766261 -0.9658119053 0)
(3.077259751 -0.9586287353 0)
(3.095441582 -0.9594596761 0)
(3.107670003 -0.9597794837 0)
(3.123045078 -0.9541731858 0)
(3.134235084 -0.9468013566 0)
(3.132665783 -0.9426413511 0)
(3.129093956 -0.9452645088 0)
(3.135206889 -0.9372209997 0)
(3.138606144 -0.9275415504 0)
(3.134398848 -0.9264866135 0)
(3.130703879 -0.9247194926 0)
(3.132789789 -0.9185336775 0)
(3.136378708 -0.9128936728 0)
(3.133934101 -0.9126947685 0)
(3.131661013 -0.9121831198 0)
(3.133384402 -0.9073827727 0)
(3.137065379 -0.901514529 0)
(3.136609489 -0.9008257711 0)
(3.13500052 -0.8994775921 0)
(3.135593253 -0.89581413 0)
(3.137211469 -0.8945694755 0)
(3.137640887 -0.8920730281 0)
(3.135757098 -0.8917165358 0)
(3.135142842 -0.8898912664 0)
(2.986649084 -1.158719491 0)
(3.105727377 -1.296832307 0)
(3.411386699 -1.287942813 0)
(3.545500912 -1.174971161 0)
(3.384537067 -1.201323801 0)
(3.13551669 -1.098703957 0)
(3.027782612 -1.034258806 0)
(2.980493003 -0.978582687 0)
(2.98887344 -0.9622941671 0)
(3.021327882 -0.9553549202 0)
(3.050871419 -0.962340209 0)
(3.080018389 -0.9630118698 0)
(3.098238689 -0.9592268705 0)
(3.107713239 -0.9466835946 0)
(3.119609144 -0.9429968845 0)
(3.132867458 -0.9295776604 0)
(3.133211026 -0.9265518616 0)
(3.129919819 -0.9304593289 0)
(3.134432631 -0.9221598556 0)
(3.139174659 -0.912470247 0)
(3.136643011 -0.9117589995 0)
(3.13175937 -0.9108923385 0)
(3.132415705 -0.9057065181 0)
(3.13725497 -0.9005556534 0)
(3.136651906 -0.9005367915 0)
(3.133410804 -0.8992749916 0)
(3.133758329 -0.8961315488 0)
(3.137272908 -0.8913332739 0)
(3.138482849 -0.8905668557 0)
(3.135647114 -0.8881820397 0)
(3.134770898 -0.886547621 0)
(3.137463053 -0.8853793977 0)
(3.137980593 -0.8820666574 0)
(3.136192217 -0.8820529811 0)
(3.1352943 -0.8816132925 0)
(2.97108862 -1.142762416 0)
(3.104221563 -1.282491411 0)
(3.43297146 -1.278146393 0)
(3.552666495 -1.154575893 0)
(3.367407847 -1.183943184 0)
(3.123806777 -1.073298535 0)
(3.037487423 -1.011264272 0)
(2.977604109 -0.9529891772 0)
(2.988584347 -0.9461720361 0)
(3.020421875 -0.9560334597 0)
(3.049989372 -0.963739278 0)
(3.08023685 -0.9559893222 0)
(3.100330498 -0.9464893401 0)
(3.108994294 -0.9469678513 0)
(3.120852733 -0.9445740766 0)
(3.132306593 -0.924672023 0)
(3.132772694 -0.9209743684 0)
(3.127770894 -0.9193673127 0)
(3.132497355 -0.9141882999 0)
(3.13759351 -0.9031855719 0)
(3.135078949 -0.9007151454 0)
(3.130992319 -0.9031625533 0)
(3.132044142 -0.8993755505 0)
(3.135250874 -0.8909949968 0)
(3.135097607 -0.8891544672 0)
(3.133330444 -0.8907799266 0)
(3.133233374 -0.888841645 0)
(3.135631933 -0.884446876 0)
(3.136649761 -0.8815156207 0)
(3.135559036 -0.8822209622 0)
(3.134380056 -0.8835388496 0)
(3.136162797 -0.8788559115 0)
(3.137667426 -0.8771393027 0)
(3.135938771 -0.8763891489 0)
(3.133886026 -0.8763876989 0)
(2.967027997 -1.135668801 0)
(3.102160693 -1.269868146 0)
(3.446372767 -1.254414657 0)
(3.560703929 -1.154836446 0)
(3.383679177 -1.151262099 0)
(3.122221522 -1.038930066 0)
(3.043917783 -0.9822405965 0)
(2.970901612 -0.9344092514 0)
(2.985686591 -0.948789738 0)
(3.020170535 -0.9508956391 0)
(3.053271182 -0.9476837897 0)
(3.084300578 -0.9372802027 0)
(3.105236885 -0.9263699836 0)
(3.110791163 -0.9357411596 0)
(3.121291004 -0.934743741 0)
(3.131932311 -0.924597941 0)
(3.13328335 -0.9181074869 0)
(3.128584608 -0.917171392 0)
(3.130895072 -0.9140464041 0)
(3.137282825 -0.9042941794 0)
(3.135930417 -0.9002883919 0)
(3.130389347 -0.9008761446 0)
(3.131133177 -0.8988660377 0)
(3.135867013 -0.8910780431 0)
(3.13517323 -0.8870343455 0)
(3.131966633 -0.8868060819 0)
(3.132228424 -0.8884127807 0)
(3.136210153 -0.8838640655 0)
(3.136669213 -0.8803761726 0)
(3.134801901 -0.8807698822 0)
(3.133708455 -0.8812569584 0)
(3.13615986 -0.8786456507 0)
(3.137270214 -0.876461264 0)
(3.136076617 -0.875868941 0)
(3.133944376 -0.8756646049 0)
(3.134970383 -0.8739868501 0)
(2.959204779 -1.135220215 0)
(3.09219529 -1.252463126 0)
(3.462581724 -1.229423323 0)
(3.575724969 -1.156432366 0)
(3.396171962 -1.100804059 0)
(3.119482638 -1.005997966 0)
(3.037124786 -0.9598249134 0)
(2.973210492 -0.9320223709 0)
(2.986645131 -0.9366600242 0)
(3.025874532 -0.9294565868 0)
(3.0595978 -0.9226037896 0)
(3.086509242 -0.9150354092 0)
(3.107518429 -0.9049770341 0)
(3.11631945 -0.9159435507 0)
(3.123421626 -0.9168774243 0)
(3.132908245 -0.9122954002 0)
(3.135156008 -0.9042563839 0)
(3.129773693 -0.9067496309 0)
(3.130176554 -0.9050718232 0)
(3.136310247 -0.8966782118 0)
(3.13680474 -0.8919609843 0)
(3.131718283 -0.8927060385 0)
(3.130912307 -0.8906053406 0)
(3.134936567 -0.88577736 0)
(3.135884509 -0.8826484291 0)
(3.132638558 -0.8827105453 0)
(3.132203457 -0.8817918985 0)
(3.135511235 -0.87856274 0)
(3.137194278 -0.8756123771 0)
(3.135381935 -0.874980229 0)
(3.134605972 -0.8734037791 0)
(3.135526103 -0.8733996844 0)
(3.137384612 -0.8711049131 0)
(3.136792027 -0.8701595807 0)
(3.134640747 -0.8699632858 0)
(3.134945293 -0.8687644043 0)
(2.961550764 -1.181586155 0)
(3.096799971 -1.279842916 0)
(3.469796461 -1.19797909 0)
(3.589414303 -1.135120335 0)
(3.381606979 -1.044789552 0)
(3.107416549 -0.9781239529 0)
(3.025577149 -0.9517828237 0)
(2.975100725 -0.9131822977 0)
(2.997089999 -0.9090694204 0)
(3.031230601 -0.9015427752 0)
(3.059972286 -0.8975685863 0)
(3.085282969 -0.89896951 0)
(3.110644494 -0.8947973667 0)
(3.117726843 -0.8931312335 0)
(3.122901514 -0.8987085021 0)
(3.134676309 -0.895638005 0)
(3.137316163 -0.8854436844 0)
(3.132842053 -0.8892167188 0)
(3.131267222 -0.8903744096 0)
(3.137305852 -0.8837971095 0)
(3.139083764 -0.8782407193 0)
(3.134524654 -0.8787435366 0)
(3.132035865 -0.8786909713 0)
(3.135677033 -0.8750902755 0)
(3.137603446 -0.8723039558 0)
(3.134668848 -0.8723243145 0)
(3.13352545 -0.8719791987 0)
(3.136071417 -0.8685690965 0)
(3.138485125 -0.8665847834 0)
(3.137294565 -0.8655634448 0)
(3.13582125 -0.864309995 0)
(3.135986743 -0.8647968044 0)
(3.138343371 -0.8626315803 0)
(3.138510776 -0.8621109387 0)
(3.135983274 -0.8611225922 0)
(3.135408797 -0.8607239771 0)
(2.969896958 -1.191920194 0)
(3.106517833 -1.301172289 0)
(3.47302505 -1.17356696 0)
(3.594330305 -1.099115382 0)
(3.371690816 -1.019325833 0)
(3.095877249 -0.9686162393 0)
(3.022695441 -0.9322024959 0)
(2.98037542 -0.8796243112 0)
(3.002891117 -0.8764192572 0)
(3.033331262 -0.8789830075 0)
(3.058984654 -0.8892436001 0)
(3.086410915 -0.8973451872 0)
(3.1143451 -0.8907888498 0)
(3.119175284 -0.8809937734 0)
(3.120809211 -0.8861975501 0)
(3.132607981 -0.8794644466 0)
(3.137870039 -0.8719500008 0)
(3.133491665 -0.8719977599 0)
(3.12985771 -0.8739315748 0)
(3.136279548 -0.8706453203 0)
(3.139345779 -0.8649533585 0)
(3.134842396 -0.8645023134 0)
(3.130830338 -0.8656388659 0)
(3.135148393 -0.8638613173 0)
(3.138622909 -0.8608895969 0)
(3.135187081 -0.8594894103 0)
(3.132736464 -0.8597871509 0)
(3.135583043 -0.8598840677 0)
(3.138665052 -0.8567431643 0)
(3.137024022 -0.855299076 0)
(3.134848463 -0.8556683683 0)
(3.135588926 -0.8561868621 0)
(3.137541529 -0.8538110079 0)
(3.13770863 -0.8526641558 0)
(3.136005909 -0.853583992 0)
(3.135051882 -0.8536174025 0)
(2.980307674 -1.156924518 0)
(3.088615163 -1.263002001 0)
(3.498055708 -1.176732266 0)
(3.594666231 -1.028640371 0)
(3.357381495 -0.9894560643 0)
(3.082217506 -0.9337784636 0)
(3.019869687 -0.8959644963 0)
(2.982435716 -0.8434559002 0)
(3.00524124 -0.8589611308 0)
(3.034691326 -0.8738974245 0)
(3.060143568 -0.8803033372 0)
(3.087166838 -0.8826228444 0)
(3.116440486 -0.8746926476 0)
(3.122122594 -0.8760762254 0)
(3.122751722 -0.8804831563 0)
(3.132127175 -0.8758015335 0)
(3.137920232 -0.8661378918 0)
(3.134254723 -0.8636820808 0)
(3.129194308 -0.866895934 0)
(3.135141071 -0.864937265 0)
(3.139078469 -0.8584260414 0)
(3.135683245 -0.8584693764 0)
(3.130606198 -0.860597755 0)
(3.13471043 -0.8585916098 0)
(3.138294018 -0.853149062 0)
(3.136088771 -0.8532846337 0)
(3.132838999 -0.8552045319 0)
(3.135132854 -0.8550847034 0)
(3.138524404 -0.8518362124 0)
(3.13771809 -0.8518351574 0)
(3.134867274 -0.8532206144 0)
(3.135551411 -0.8525473693 0)
(3.137646126 -0.8516142596 0)
(3.138230717 -0.8499260491 0)
(3.136020236 -0.8497617178 0)
(3.134793073 -0.8503479198 0)
(2.973528662 -1.052940111 0)
(3.077081051 -1.211581467 0)
(3.511407226 -1.16416095 0)
(3.591364986 -0.9678811278 0)
(3.347308941 -0.9224264638 0)
(3.069327492 -0.8835588036 0)
(3.007110575 -0.8598896364 0)
(2.984080356 -0.8288714941 0)
(3.006650875 -0.847449315 0)
(3.03758674 -0.8556646626 0)
(3.064498955 -0.8567302155 0)
(3.088608041 -0.8595267978 0)
(3.117731 -0.8547363238 0)
(3.126407292 -0.8592176738 0)
(3.125211066 -0.8640681087 0)
(3.130257496 -0.8645513179 0)
(3.137636472 -0.8590769232 0)
(3.135391796 -0.8562734705 0)
(3.129439262 -0.8585520055 0)
(3.132722127 -0.8581380425 0)
(3.138523587 -0.8537982715 0)
(3.136440555 -0.851757312 0)
(3.13080334 -0.8530759303 0)
(3.132968115 -0.8529333452 0)
(3.137860813 -0.8493565369 0)
(3.136594584 -0.8480089445 0)
(3.132965749 -0.8492282391 0)
(3.134185977 -0.8500690985 0)
(3.138038228 -0.8477953551 0)
(3.137945875 -0.8468575467 0)
(3.13536296 -0.8467901117 0)
(3.134930169 -0.8477744495 0)
(3.137050479 -0.8465567178 0)
(3.138119043 -0.8454459958 0)
(3.136302 -0.8453996714 0)
(3.13494831 -0.8455086998 0)
(2.94783758 -0.9658634263 0)
(3.070669153 -1.09590122 0)
(3.540421084 -1.102325291 0)
(3.559077282 -0.9253838545 0)
(3.324011956 -0.8717403135 0)
(3.063699934 -0.854587873 0)
(2.991866595 -0.8434795401 0)
(2.980641891 -0.8097243101 0)
(3.012223338 -0.8209351513 0)
(3.041990756 -0.8288256543 0)
(3.068310465 -0.8332792009 0)
(3.088190362 -0.8428290754 0)
(3.118247075 -0.8442809278 0)
(3.129490422 -0.8389424981 0)
(3.127103153 -0.8451980519 0)
(3.129916679 -0.8486128709 0)
(3.138322234 -0.8442039179 0)
(3.1375173 -0.8415620078 0)
(3.130948606 -0.84356284 0)
(3.131439572 -0.8459285209 0)
(3.138241605 -0.8430809125 0)
(3.138008161 -0.8404181558 0)
(3.132136507 -0.8408047342 0)
(3.131886894 -0.8426346335 0)
(3.137426358 -0.8416308711 0)
(3.137614905 -0.8396684959 0)
(3.134018214 -0.83942847 0)
(3.133782953 -0.8407587072 0)
(3.137667508 -0.8407821016 0)
(3.138782833 -0.8385326988 0)
(3.136268827 -0.8380303497 0)
(3.134819736 -0.8397456994 0)
(3.136856464 -0.8398131639 0)
(3.13849785 -0.8381023429 0)
(3.137024329 -0.8377304038 0)
(3.135251377 -0.83879181 0)
(2.996318192 -0.8264103367 0)
(3.046906088 -0.9318204147 0)
(3.589170243 -0.9842550121 0)
(3.527525301 -0.8446587625 0)
(3.288004826 -0.8305373776 0)
(3.052216547 -0.8257510599 0)
(2.975212138 -0.8176906906 0)
(2.97841642 -0.7792989606 0)
(3.015259359 -0.7969279223 0)
(3.041948532 -0.8126919925 0)
(3.066426505 -0.8195155101 0)
(3.084988388 -0.8288703619 0)
(3.113300928 -0.8318232911 0)
(3.128959908 -0.8287820372 0)
(3.12633702 -0.8321607314 0)
(3.127580276 -0.8374683934 0)
(3.13566348 -0.834695257 0)
(3.137603519 -0.8297513581 0)
(3.131560909 -0.8325338119 0)
(3.1295692 -0.8368875924 0)
(3.136182973 -0.8344925992 0)
(3.138127814 -0.8308961322 0)
(3.132437221 -0.8323765875 0)
(3.130618666 -0.8357218702 0)
(3.135979235 -0.8343639217 0)
(3.137979796 -0.8319198001 0)
(3.134301623 -0.8325415414 0)
(3.132984795 -0.8351218864 0)
(3.136455774 -0.8346610752 0)
(3.138758895 -0.833065379 0)
(3.136146012 -0.8330545615 0)
(3.134321932 -0.8345313028 0)
(3.13570159 -0.8349870978 0)
(3.138214261 -0.8339436786 0)
(3.136959586 -0.8336274647 0)
(3.134889703 -0.8341933366 0)
(2.999436877 -0.685643664 0)
(3.073850072 -0.8511082563 0)
(3.540838116 -0.8956969394 0)
(3.462122129 -0.8083027303 0)
(3.237797249 -0.804762165 0)
(3.040897825 -0.8008672404 0)
(2.960729503 -0.800858647 0)
(2.967703096 -0.7686523975 0)
(3.0068036 -0.7858711713 0)
(3.033491322 -0.8029984643 0)
(3.05903517 -0.8093202484 0)
(3.07877553 -0.8184550778 0)
(3.105039355 -0.8252887699 0)
(3.12241009 -0.822520516 0)
(3.121487207 -0.8244872672 0)
(3.121543899 -0.8318340752 0)
(3.127395751 -0.8312061429 0)
(3.132864164 -0.8259105437 0)
(3.128882972 -0.8271718036 0)
(3.124956039 -0.8330482206 0)
(3.130109293 -0.8322953679 0)
(3.134764494 -0.8282482413 0)
(3.130298907 -0.8285428546 0)
(3.127271036 -0.8324599062 0)
(3.131158702 -0.8325782394 0)
(3.135496764 -0.8298351535 0)
(3.132592067 -0.8296284238 0)
(3.130568267 -0.8323012907 0)
(3.132661531 -0.832925659 0)
(3.136553468 -0.8312505555 0)
(3.134470359 -0.8306362915 0)
(3.132230355 -0.8323460512 0)
(3.132826585 -0.8332294664 0)
(3.136147784 -0.8322889854 0)
(3.135387095 -0.8316994227 0)
(3.132899898 -0.8323743448 0)
(2.954036441 0.06006106381 0)
(3.015382418 -0.4822359357 0)
(3.083603211 -0.2356671318 0)
(2.830414224 -0.3974763468 0)
(2.79696288 -0.5533002395 0)
(2.769136204 -0.6376915173 0)
(2.799806314 -0.6504311303 0)
(2.833466456 -0.6471447647 0)
(2.883740822 -0.6732958863 0)
(2.921483863 -0.6988223553 0)
(2.953403909 -0.7176997864 0)
(2.983557417 -0.7295249509 0)
(3.007819127 -0.745434319 0)
(3.030527329 -0.7505261265 0)
(3.042399968 -0.7532802885 0)
(3.051066484 -0.766047624 0)
(3.054160698 -0.7701230646 0)
(3.065802228 -0.7704527716 0)
(3.070889512 -0.7729424775 0)
(3.071327076 -0.7799363689 0)
(3.072591239 -0.7822573083 0)
(3.081588724 -0.7830659633 0)
(3.084718397 -0.7842904969 0)
(3.084159303 -0.788126076 0)
(3.084225427 -0.7902300131 0)
(3.0909174 -0.7913088796 0)
(3.094095554 -0.7918064 0)
(3.094213195 -0.7940459087 0)
(3.093844757 -0.7959065473 0)
(3.098172302 -0.79705597 0)
(3.100979166 -0.7973279496 0)
(3.10126765 -0.7989367572 0)
(3.100413937 -0.8006445231 0)
(3.102083683 -0.8016299701 0)
(3.104660076 -0.8020559571 0)
(3.105461417 -0.8029892338 0)
(3.105094552 -0.8036555868 0)
(2.896118558 0.2283122437 0)
(2.934879176 0.1169543179 0)
(2.993439977 -0.1467693393 0)
(2.981660947 -0.4105190266 0)
(2.977188391 -0.5416999003 0)
(3.005255781 -0.5930189297 0)
(3.039577982 -0.6259690381 0)
(3.061090939 -0.6513550236 0)
(3.087533343 -0.6974690976 0)
(3.109580641 -0.7209610135 0)
(3.129469819 -0.7259220266 0)
(3.141033026 -0.7453627528 0)
(3.144034456 -0.7591427429 0)
(3.151596446 -0.7581710622 0)
(3.152377604 -0.7618038881 0)
(3.14302309 -0.7768316743 0)
(3.142035331 -0.7783027239 0)
(3.148809296 -0.7739747726 0)
(3.146880278 -0.7785709559 0)
(3.139644231 -0.7874055884 0)
(3.139191795 -0.78851347 0)
(3.145107113 -0.7858795614 0)
(3.144152057 -0.7892864595 0)
(3.140340844 -0.7949221517 0)
(3.13972861 -0.7967164092 0)
(3.14351785 -0.7955515516 0)
(3.143004211 -0.7969493355 0)
(3.140417854 -0.7995155704 0)
(3.139782368 -0.8017046095 0)
(3.142132521 -0.8014024661 0)
(3.142513386 -0.8018535715 0)
(3.140109556 -0.8039502591 0)
(3.139344068 -0.8057495766 0)
(3.140435696 -0.8056613901 0)
(3.141472955 -0.8052801188 0)
(3.139445937 -0.8073791916 0)
(3.138300836 -0.8088188416 0)
(2.884071336 0.2621400176 0)
(2.906130536 0.2155547009 0)
(2.948638078 0.1025938847 0)
(2.984208412 -0.02407537344 0)
(3.006676777 -0.1237092256 0)
(3.020892033 -0.1788406659 0)
(3.045165129 -0.2766593365 0)
(3.086120605 -0.3904348648 0)
(3.10757133 -0.4397746248 0)
(3.124821216 -0.4901519594 0)
(3.131269393 -0.5178891857 0)
(3.131349782 -0.5408901452 0)
(3.131025123 -0.5813909705 0)
(3.131300658 -0.5917959235 0)
(3.130536021 -0.5906674468 0)
(3.128198437 -0.6232704358 0)
(3.124276756 -0.6445697614 0)
(3.129110052 -0.6443772019 0)
(3.132610632 -0.6494258416 0)
(3.129143302 -0.6658573266 0)
(3.125748975 -0.6792358296 0)
(3.130040619 -0.6812369001 0)
(3.133923657 -0.687162315 0)
(3.13203473 -0.6940582451 0)
(3.128934659 -0.7047075013 0)
(3.131006301 -0.7068570873 0)
(3.133846304 -0.7098715585 0)
(3.132930259 -0.7143489253 0)
(3.130938135 -0.7220215103 0)
(3.131680965 -0.724376591 0)
(3.133792604 -0.7265280307 0)
(3.132996455 -0.7302775529 0)
(3.13160231 -0.7355100893 0)
(3.131601351 -0.7380972226 0)
(3.133531148 -0.7392247898 0)
(3.133069813 -0.7424377018 0)
(3.131986218 -0.7458030963 0)
(2.886899671 0.2643885234 0)
(2.891414073 0.2551346181 0)
(2.912427557 0.2114413404 0)
(2.953406049 0.1200080995 0)
(3.000714055 -0.01018314645 0)
(3.034804908 -0.1484934351 0)
(3.061885485 -0.2699194617 0)
(3.084621768 -0.3593856882 0)
(3.100006493 -0.4180929883 0)
(3.111160602 -0.4573357966 0)
(3.113719439 -0.4979243406 0)
(3.114100352 -0.520533871 0)
(3.116051728 -0.5482532784 0)
(3.11616779 -0.5768613548 0)
(3.120543986 -0.5822152309 0)
(3.123612178 -0.5956986809 0)
(3.120177215 -0.6283505287 0)
(3.120069191 -0.6375200427 0)
(3.129930748 -0.6348151319 0)
(3.131918781 -0.6477832355 0)
(3.124582619 -0.6695174986 0)
(3.12353094 -0.6748497451 0)
(3.133388964 -0.6726384375 0)
(3.136122893 -0.6818450223 0)
(3.128988249 -0.6971163842 0)
(3.126086479 -0.7015785495 0)
(3.132996031 -0.6995603267 0)
(3.136067514 -0.7040992937 0)
(3.131767289 -0.7146542842 0)
(3.128935704 -0.7196273718 0)
(3.132491625 -0.7190233998 0)
(3.135300887 -0.720660915 0)
(3.132458846 -0.7282962548 0)
(3.130086125 -0.7335268489 0)
(3.13189135 -0.7338144343 0)
(3.135313309 -0.73366101 0)
(3.133563817 -0.7389356817 0)
(2.888621163 0.2646187485 0)
(2.889328026 0.2629926125 0)
(2.896295748 0.2492091752 0)
(2.91832803 0.2042616036 0)
(2.952230254 0.128210699 0)
(2.989973968 0.02791073088 0)
(3.016581719 -0.05554716959 0)
(3.029816882 -0.1153540158 0)
(3.0419496 -0.1841447274 0)
(3.056069378 -0.2491531211 0)
(3.070562454 -0.3073408071 0)
(3.085019381 -0.358058419 0)
(3.093666327 -0.3927723609 0)
(3.100314255 -0.4344417495 0)
(3.107049996 -0.4592631684 0)
(3.111354624 -0.4678171235 0)
(3.111459014 -0.5033227834 0)
(3.111633517 -0.5312264364 0)
(3.119137441 -0.5342567881 0)
(3.124565147 -0.539231639 0)
(3.121652555 -0.5686978425 0)
(3.118069625 -0.587147507 0)
(3.124187195 -0.5889710864 0)
(3.130864128 -0.5917786919 0)
(3.127378075 -0.6109284065 0)
(3.123013994 -0.6249012103 0)
(3.126367187 -0.6268844053 0)
(3.132192154 -0.6298636615 0)
(3.129895289 -0.6402673222 0)
(3.12706905 -0.6513292649 0)
(3.127970685 -0.6551425417 0)
(3.131858915 -0.6574551964 0)
(3.130311217 -0.6645930946 0)
(3.128820225 -0.671519836 0)
(3.128537796 -0.6761755528 0)
(3.132284126 -0.6778270127 0)
(3.13210022 -0.6830394541 0)
(2.888768883 0.2647287505 0)
(2.888852464 0.2643698734 0)
(2.890588886 0.2609549515 0)
(2.899184175 0.244138181 0)
(2.920250206 0.2005806087 0)
(2.951161749 0.1316087451 0)
(2.986316645 0.04052050196 0)
(3.014537126 -0.05180701981 0)
(3.037552253 -0.1444119985 0)
(3.055388402 -0.2288763677 0)
(3.070472592 -0.2887359399 0)
(3.084504198 -0.3344174845 0)
(3.092395668 -0.3740505327 0)
(3.096818283 -0.4130612528 0)
(3.100880535 -0.4453137502 0)
(3.107735567 -0.4571019962 0)
(3.111101827 -0.4750221066 0)
(3.110199546 -0.5123556273 0)
(3.11114356 -0.5265479979 0)
(3.12135094 -0.5278367434 0)
(3.123996001 -0.5447427495 0)
(3.118204422 -0.5716221326 0)
(3.116739472 -0.5802588845 0)
(3.126748183 -0.5807285336 0)
(3.130419046 -0.5919901601 0)
(3.123525429 -0.6113879432 0)
(3.120571344 -0.6179323095 0)
(3.128278653 -0.6178967648 0)
(3.132688134 -0.6252809484 0)
(3.127947816 -0.6396085063 0)
(3.12400158 -0.6466867798 0)
(3.127785017 -0.6476676441 0)
(3.132107137 -0.6507093838 0)
(3.129692378 -0.6611582982 0)
(3.126733545 -0.6688201637 0)
(3.128263098 -0.6705497473 0)
(3.132891005 -0.6708716812 0)
(2.888140645 0.2646645331 0)
(2.888132745 0.2646217742 0)
(2.888517121 0.263852288 0)
(2.891295794 0.2586835445 0)
(2.901065118 0.2395173075 0)
(2.921298372 0.197328905 0)
(2.949320718 0.1339461702 0)
(2.97933828 0.05834589771 0)
(3.003826174 -0.01073171369 0)
(3.020862742 -0.07224893805 0)
(3.034278847 -0.1278424704 0)
(3.045262072 -0.1741782778 0)
(3.054954795 -0.2199907766 0)
(3.064974938 -0.2690292662 0)
(3.076613447 -0.3176448203 0)
(3.088059213 -0.3455378845 0)
(3.094321056 -0.3605118984 0)
(3.096282068 -0.4015428455 0)
(3.098726639 -0.435050409 0)
(3.107439831 -0.4408828847 0)
(3.112021022 -0.4465261355 0)
(3.110740378 -0.4824308596 0)
(3.1084303 -0.5047282201 0)
(3.114912223 -0.5076604729 0)
(3.12196268 -0.5099564909 0)
(3.119384317 -0.5349707881 0)
(3.115432269 -0.5526472682 0)
(3.119026796 -0.5554394937 0)
(3.125917768 -0.5569520061 0)
(3.124210397 -0.5723231132 0)
(3.12111241 -0.587020511 0)
(3.121752469 -0.5918191302 0)
(3.127290193 -0.5937445325 0)
(3.126458975 -0.6032899935 0)
(3.124955425 -0.6124490052 0)
(3.12382236 -0.619312548 0)
(3.128266874 -0.6212764372 0)
(2.887073306 0.2646232665 0)
(2.887303907 0.2646422546 0)
(2.887381689 0.2645201997 0)
(2.888143251 0.2632052478 0)
(2.891843229 0.2562405819 0)
(2.902368719 0.235313181 0)
(2.921735687 0.1947335232 0)
(2.948126717 0.1352766756 0)
(2.975839177 0.06701318048 0)
(3.001034765 -0.003333500718 0)
(3.022803181 -0.07774861816 0)
(3.039431817 -0.1459425556 0)
(3.053699441 -0.2022301203 0)
(3.065762674 -0.2501719042 0)
(3.07530088 -0.2951292573 0)
(3.083307977 -0.3311151041 0)
(3.091188175 -0.3512694673 0)
(3.095159565 -0.3759346809 0)
(3.096222955 -0.4144961312 0)
(3.098836961 -0.4317079468 0)
(3.108624917 -0.436329786 0)
(3.111569699 -0.4556363471 0)
(3.107449805 -0.4867039081 0)
(3.106909459 -0.4981212507 0)
(3.117264326 -0.5005011181 0)
(3.121711905 -0.5120489246 0)
(3.116255662 -0.5356777995 0)
(3.113147107 -0.5460131414 0)
(3.120696863 -0.5480624418 0)
(3.12660458 -0.5544450238 0)
(3.122691771 -0.571774414 0)
(3.118230228 -0.581772164 0)
(3.121875421 -0.584558539 0)
(3.128045178 -0.5876303989 0)
(3.126420189 -0.5997229503 0)
(3.122725157 -0.6095892635 0)
(3.123208265 -0.6132353261 0)
(2.88602206 0.2644750182 0)
(2.886200849 0.26451937 0)
(2.886485133 0.2644913862 0)
(2.886661304 0.2642644591 0)
(2.8878213 0.262276741 0)
(2.892331023 0.2537314292 0)
(2.903429219 0.2315822831 0)
(2.922192594 0.1920169217 0)
(2.946484742 0.1370499907 0)
(2.971452114 0.07674040619 0)
(2.99390678 0.01579609997 0)
(3.011898045 -0.04103877114 0)
(3.025324247 -0.08507415481 0)
(3.034758139 -0.1240198558 0)
(3.043736626 -0.1708140537 0)
(3.054239945 -0.2166745599 0)
(3.065594612 -0.245470872 0)
(3.071501274 -0.2661814664 0)
(3.076656001 -0.3105295336 0)
(3.083330733 -0.3479334059 0)
(3.093181987 -0.3595049418 0)
(3.098498215 -0.3674834857 0)
(3.096739207 -0.4034620512 0)
(3.09685201 -0.4292235599 0)
(3.104175131 -0.4349801366 0)
(3.11176437 -0.4376644702 0)
(3.109692962 -0.4637722816 0)
(3.107272786 -0.4863416887 0)
(3.110542813 -0.4920183756 0)
(3.118499955 -0.4925255078 0)
(3.117710869 -0.5090448988 0)
(3.114698116 -0.5280814421 0)
(3.114340099 -0.5343674224 0)
(3.121188595 -0.534966917 0)
(3.121984194 -0.5446535414 0)
(3.12045406 -0.5582070302 0)
(3.118341562 -0.5669906363 0)
(2.885376036 0.2644433766 0)
(2.885457727 0.2644694928 0)
(2.885669886 0.2644497922 0)
(2.885786712 0.2643515781 0)
(2.886110914 0.2638900017 0)
(2.887685976 0.2611046423 0)
(2.892888983 0.251166619 0)
(2.904295534 0.2282376553 0)
(2.922576805 0.1893448591 0)
(2.944946389 0.1386370445 0)
(2.967971867 0.08313122949 0)
(2.990929088 0.0209535581 0)
(3.010010811 -0.03767743365 0)
(3.025719558 -0.08814358262 0)
(3.040075125 -0.1416696202 0)
(3.05129665 -0.194077491 0)
(3.061078684 -0.2323367732 0)
(3.071023588 -0.2576322836 0)
(3.077185075 -0.2873459491 0)
(3.080936312 -0.3266914689 0)
(3.084816749 -0.3493016266 0)
(3.094224449 -0.3589583796 0)
(3.09736027 -0.3778492126 0)
(3.09603063 -0.4101579159 0)
(3.096647556 -0.4246969974 0)
(3.106652442 -0.4295529008 0)
(3.111379696 -0.4406235978 0)
(3.107945023 -0.4670238288 0)
(3.105225273 -0.4811117134 0)
(3.111958889 -0.4856804498 0)
(3.118771833 -0.4903311955 0)
(3.116011522 -0.5096213148 0)
(3.111987172 -0.5234107646 0)
(3.114874792 -0.5280914194 0)
(3.122219998 -0.5296688337 0)
(3.121951455 -0.5423938528 0)
(3.118385313 -0.5555725952 0)
(2.885148983 0.2642950285 0)
(2.88517957 0.2643774287 0)
(2.885227802 0.2643773345 0)
(2.885281033 0.2643124179 0)
(2.885377964 0.2642328552 0)
(2.885855288 0.2635124722 0)
(2.887868421 0.2598368727 0)
(2.8936167 0.2486115985 0)
(2.905198311 0.2249704097 0)
(2.922911819 0.1866795124 0)
(2.943386159 0.1402988357 0)
(2.965006518 0.08821341758 0)
(2.986332027 0.03064001833 0)
(3.003262602 -0.01416146069 0)
(3.015537785 -0.04936898447 0)
(3.025378118 -0.09426455771 0)
(3.03569195 -0.1372442596 0)
(3.046475546 -0.1646341619 0)
(3.052679721 -0.1881764316 0)
(3.057644406 -0.2299867347 0)
(3.065688388 -0.2688713828 0)
(3.076363486 -0.2857627456 0)
(3.082372282 -0.2955113042 0)
(3.082970689 -0.3306284405 0)
(3.086141649 -0.3613965977 0)
(3.093189264 -0.370988141 0)
(3.100849073 -0.3744427697 0)
(3.098850725 -0.3988138358 0)
(3.098490361 -0.4247832397 0)
(3.10130142 -0.433386723 0)
(3.109949862 -0.4350638907 0)
(3.109341759 -0.4491285645 0)
(3.107716669 -0.4717720872 0)
(3.107328865 -0.4813395849 0)
(3.114374911 -0.4831478414 0)
(3.116441334 -0.4893017216 0)
(3.115039611 -0.5073600894 0)
(2.885145203 0.2642868146 0)
(2.885127929 0.2642939082 0)
(2.885092039 0.2643396967 0)
(2.885110619 0.2643374048 0)
(2.885155666 0.2643666424 0)
(2.885290738 0.2642536143 0)
(2.885931423 0.2631138321 0)
(2.888328692 0.2584152851 0)
(2.894483178 0.2459938094 0)
(2.906235946 0.2215233079 0)
(2.923197948 0.1844413958 0)
(2.94205673 0.1421842309 0)
(2.963392642 0.09081474508 0)
(2.983725586 0.03698773474 0)
(2.999774722 -0.003838597364 0)
(3.01504533 -0.0502950213 0)
(3.029025364 -0.1054148946 0)
(3.039041825 -0.1457386587 0)
(3.050178354 -0.1752438256 0)
(3.058573296 -0.2085088723 0)
(3.064162426 -0.2487696706 0)
(3.069344695 -0.2759837229 0)
(3.078901444 -0.2896371838 0)
(3.083559658 -0.3060878975 0)
(3.085215019 -0.3402563902 0)
(3.085948758 -0.360388899 0)
(3.094403715 -0.3683734932 0)
(3.100084519 -0.3777543386 0)
(3.098860311 -0.4045744026 0)
(3.096875589 -0.4213911563 0)
(3.102694502 -0.4278152975 0)
(3.109991479 -0.4323635888 0)
(3.108788679 -0.4519610647 0)
(3.105732603 -0.4685326377 0)
(3.107688149 -0.4753778134 0)
(3.11554434 -0.4778349996 0)
(3.116336956 -0.4894795244 0)
(2.885329131 0.2638547991 0)
(2.885240625 0.264048315 0)
(2.885191061 0.2642525399 0)
(2.88517219 0.2643494561 0)
(2.885194903 0.264423975 0)
(2.885222685 0.2644805497 0)
(2.885378287 0.2642046481 0)
(2.886206913 0.2625083123 0)
(2.888967772 0.2567489638 0)
(2.895429586 0.2433174392 0)
(2.90736228 0.2181702163 0)
(2.923515672 0.1831513604 0)
(2.941403692 0.1437271354 0)
(2.962203096 0.0932865933 0)
(2.980557286 0.04662934171 0)
(2.99495738 0.01244019991 0)
(3.007689647 -0.03106974385 0)
(3.019502626 -0.0757065137 0)
(3.030316124 -0.1021462129 0)
(3.036023949 -0.1217168919 0)
(3.040568375 -0.1606565589 0)
(3.049881517 -0.2013045048 0)
(3.060612296 -0.2220449475 0)
(3.06786608 -0.2317713602 0)
(3.067800227 -0.2623045213 0)
(3.073677481 -0.298706593 0)
(3.080391075 -0.3134384194 0)
(3.089513582 -0.3180798776 0)
(3.088192183 -0.3385263452 0)
(3.089376503 -0.3682629658 0)
(3.091943591 -0.3801746653 0)
(3.100619964 -0.3831418302 0)
(3.100855614 -0.394378218 0)
(3.100580297 -0.4189491854 0)
(3.100249891 -0.4315884197 0)
(3.106795026 -0.4353947628 0)
(3.11022439 -0.4394081606 0)
(2.885569137 0.2635917955 0)
(2.885456774 0.2640473064 0)
(2.885450205 0.2643047153 0)
(2.885307859 0.2644135485 0)
(2.88528789 0.2644995983 0)
(2.885270373 0.2646112663 0)
(2.885326565 0.2645542763 0)
(2.885599494 0.2639021658 0)
(2.886548545 0.2616049267 0)
(2.889561804 0.2550678325 0)
(2.896447965 0.2409258401 0)
(2.908653096 0.2155576632 0)
(2.924005388 0.1829909924 0)
(2.941521559 0.1442349868 0)
(2.961533979 0.09499294872 0)
(2.977639088 0.05506374166 0)
(2.991360293 0.01931221814 0)
(3.007855332 -0.03271742112 0)
(3.019385984 -0.07544978671 0)
(3.029948945 -0.1036281563 0)
(3.039874309 -0.1359491105 0)
(3.048422632 -0.1781503006 0)
(3.054310907 -0.20846579 0)
(3.06333852 -0.2263108009 0)
(3.069391978 -0.2439026854 0)
(3.072846569 -0.2775808009 0)
(3.074678767 -0.3011271846 0)
(3.082229058 -0.3117192941 0)
(3.088823335 -0.320200116 0)
(3.089278179 -0.3467693086 0)
(3.088291828 -0.3675117117 0)
(3.092898425 -0.3762725611 0)
(3.10092825 -0.3806788251 0)
(3.101175325 -0.3984408621 0)
(3.099011672 -0.4177072238 0)
(3.100072031 -0.4266273467 0)
(3.107743798 -0.4303947045 0)
(2.885944592 0.2638736653 0)
(2.885790752 0.2639940837 0)
(2.885687278 0.2640124424 0)
(2.885508191 0.2643145284 0)
(2.885490215 0.2645376796 0)
(2.885422915 0.26482551 0)
(2.885386159 0.2647740676 0)
(2.88540583 0.2643603413 0)
(2.885599668 0.2634602457 0)
(2.886751457 0.2607809327 0)
(2.890295222 0.253763316 0)
(2.897862681 0.238879373 0)
(2.91013938 0.2135567526 0)
(2.924602609 0.1829364087 0)
(2.942066504 0.1432163092 0)
(2.96046948 0.09687968542 0)
(2.974827565 0.0631126531 0)
(2.987997598 0.02657602928 0)
(3.002984011 -0.02210105529 0)
(3.014546947 -0.05330056991 0)
(3.022709432 -0.06914312764 0)
(3.026451721 -0.1005656035 0)
(3.0358513 -0.1420423118 0)
(3.045447646 -0.1653194564 0)
(3.053668235 -0.1764046322 0)
(3.054259264 -0.2029726221 0)
(3.061428968 -0.2408019939 0)
(3.067844472 -0.2595337252 0)
(3.07743341 -0.266544255 0)
(3.076646569 -0.2829592254 0)
(3.079569235 -0.3146845433 0)
(3.082382403 -0.3308843013 0)
(3.091090192 -0.3365412891 0)
(3.09280506 -0.3442604453 0)
(3.092183226 -0.3692851044 0)
(3.092597849 -0.3854942357 0)
(3.098406087 -0.3912328923 0)
(2.885958243 0.2645413452 0)
(2.885783603 0.2639267571 0)
(2.8857205 0.2638950516 0)
(2.885802486 0.2642851607 0)
(2.885797226 0.2649866451 0)
(2.885678119 0.2651401437 0)
(2.885464173 0.2649904158 0)
(2.885192574 0.2642801882 0)
(2.88523117 0.2639787632 0)
(2.885645787 0.2632775243 0)
(2.887351065 0.2603546734 0)
(2.891496521 0.2525828863 0)
(2.899583554 0.2364539743 0)
(2.911473204 0.2113501394 0)
(2.925174153 0.181823282 0)
(2.942683635 0.141108998 0)
(2.959123455 0.09964376033 0)
(2.971778374 0.07022874137 0)
(2.987037851 0.02795911879 0)
(3.001599714 -0.01839658695 0)
(3.011964687 -0.04466685725 0)
(3.021479801 -0.0704152996 0)
(3.032991661 -0.1144997527 0)
(3.039389994 -0.1482873993 0)
(3.047762275 -0.1679769472 0)
(3.055490952 -0.1856627864 0)
(3.060865739 -0.2185947935 0)
(3.063564594 -0.2459553934 0)
(3.069703252 -0.2605309722 0)
(3.077131671 -0.2694872595 0)
(3.079083259 -0.2925400598 0)
(3.079788902 -0.316226561 0)
(3.08319983 -0.3280866275 0)
(3.091202845 -0.3342373163 0)
(3.092499048 -0.3488986383 0)
(3.091732097 -0.3701852707 0)
(3.092397659 -0.3814808999 0)
(2.88528935 0.2630460425 0)
(2.885513125 0.2626917753 0)
(2.886088508 0.263630069 0)
(2.886476407 0.2649573797 0)
(2.886195031 0.2658438509 0)
(2.885804426 0.2654656938 0)
(2.885181128 0.2644374909 0)
(2.885064272 0.2636630312 0)
(2.885224856 0.2637193274 0)
(2.885505164 0.2641343423 0)
(2.886147309 0.2634286643 0)
(2.888136943 0.2596470452 0)
(2.892563489 0.250716005 0)
(2.900879192 0.2334282559 0)
(2.91219996 0.2092823881 0)
(2.925685223 0.1800559535 0)
(2.942884098 0.1394297751 0)
(2.957494064 0.1039537803 0)
(2.969463907 0.07567324102 0)
(2.985427916 0.03053470641 0)
(2.998095364 -0.007682345551 0)
(3.008634076 -0.02576331489 0)
(3.013947648 -0.04992503749 0)
(3.023582011 -0.09134114985 0)
(3.032087775 -0.1171299632 0)
(3.040934938 -0.128698342 0)
(3.041408073 -0.1488683143 0)
(3.048714131 -0.1867264025 0)
(3.055334704 -0.2103364073 0)
(3.065257275 -0.2204319078 0)
(3.066135893 -0.2321424596 0)
(3.069269835 -0.2634847829 0)
(3.072790492 -0.2845354694 0)
(3.080567862 -0.2930506069 0)
(3.083961017 -0.2986794942 0)
(3.083554178 -0.32176022 0)
(3.085417841 -0.3418065743 0)
(2.885340686 0.2632023595 0)
(2.886196243 0.264012446 0)
(2.886847564 0.2646849478 0)
(2.8867061 0.2657898818 0)
(2.886366999 0.2658569638 0)
(2.885394002 0.2649219717 0)
(2.884765996 0.2637699749 0)
(2.885107907 0.2634937328 0)
(2.885422689 0.2636039928 0)
(2.885769014 0.2644744445 0)
(2.885900786 0.2645195542 0)
(2.886654149 0.2627550865 0)
(2.888729487 0.2581049638 0)
(2.893412131 0.2483716713 0)
(2.901917511 0.2306665188 0)
(2.912821751 0.2077921945 0)
(2.926573963 0.1778389428 0)
(2.942896944 0.1388320565 0)
(2.955877674 0.1088907847 0)
(2.968226977 0.0781362252 0)
(2.984710079 0.03197890894 0)
(2.995890737 0.00116571102 0)
(3.004738323 -0.01735053215 0)
(3.016538361 -0.05544692271 0)
(3.0256727 -0.09420313274 0)
(3.032810927 -0.1161642109 0)
(3.041230914 -0.1334956703 0)
(3.048112009 -0.1637532831 0)
(3.052510644 -0.1940214737 0)
(3.057616923 -0.2118453565 0)
(3.065455106 -0.2223533384 0)
(3.068732694 -0.2416951899 0)
(3.07112717 -0.2684049668 0)
(3.073447501 -0.2836741621 0)
(3.080821538 -0.291099969 0)
(3.083696338 -0.3017790354 0)
(3.084780624 -0.3245609192 0)
(2.888334324 0.265865505 0)
(2.887155752 0.2659560688 0)
(2.886862607 0.2664331544 0)
(2.886637601 0.2661269164 0)
(2.885956825 0.2654234181 0)
(2.884580344 0.2638741412 0)
(2.884413138 0.2632138078 0)
(2.885098689 0.2634078192 0)
(2.885634502 0.2636863236 0)
(2.885979773 0.2644243476 0)
(2.886006229 0.2643667693 0)
(2.886171974 0.2635851945 0)
(2.886914593 0.2615651704 0)
(2.889220895 0.2567201862 0)
(2.894420048 0.2463773093 0)
(2.903083346 0.228559056 0)
(2.913708657 0.2064359973 0)
(2.927774335 0.1753066255 0)
(2.942661363 0.1395682829 0)
(2.954478038 0.1134523007 0)
(2.96805857 0.07857411983 0)
(2.982948707 0.03579080344 0)
(2.993830825 0.01191817678 0)
(3.00096515 -0.005524021007 0)
(3.011593469 -0.04466989845 0)
(3.019955792 -0.07563199556 0)
(3.029082131 -0.08936148257 0)
(3.030617689 -0.1023911957 0)
(3.036833536 -0.1375037299 0)
(3.043740872 -0.1649780927 0)
(3.052931387 -0.1779408858 0)
(3.055797258 -0.1862719653 0)
(3.058008025 -0.2145666546 0)
(3.063211266 -0.240569052 0)
(3.069895788 -0.2524977407 0)
(3.07556482 -0.2573652156 0)
(3.074563073 -0.2758578858 0)
(2.889512647 0.2691583144 0)
(2.887011374 0.2644663445 0)
(2.886983837 0.2658185939 0)
(2.886169111 0.2655841918 0)
(2.884681897 0.2648651653 0)
(2.883992309 0.2638516434 0)
(2.884354243 0.2639368843 0)
(2.885018469 0.2641204227 0)
(2.885862668 0.2642102757 0)
(2.886113547 0.264423593 0)
(2.886119826 0.2643897834 0)
(2.886133446 0.2642439417 0)
(2.886380155 0.2634825987 0)
(2.88746358 0.2611906754 0)
(2.890257777 0.2557231817 0)
(2.895898569 0.2444182884 0)
(2.904354019 0.2267508371 0)
(2.914779693 0.2047594778 0)
(2.928946948 0.172922842 0)
(2.942374966 0.1412463045 0)
(2.95339759 0.1166557187 0)
(2.968553699 0.07786238885 0)
(2.981591088 0.04031728989 0)
(2.990921865 0.02179120183 0)
(2.999424095 -0.003261202798 0)
(3.012425379 -0.04565101634 0)
(3.019039304 -0.07143645245 0)
(3.026879498 -0.0867112613 0)
(3.034647867 -0.1124641816 0)
(3.041558225 -0.1458871785 0)
(3.045677374 -0.1666239838 0)
(3.053189871 -0.1789695855 0)
(3.057895208 -0.1948133268 0)
(3.062186161 -0.2224668974 0)
(3.064312239 -0.2410710897 0)
(3.070646289 -0.2511040688 0)
(3.075079155 -0.2595008937 0)
(2.90872629 0.2321958179 0)
(2.891980193 0.253650523 0)
(2.88685631 0.265454385 0)
(2.884606876 0.2643796176 0)
(2.882725609 0.2641120563 0)
(2.882862963 0.2642744419 0)
(2.883673955 0.2640515509 0)
(2.884284613 0.2638853409 0)
(2.885478773 0.2638498149 0)
(2.886156038 0.2642770987 0)
(2.886292312 0.2645288528 0)
(2.886423102 0.2644467806 0)
(2.886702907 0.2640152323 0)
(2.887162384 0.2630334353 0)
(2.888491582 0.2603895371 0)
(2.891525302 0.2543261499 0)
(2.897307258 0.2423251307 0)
(2.905455923 0.2251334915 0)
(2.916023957 0.2026628331 0)
(2.92990516 0.171043652 0)
(2.941979453 0.1435101456 0)
(2.953030576 0.1179117564 0)
(2.968581446 0.07744594883 0)
(2.979809099 0.04643174604 0)
(2.987926089 0.03127553484 0)
(2.997256332 0.0005560999522 0)
(3.007934425 -0.0372122907 0)
(3.016290515 -0.05592661642 0)
(3.021157263 -0.06432258862 0)
(3.025288315 -0.0927548416 0)
(3.03297453 -0.1239128549 0)
(3.040802644 -0.1399157429 0)
(3.046271528 -0.1470116311 0)
(3.047261737 -0.1692898286 0)
(3.053862345 -0.1981618943 0)
(3.059599156 -0.213689859 0)
(3.066945813 -0.2202054044 0)
(2.929015482 0.1854345399 0)
(2.898653162 0.2748299991 0)
(2.887788468 0.2679120338 0)
(2.88078876 0.2619947426 0)
(2.880951188 0.2632126782 0)
(2.881485242 0.2648958181 0)
(2.881959332 0.2643467757 0)
(2.883282549 0.263353856 0)
(2.884982739 0.2635414388 0)
(2.886001963 0.2643589902 0)
(2.886488606 0.2646892343 0)
(2.886706122 0.2646257246 0)
(2.887070633 0.2642879044 0)
(2.887440398 0.2633894584 0)
(2.887878978 0.2623754178 0)
(2.889317498 0.259472509 0)
(2.89254018 0.2528482689 0)
(2.898443595 0.2404085788 0)
(2.906445777 0.223638378 0)
(2.917390953 0.20015193 0)
(2.930519065 0.1698410921 0)
(2.941417861 0.1457547332 0)
(2.953179168 0.1173936708 0)
(2.967802846 0.07802197521 0)
(2.977552099 0.05350942594 0)
(2.984298385 0.03765976551 0)
(2.997250719 -0.0003445486946 0)
(3.005873883 -0.03293296929 0)
(3.013311719 -0.04820871243 0)
(3.020100347 -0.06569007309 0)
(3.029901466 -0.1006372335 0)
(3.034212198 -0.125026376 0)
(3.041058773 -0.1391290014 0)
(3.047330379 -0.152374241 0)
(3.053034292 -0.1791314412 0)
(3.055790579 -0.2009837058 0)
(3.060851511 -0.2135815926 0)
(2.958325239 0.1051691882 0)
(2.914774857 0.2228561269 0)
(2.912756816 0.2282805717 0)
(2.888968886 0.2532692366 0)
(2.882044762 0.2644799623 0)
(2.88136484 0.2647829915 0)
(2.881558185 0.2634262032 0)
(2.88337645 0.2628832857 0)
(2.884378249 0.2632828183 0)
(2.885347348 0.2637968181 0)
(2.886081351 0.2642819574 0)
(2.886682532 0.2642610055 0)
(2.887273128 0.2641813034 0)
(2.887602186 0.263784006 0)
(2.887753654 0.2633440984 0)
(2.888265603 0.2619960893 0)
(2.88980425 0.258598089 0)
(2.893319965 0.2513084527 0)
(2.899388533 0.2386335054 0)
(2.907426842 0.2219321826 0)
(2.91870325 0.1973801733 0)
(2.930695853 0.1694280887 0)
(2.940667611 0.1474576774 0)
(2.953372386 0.1158673688 0)
(2.966081024 0.08012311677 0)
(2.974833633 0.06079614104 0)
(2.981796719 0.04084230806 0)
(2.994912367 0.001572001098 0)
(3.002793415 -0.02419341543 0)
(3.010624483 -0.03408824122 0)
(3.01430552 -0.05319252705 0)
(3.023238641 -0.08642432106 0)
(3.029888026 -0.105889694 0)
(3.037498877 -0.113785328 0)
(3.037978434 -0.1285773746 0)
(3.04485373 -0.1582686261 0)
(3.050085619 -0.1776923501 0)
(2.991091203 0.021988788 0)
(2.942249933 0.1322390232 0)
(2.935215442 0.1784517139 0)
(2.898034581 0.2663370662 0)
(2.888044879 0.2690055145 0)
(2.882565816 0.2629922442 0)
(2.883025346 0.2629626748 0)
(2.883406315 0.2635721368 0)
(2.883700802 0.2634230078 0)
(2.884380618 0.2630391743 0)
(2.885201302 0.2632009308 0)
(2.886278279 0.2633520418 0)
(2.887215908 0.2638649809 0)
(2.887817508 0.2643195903 0)
(2.887418177 0.2641859137 0)
(2.887459887 0.2639142992 0)
(2.888121102 0.2622316305 0)
(2.890002625 0.2581363802 0)
(2.893954148 0.2498929664 0)
(2.900123685 0.2370102224 0)
(2.908276141 0.2199680952 0)
(2.919511561 0.1949548484 0)
(2.930248286 0.1699572634 0)
(2.939705043 0.1482867563 0)
(2.95311951 0.1143485594 0)
(2.96412206 0.08336410369 0)
(2.971788716 0.06718478088 0)
(2.980841767 0.0407109577 0)
(2.993046005 0.003313791305 0)
(3.000560649 -0.01669026642 0)
(3.006983759 -0.02754166498 0)
(3.0169036 -0.05732394511 0)
(3.024128519 -0.0869927906 0)
(3.02996979 -0.1032205429 0)
(3.037077968 -0.1145664784 0)
(3.043409353 -0.1377790737 0)
(3.047590598 -0.1625980878 0)
(2.99885046 0.00280497369 0)
(2.982013551 0.03874005241 0)
(2.960208405 0.1086337331 0)
(2.913575607 0.2272865709 0)
(2.912197719 0.2282344706 0)
(2.893671997 0.2542247112 0)
(2.887271782 0.2649144038 0)
(2.885483732 0.2657397667 0)
(2.883097899 0.2633208881 0)
(2.8839857 0.2621664256 0)
(2.88476853 0.262148219 0)
(2.88600627 0.2624014057 0)
(2.886770414 0.2631126058 0)
(2.887511285 0.2641465123 0)
(2.887103151 0.2647207204 0)
(2.887034466 0.2646415251 0)
(2.887025389 0.2640665214 0)
(2.887794346 0.2621083899 0)
(2.890025671 0.2574190136 0)
(2.894349008 0.2484421653 0)
(2.90048338 0.2356061124 0)
(2.90874996 0.217982419 0)
(2.919575183 0.1933141776 0)
(2.92928431 0.1710937468 0)
(2.939127885 0.1478679569 0)
(2.952604233 0.113325511 0)
(2.962347166 0.08733984758 0)
(2.96932393 0.07170636183 0)
(2.980566455 0.03981452389 0)
(2.990633679 0.007410898021 0)
(2.99893446 -0.007678058259 0)
(3.003880327 -0.0188025923 0)
(3.013599513 -0.05054294122 0)
(3.020291935 -0.07503448696 0)
(3.028422351 -0.08573582509 0)
(3.030432061 -0.09345292942 0)
(3.035489571 -0.1203823292 0)
(2.999959528 8.885675678e-05 0)
(2.996695274 0.007873049649 0)
(2.986664665 0.03577512355 0)
(2.943146034 0.1362843134 0)
(2.938293714 0.1715664355 0)
(2.902811511 0.2546255102 0)
(2.895129434 0.2696571388 0)
(2.888185731 0.2643676762 0)
(2.883964618 0.2616467919 0)
(2.884037448 0.2616712669 0)
(2.88445734 0.262050684 0)
(2.88482921 0.2620299424 0)
(2.885476322 0.2629177753 0)
(2.886157889 0.2643707952 0)
(2.88615165 0.2649700227 0)
(2.886033515 0.2648887134 0)
(2.886141412 0.2645460532 0)
(2.88636545 0.2636320097 0)
(2.887385402 0.2613324741 0)
(2.889855569 0.2562933298 0)
(2.894277008 0.2471362294 0)
(2.900344181 0.2344918159 0)
(2.908941792 0.216066883 0)
(2.919348353 0.192421747 0)
(2.92856266 0.1721088509 0)
(2.939457556 0.1463145838 0)
(2.952117331 0.1131310469 0)
(2.960857441 0.09163400751 0)
(2.967703649 0.07404668002 0)
(2.980588221 0.03910281094 0)
(2.98925631 0.01189071146 0)
(2.996724361 0.0003238331992 0)
(3.003267136 -0.01768095231 0)
(3.014286689 -0.05088018211 0)
(3.019552434 -0.07089960327 0)
(3.026456652 -0.08128860374 0)
(3.032444873 -0.09844864855 0)
(2.999998719 2.994795892e-06 0)
(2.999726488 0.0006875539371 0)
(2.997075931 0.007663802616 0)
(2.978235953 0.04947131356 0)
(2.963823968 0.1079498384 0)
(2.915976074 0.227451592 0)
(2.915387629 0.230957579 0)
(2.894246059 0.2545964873 0)
(2.888841398 0.2611622875 0)
(2.887562765 0.2654244527 0)
(2.88432339 0.2634590901 0)
(2.882885686 0.2624027107 0)
(2.883383572 0.2630875885 0)
(2.884095164 0.2643977655 0)
(2.884641778 0.2650878499 0)
(2.884948948 0.2651247593 0)
(2.885179272 0.2647999848 0)
(2.885224392 0.2643150994 0)
(2.885599535 0.2632887877 0)
(2.886802409 0.2607787003 0)
(2.889468771 0.2554040835 0)
(2.894035199 0.2461264024 0)
(2.900375231 0.2333028442 0)
(2.909526464 0.2140709882 0)
(2.919532902 0.1919563688 0)
(2.928599184 0.1723813766 0)
(2.940447701 0.1441454347 0)
(2.951730448 0.1137771919 0)
(2.959619242 0.09578375991 0)
(2.967509769 0.07435161153 0)
(2.980168887 0.03952151694 0)
(2.988214921 0.01742335873 0)
(2.994863028 0.008171525893 0)
(3.00203701 -0.014896642 0)
(3.010840478 -0.04463354808 0)
(3.017544586 -0.05982289876 0)
(3.022741968 -0.0651454932 0)
(2.999999987 2.713314182e-08 0)
(2.99998166 4.912815183e-05 0)
(2.999686426 0.000796468487 0)
(2.995143858 0.01169963027 0)
(2.985982484 0.04044004852 0)
(2.944831751 0.1377361781 0)
(2.935937656 0.1734699909 0)
(2.905628997 0.2429322299 0)
(2.895672047 0.2682398472 0)
(2.889829681 0.262330861 0)
(2.884053931 0.2604229305 0)
(2.882622525 0.2612791784 0)
(2.882294621 0.263918579 0)
(2.882531652 0.2645275467 0)
(2.883181067 0.2651052673 0)
(2.884032391 0.2651242828 0)
(2.884510177 0.2647427354 0)
(2.884700692 0.2643965078 0)
(2.884827944 0.2640493638 0)
(2.885290842 0.2630030367 0)
(2.886616389 0.2603185997 0)
(2.889550115 0.2545430294 0)
(2.894388054 0.2450579673 0)
(2.901220561 0.2316857814 0)
(2.910694598 0.2120455675 0)
(2.920174683 0.1916476686 0)
(2.929302519 0.1716219016 0)
(2.941533165 0.1419441105 0)
(2.951496827 0.115257858 0)
(2.958697748 0.09931325026 0)
(2.968376638 0.07333349778 0)
(2.979527869 0.04095051478 0)
(2.987061123 0.0237538255 0)
(2.992203681 0.01391936227 0)
(3.002242648 -0.01510027815 0)
(3.009026165 -0.04098614442 0)
(3.015190848 -0.05314789594 0)
(3 3.729843268e-10 0)
(2.999999434 1.506829068e-06 0)
(2.99997399 6.652350286e-05 0)
(2.999433324 0.001439455644 0)
(2.996552254 0.009373788363 0)
(2.976576994 0.05389455771 0)
(2.963132358 0.1078620994 0)
(2.915759367 0.2285138283 0)
(2.910741059 0.2360058322 0)
(2.89648422 0.2503285617 0)
(2.888977611 0.254906543 0)
(2.88523245 0.2628631386 0)
(2.883600077 0.263510133 0)
(2.882589403 0.2635925871 0)
(2.882920416 0.2642790446 0)
(2.883631463 0.2649589595 0)
(2.884044059 0.264944264 0)
(2.884446203 0.2645756613 0)
(2.884561389 0.2644004627 0)
(2.884782235 0.2641096701 0)
(2.885393433 0.2629806203 0)
(2.886970387 0.259956189 0)
(2.890274859 0.2536140361 0)
(2.895399364 0.2438374712 0)
(2.902655461 0.2297865192 0)
(2.91207038 0.2102022966 0)
(2.920991577 0.1912538769 0)
(2.93050364 0.1698140779 0)
(2.942418663 0.1401582704 0)
(2.951297257 0.1175306017 0)
(2.958123551 0.1016824009 0)
(2.969178077 0.07208242732 0)
(2.978286198 0.04396791677 0)
(2.985292397 0.0309045028 0)
(2.989905683 0.0178737329 0)
(3.000295937 -0.01274556225 0)
(3.006245093 -0.03402303502 0)
(3 1.405858309e-12 0)
(2.999999987 3.679492577e-08 0)
(2.999998887 2.772683795e-06 0)
(2.99995258 0.0001245375626 0)
(2.999526551 0.001228259323 0)
(2.994362215 0.01317508563 0)
(2.984214786 0.04451738011 0)
(2.947493075 0.1339946891 0)
(2.924615697 0.1887500154 0)
(2.908806384 0.2280351891 0)
(2.897618348 0.264304002 0)
(2.889210266 0.2621869643 0)
(2.884404887 0.2611482202 0)
(2.883910402 0.2621350551 0)
(2.883920544 0.2633785224 0)
(2.884177745 0.2644950021 0)
(2.884151757 0.2643727049 0)
(2.884439795 0.2643871151 0)
(2.884607006 0.2645315527 0)
(2.884768888 0.2645854978 0)
(2.885070746 0.2642243285 0)
(2.885883297 0.2628016595 0)
(2.88779281 0.2592737304 0)
(2.891399839 0.2524651765 0)
(2.896702941 0.2425025623 0)
(2.904278267 0.2277317615 0)
(2.913374376 0.2085632507 0)
(2.921838452 0.1905394982 0)
(2.931860783 0.1673805719 0)
(2.942824217 0.1393422369 0)
(2.950802489 0.1203307838 0)
(2.95774201 0.1025231764 0)
(2.969007375 0.07163844623 0)
(2.976736678 0.04830631753 0)
(2.982716996 0.03798515128 0)
(2.988791144 0.01923428474 0)
(2.998819144 -0.01080806057 0)
(3 -3.682139973e-15 0)
(3 3.772770842e-10 0)
(2.999999957 1.057884715e-07 0)
(2.999997711 5.881891257e-06 0)
(2.999956306 0.0001111540904 0)
(2.999208089 0.001964442284 0)
(2.996052567 0.01068647492 0)
(2.975652967 0.05761177517 0)
(2.961206261 0.1063216745 0)
(2.914781228 0.2230757583 0)
(2.900261268 0.2569858916 0)
(2.896936687 0.249009688 0)
(2.889843229 0.2568248935 0)
(2.887813358 0.2622800526 0)
(2.886384456 0.2635767799 0)
(2.884729823 0.2630352233 0)
(2.884589283 0.2637593761 0)
(2.884750676 0.2639748489 0)
(2.884950178 0.264281574 0)
(2.884990137 0.2646291734 0)
(2.885097244 0.2646160149 0)
(2.885510068 0.2640647519 0)
(2.886563825 0.2623493693 0)
(2.888780081 0.2584160965 0)
(2.892598798 0.2513418728 0)
(2.898075706 0.2410931566 0)
(2.905836767 0.2256035586 0)
(2.914388881 0.2072200435 0)
(2.922541281 0.1894451179 0)
(2.932841167 0.1650213518 0)
(2.942603932 0.1396737397 0)
(2.949806744 0.1231082172 0)
(2.957497267 0.102221782 0)
(2.968030918 0.07239931743 0)
(2.97519225 0.05343900079 0)
(2.980348489 0.04389455646 0)
(2.988536472 0.01985589788 0)
(3 -5.900623168e-15 0)
(3 2.723757708e-12 0)
(2.999999999 2.393333122e-09 0)
(2.999999913 2.23238694e-07 0)
(2.999997523 6.233260969e-06 0)
(2.999928342 0.0001853876968 0)
(2.999383484 0.001630291658 0)
(2.994049646 0.01388584396 0)
(2.981408545 0.05126193109 0)
(2.952666788 0.1235058836 0)
(2.920373495 0.1960741513 0)
(2.906470887 0.2305823933 0)
(2.895620634 0.2537884319 0)
(2.893353922 0.2643750452 0)
(2.888245409 0.2620595223 0)
(2.88561525 0.2620736431 0)
(2.885680962 0.2629608209 0)
(2.88558239 0.2639520906 0)
(2.885425567 0.2640774833 0)
(2.885298142 0.2641710316 0)
(2.885274492 0.2642475337 0)
(2.885492902 0.264177376 0)
(2.88612561 0.2634825656 0)
(2.887394787 0.2615785527 0)
(2.889827728 0.25736006 0)
(2.893764933 0.2501467189 0)
(2.899374784 0.2394625639 0)
(2.907024491 0.2235774326 0)
(2.914907599 0.2062220479 0)
(2.922936493 0.1880909719 0)
(2.933165738 0.1632572115 0)
(2.941903071 0.1408502766 0)
(2.948584842 0.1253783751 0)
(2.957529563 0.1014344558 0)
(2.967102768 0.07396001693 0)
(2.973988197 0.05869037371 0)
(2.97870075 0.04773288504 0)
(3 -5.793852753e-15 0)
(3 -8.225509635e-16 0)
(3 5.572040575e-11 0)
(2.999999998 4.800853402e-09 0)
(2.999999896 2.633301085e-07 0)
(2.999995789 1.094810428e-05 0)
(2.999942649 0.0001490043642 0)
(2.999037067 0.002388847761 0)
(2.995704557 0.01158579224 0)
(2.976320908 0.05842471269 0)
(2.952592619 0.1168920527 0)
(2.925638663 0.1957004645 0)
(2.896964979 0.2711513215 0)
(2.887781898 0.2572538808 0)
(2.888763083 0.256334075 0)
(2.887959008 0.2608818605 0)
(2.887570678 0.2645768532 0)
(2.886935538 0.2642938265 0)
(2.885776649 0.2639469586 0)
(2.885623177 0.2640522551 0)
(2.885506156 0.2642906198 0)
(2.885673372 0.2640701645 0)
(2.886012173 0.2636959547 0)
(2.88670268 0.2628743699 0)
(2.888083139 0.2607904844 0)
(2.890676031 0.2563173138 0)
(2.894678508 0.248941759 0)
(2.900335407 0.2377213506 0)
(2.90764312 0.2218556847 0)
(2.914962763 0.205471771 0)
(2.923156397 0.1865814199 0)
(2.93313731 0.1620527087 0)
(2.941136229 0.1424378564 0)
(2.947774261 0.126759743 0)
(2.957971881 0.1004881871 0)
(2.966520874 0.07612561022 0)
(2.972987003 0.06394698531 0)
(3 -3.364233692e-15 0)
(3 -1.657781802e-15 0)
(3 6.904381311e-13 0)
(3 7.491901038e-11 0)
(2.999999997 7.221851901e-09 0)
(2.999999827 4.422037582e-07 0)
(2.999996288 9.492659055e-06 0)
(2.999911548 0.0002249505109 0)
(2.999229819 0.002062880737 0)
(2.994349482 0.01348265202 0)
(2.978961162 0.05505415813 0)
(2.951127098 0.1260181388 0)
(2.922302039 0.198388409 0)
(2.910436686 0.2230692705 0)
(2.893596187 0.2461853625 0)
(2.88981131 0.2641057058 0)
(2.888131653 0.2639403007 0)
(2.887327557 0.2630878694 0)
(2.886235903 0.2637550198 0)
(2.886175571 0.2644133246 0)
(2.885998791 0.2644069143 0)
(2.885858632 0.2639757926 0)
(2.886005269 0.2637982151 0)
(2.886334515 0.2634246275 0)
(2.887055363 0.2623752038 0)
(2.888550626 0.2599625148 0)
(2.891255596 0.2551877378 0)
(2.895266784 0.2475898998 0)
(2.900939431 0.2358675841 0)
(2.907899732 0.2203639102 0)
(2.91491966 0.2047230021 0)
(2.923552368 0.1848495755 0)
(2.933113419 0.1613396814 0)
(2.940580524 0.144279232 0)
(2.947808792 0.1269869034 0)
(2.9585185 0.09969880326 0)
(2.966176058 0.07897049427 0)
(3 -1.002196777e-16 0)
(3 5.592492439e-16 0)
(3 8.85813665e-15 0)
(3 5.915895889e-13 0)
(3 1.761728578e-10 0)
(2.999999995 1.250535972e-08 0)
(2.999999834 4.11040342e-07 0)
(2.999993809 1.596085406e-05 0)
(2.999928885 0.0001853326725 0)
(2.998946217 0.002643166823 0)
(2.995000986 0.01324921287 0)
(2.979623992 0.05085224244 0)
(2.94230408 0.1380406426 0)
(2.933194477 0.1832467288 0)
(2.899759235 0.2635052704 0)
(2.88830362 0.2585185058 0)
(2.885392128 0.2551484018 0)
(2.887205366 0.2608587626 0)
(2.88711558 0.2644051671 0)
(2.887160184 0.2647390295 0)
(2.886644722 0.2644143896 0)
(2.886139921 0.2639275769 0)
(2.886136634 0.2639457895 0)
(2.886158274 0.2638131454 0)
(2.886439393 0.2631528563 0)
(2.887149428 0.261868222 0)
(2.888749762 0.2591998898 0)
(2.891554265 0.2541649912 0)
(2.895608349 0.2462394014 0)
(2.901359673 0.2340378107 0)
(2.908097084 0.2190948734 0)
(2.915161422 0.2036970989 0)
(2.924297899 0.1828391337 0)
(2.933227726 0.1611769134 0)
(2.940297112 0.1460260223 0)
(2.948553551 0.1261827758 0)
(2.95873506 0.09959706161 0)
(3 -6.397102042e-16 0)
(3 6.716549901e-17 0)
(3 -2.918726591e-15 0)
(3 3.283881683e-15 0)
(3 3.06999104e-12 0)
(3 2.701750233e-10 0)
(2.999999994 1.459267919e-08 0)
(2.999999729 6.826192488e-07 0)
(2.99999457 1.404566726e-05 0)
(2.99989878 0.0002527998225 0)
(2.999091203 0.002418795482 0)
(2.99426128 0.01399900719 0)
(2.977934172 0.05267528956 0)
(2.949385526 0.1324309707 0)
(2.919978109 0.2111318275 0)
(2.912908638 0.2210877061 0)
(2.892760568 0.2426462003 0)
(2.887472356 0.2621719499 0)
(2.88689225 0.2630822308 0)
(2.886910838 0.2627923671 0)
(2.886717282 0.2636706649 0)
(2.886839371 0.2641613382 0)
(2.886449604 0.2644918751 0)
(2.886195856 0.2642335119 0)
(2.886220852 0.2636106317 0)
(2.886349111 0.2629391846 0)
(2.887115402 0.2615630912 0)
(2.888853842 0.2585769105 0)
(2.891725249 0.2531760223 0)
(2.895919462 0.2447529531 0)
(2.90185136 0.2321703395 0)
(2.908493178 0.2179002875 0)
(2.915829439 0.2021997614 0)
(2.925165343 0.1808776879 0)
(2.933395056 0.1615462998 0)
(2.940216091 0.1471887932 0)
(2.949453778 0.1248997867 0)
(3 -9.909794681e-16 0)
(3 -2.798431172e-16 0)
(3 -2.592139092e-15 0)
(3 -6.422397885e-15 0)
(3 3.286890016e-14 0)
(3 3.878467769e-12 0)
(3 3.999467042e-10 0)
(2.99999999 2.495505944e-08 0)
(2.999999753 6.177624628e-07 0)
(2.999991584 2.151952508e-05 0)
(2.999907579 0.0002398118319 0)
(2.99895992 0.002550168186 0)
(2.993575219 0.01646446129 0)
(2.982252142 0.0469139253 0)
(2.940020966 0.1453593175 0)
(2.934098183 0.1827105467 0)
(2.901576934 0.2600589856 0)
(2.890790195 0.262673866 0)
(2.884685747 0.2561323392 0)
(2.886831108 0.2592055479 0)
(2.886799396 0.2630827578 0)
(2.88704097 0.2644474713 0)
(2.886753741 0.264144898 0)
(2.886362157 0.2641983395 0)
(2.886167343 0.2639740627 0)
(2.886162389 0.2636255483 0)
(2.886345295 0.2630422234 0)
(2.887191291 0.2614501828 0)
(2.888998897 0.2580002583 0)
(2.891936968 0.2521741207 0)
(2.896382224 0.2431829351 0)
(2.902471059 0.2304389482 0)
(2.909047643 0.2167563045 0)
(2.916720594 0.2003690375 0)
(2.925880178 0.1793068843 0)
(2.933500869 0.1622123328 0)
(2.940281782 0.1475202068 0)
(3 1.878615999e-15 0)
(3 2.005560707e-15 0)
(3 2.305650906e-15 0)
(3 -3.492275611e-15 0)
(3 -3.54085475e-15 0)
(3 3.452676134e-14 0)
(3 8.767662089e-12 0)
(3 5.983900803e-10 0)
(2.99999999 2.530342967e-08 0)
(2.999999606 9.979212551e-07 0)
(2.999992588 1.936096947e-05 0)
(2.999877294 0.0003054385804 0)
(2.998996197 0.002621047256 0)
(2.994087615 0.01564963823 0)
(2.976572197 0.05542452111 0)
(2.953315473 0.1262521653 0)
(2.9166023 0.2238255768 0)
(2.913228136 0.2271978949 0)
(2.894093723 0.2446033264 0)
(2.88838997 0.2602655945 0)
(2.886616348 0.2628083315 0)
(2.885675536 0.262201665 0)
(2.886368592 0.2629585234 0)
(2.886448675 0.2638725022 0)
(2.886491241 0.2642447526 0)
(2.886220593 0.263969958 0)
(2.886213613 0.2637373975 0)
(2.886468738 0.2630682656 0)
(2.887382871 0.2611935221 0)
(2.889238493 0.2573210749 0)
(2.89224601 0.2511301262 0)
(2.896942809 0.2416156895 0)
(2.903083024 0.2289316373 0)
(2.909618007 0.2155919338 0)
(2.917637087 0.1983988302 0)
(2.926384396 0.1781851067 0)
(2.933484874 0.1629730084 0)
(3 2.863505893e-15 0)
(3 2.854837954e-15 0)
(3 2.648612044e-15 0)
(3 3.595851941e-16 0)
(3 -5.115170579e-15 0)
(3 -6.616234043e-15 0)
(3 1.143942415e-13 0)
(3 1.081476791e-11 0)
(3 6.308903049e-10 0)
(2.999999985 3.924269177e-08 0)
(2.999999654 8.982787652e-07 0)
(2.999990257 2.479135366e-05 0)
(2.999876974 0.0003287712291 0)
(2.999072111 0.002353139432 0)
(2.992829649 0.01827705701 0)
(2.981664937 0.04987715155 0)
(2.940098232 0.1471741494 0)
(2.93622173 0.179548116 0)
(2.902694557 0.2534288422 0)
(2.893426679 0.2639882686 0)
(2.884289989 0.2578756998 0)
(2.885677502 0.2582690593 0)
(2.886004511 0.2618051789 0)
(2.886531306 0.2639964787 0)
(2.886730408 0.2640504521 0)
(2.88641476 0.2637786794 0)
(2.886377797 0.2637771761 0)
(2.886380092 0.2637124939 0)
(2.886653551 0.2628998927 0)
(2.887536556 0.2606582611 0)
(2.889396427 0.2564838073 0)
(2.892547694 0.2500591676 0)
(2.897517565 0.2401408302 0)
(2.903622435 0.2276834739 0)
(2.91016996 0.2144008832 0)
(2.918479647 0.196499168 0)
(2.926711482 0.1775359062 0)
(3 4.388661432e-15 0)
(3 3.783476261e-15 0)
(3 3.432711169e-15 0)
(3 1.440748149e-15 0)
(3 -3.439687709e-15 0)
(3 -9.784278145e-15 0)
(3 -1.058534098e-14 0)
(3 9.099806325e-14 0)
(3 1.276987911e-11 0)
(3 8.530534945e-10 0)
(2.999999987 3.297092296e-08 0)
(2.999999496 1.293998467e-06 0)
(2.999991464 2.246010113e-05 0)
(2.999867553 0.0003376504945 0)
(2.998931201 0.002747655287 0)
(2.994172429 0.01574626448 0)
(2.973607547 0.06222537114 0)
(2.957618707 0.1209967414 0)
(2.916149228 0.2240717026 0)
(2.910172053 0.2297272601 0)
(2.894455908 0.248446952 0)
(2.88901216 0.259360903 0)
(2.888127437 0.2645233134 0)
(2.885774115 0.263770599 0)
(2.886041496 0.2627781387 0)
(2.886434805 0.2634579008 0)
(2.886503892 0.2636510393 0)
(2.886475347 0.2637821695 0)
(2.886478625 0.2634997665 0)
(2.886753895 0.2624428887 0)
(2.887693031 0.2600197729 0)
(2.889675733 0.2557466031 0)
(2.893040615 0.249049129 0)
(2.898164562 0.2387716397 0)
)
;

boundaryField
{
    inlet
    {
        type            fixedValue;
        value           nonuniform 0();
    }
    outlet
    {
        type            inletOutlet;
        inletValue      nonuniform 0();
        value           nonuniform 0();
    }
    bottom
    {
        type            slip;
    }
    top
    {
        type            slip;
    }
    obstacle
    {
        type            slip;
    }
    defaultFaces
    {
        type            empty;
    }
    procBoundary27to20
    {
        type            processor;
        value           nonuniform List<vector> 
31
(
(2.877609372 0.2635852024 0)
(2.879354964 0.2636341822 0)
(2.883280075 0.2639417649 0)
(2.887014456 0.2643871421 0)
(2.888702117 0.2646073016 0)
(2.888787485 0.2647240582 0)
(2.888014532 0.2646359146 0)
(2.886850364 0.2645805006 0)
(2.885812629 0.2643961587 0)
(2.885274744 0.2644733728 0)
(2.885145495 0.2642345885 0)
(2.885268706 0.2643726845 0)
(2.885570643 0.2637890546 0)
(2.885755836 0.2632654204 0)
(2.886138367 0.2633458757 0)
(2.886199755 0.2653168963 0)
(2.884981581 0.2661731865 0)
(2.884604844 0.2640290248 0)
(2.889524974 0.2608916116 0)
(2.891172642 0.2752272513 0)
(2.90871179 0.2264211405 0)
(2.934818659 0.1531413836 0)
(2.980204602 0.0432294174 0)
(2.998300292 0.00346835051 0)
(2.999994401 2.894720732e-06 0)
(3.000000013 4.894569484e-08 0)
(2.999999999 3.553466575e-12 0)
(3 -1.58449696e-13 0)
(3 -6.689949271e-14 0)
(3 -2.147356637e-14 0)
(3 -6.191543272e-15 0)
)
;
    }
    procBoundary27to21
    {
        type            processor;
        value           nonuniform List<vector> 
35
(
(3.132219724 -0.964539212 0)
(3.133951555 -0.9595955066 0)
(3.13201572 -0.9583805404 0)
(3.131991688 -0.9544958141 0)
(3.13233741 -0.9516878926 0)
(3.044205381 -1.245380782 0)
(3.158149991 -1.269008214 0)
(3.328987993 -1.262001385 0)
(3.454459879 -1.304360528 0)
(3.371609921 -1.356815602 0)
(3.183298932 -1.252795847 0)
(3.071346865 -1.158933601 0)
(3.013077981 -1.110399288 0)
(2.9875157 -1.085090996 0)
(2.998282544 -1.075348407 0)
(3.022297374 -1.074515963 0)
(3.048461537 -1.072827374 0)
(3.077059876 -1.064807011 0)
(3.104611131 -1.046779846 0)
(3.11356918 -1.039146086 0)
(3.118396822 -1.039079742 0)
(3.124174097 -1.027652267 0)
(3.13205143 -1.018515898 0)
(3.132600676 -1.0094656 0)
(3.128161457 -1.00814873 0)
(3.128619611 -1.000330804 0)
(3.133997426 -0.9898182393 0)
(3.134232597 -0.9855956436 0)
(3.130253272 -0.9848885517 0)
(3.129311627 -0.9797959633 0)
(3.133244278 -0.972092873 0)
(3.134961062 -0.9664492323 0)
(3.132581729 -0.963108276 0)
(3.131653108 -0.9612589612 0)
(3.131653108 -0.9612589612 0)
)
;
    }
    procBoundary27to26
    {
        type            processor;
        value           nonuniform List<vector> 9((3 -2.877274317e-15 0) (3 -1.521905458e-15 0) (3 1.516714017e-16 0) (3 1.183640142e-15 0) (3 -4.018567148e-16 0) (3 1.79821347e-15 0) (3 2.439852959e-15 0) (3 3.557287555e-15 0) (3 4.191179009e-15 0));
    }
    procBoundary27to28
    {
        type            processor;
        value           nonuniform List<vector> 
55
(
(3.136179424 -0.9387528185 0)
(3.136491281 -0.9306955766 0)
(3.13635679 -0.9285453832 0)
(3.135324209 -0.929011211 0)
(3.134663643 -0.9233837066 0)
(3.134663643 -0.9233837066 0)
(3.137431092 -0.9126711401 0)
(3.138030319 -0.9040016199 0)
(3.137192744 -0.8986307982 0)
(3.136475712 -0.8991274695 0)
(3.135521135 -0.8950806041 0)
(3.136416673 -0.8872479079 0)
(3.136469579 -0.8795361137 0)
(3.135243901 -0.8748222489 0)
(3.135243901 -0.8748222489 0)
(3.136500865 -0.8713518114 0)
(3.136464706 -0.8665505589 0)
(3.137027006 -0.8589998442 0)
(3.136385895 -0.8517895601 0)
(3.136524145 -0.8498522957 0)
(3.136085057 -0.8449246901 0)
(3.135700929 -0.8389859353 0)
(3.134709597 -0.8348231345 0)
(3.132467501 -0.8331806219 0)
(3.132467501 -0.8331806219 0)
(3.105373799 -0.8045027324 0)
(3.139124063 -0.8084711601 0)
(3.131442417 -0.7485686655 0)
(3.131099876 -0.7444010073 0)
(3.130649475 -0.6880719749 0)
(3.131858955 -0.677837969 0)
(3.129204727 -0.6265545441 0)
(3.128852448 -0.6141575177 0)
(3.122893645 -0.5692904178 0)
(3.117885666 -0.5611473359 0)
(3.113209077 -0.5186017015 0)
(3.113458022 -0.5052996756 0)
(3.108846207 -0.4583525447 0)
(3.109859045 -0.4400567024 0)
(3.103387617 -0.3940000822 0)
(3.099500031 -0.3867611436 0)
(3.090074695 -0.3501926709 0)
(3.08516367 -0.3393338723 0)
(3.077965002 -0.2998013566 0)
(3.077221322 -0.2813853463 0)
(3.066344377 -0.2336110326 0)
(3.066634937 -0.2212260166 0)
(3.057915154 -0.1867050367 0)
(3.05123749 -0.177856473 0)
(3.040940033 -0.1435935879 0)
(3.038730251 -0.1257346478 0)
(3.025370424 -0.08497738797 0)
(3.020362321 -0.06316814353 0)
(3.013209238 -0.04246285598 0)
(3.004424972 -0.02814693845 0)
)
;
    }
    procBoundary27to33
    {
        type            processor;
        value           nonuniform List<vector> 
38
(
(2.904116587 0.2266600632 0)
(2.910754899 0.2131841276 0)
(2.919225396 0.1948409009 0)
(3 5.552850333e-15 0)
(3 8.42012304e-15 0)
(3 9.799800427e-15 0)
(3 7.960886416e-15 0)
(3 4.402055358e-15 0)
(3 -6.527065068e-15 0)
(3 -7.068371745e-15 0)
(3 -2.543239379e-15 0)
(3 1.585785286e-13 0)
(3 1.493775476e-11 0)
(3 7.557631637e-10 0)
(2.999999982 4.688885035e-08 0)
(2.999999549 1.180061814e-06 0)
(2.999990185 2.441045451e-05 0)
(2.99985368 0.0003910383388 0)
(2.999071629 0.002429115288 0)
(2.992380737 0.01878216929 0)
(2.981176141 0.0522402787 0)
(2.940028828 0.1495266879 0)
(2.933305233 0.1760235583 0)
(2.903978522 0.2445725634 0)
(2.895583457 0.2632846775 0)
(2.889778947 0.2602136157 0)
(2.885452067 0.2596621728 0)
(2.885930221 0.2619247021 0)
(2.886252865 0.2640995629 0)
(2.886313871 0.2637027435 0)
(2.886361678 0.263662804 0)
(2.88637201 0.2637180256 0)
(2.88652081 0.2633518568 0)
(2.886964829 0.2620854886 0)
(2.888057685 0.2594965231 0)
(2.890174961 0.2550661342 0)
(2.904116587 0.2266600632 0)
(2.893697639 0.2480053583 0)
)
;
    }
    procBoundary27to34
    {
        type            processor;
        value           nonuniform List<vector> 9((2.996783783 -0.007249024306 0) (2.988804332 0.02003979592 0) (2.978224815 0.04948952972 0) (2.971941641 0.06878240129 0) (2.965780425 0.08244998463 0) (2.958571687 0.1003291852 0) (2.950112352 0.1236129094 0) (2.940525093 0.1470414906 0) (2.933393341 0.1636476459 0));
    }
}


// ************************************************************************* //
