/*--------------------------------*- C++ -*----------------------------------*\
  =========                 |
  \\      /  F ield         | OpenFOAM: The Open Source CFD Toolbox
   \\    /   O peration     | Website:  https://openfoam.org
    \\  /    A nd           | Version:  7
     \\/     M anipulation  |
\*---------------------------------------------------------------------------*/
FoamFile
{
    version     2.0;
    format      ascii;
    class       volVectorField;
    location    "4.2";
    object      U;
}
// * * * * * * * * * * * * * * * * * * * * * * * * * * * * * * * * * * * * * //

dimensions      [0 1 -1 0 0 0 0];

internalField   nonuniform List<vector> 
2222
(
(2.894127511 0.006342838641 0)
(2.893598059 0.007090455911 0)
(2.892302355 0.008252892893 0)
(2.892901182 0.009133385052 0)
(2.894398601 0.008919971968 0)
(2.8960361 0.008731545761 0)
(2.897271166 0.008241804854 0)
(2.897499559 0.007826679124 0)
(2.897536723 0.006254068783 0)
(2.897565123 0.004994668687 0)
(2.897599568 0.004717774866 0)
(2.897478148 0.005782806443 0)
(2.896851926 0.008413026574 0)
(2.896330421 0.01071702138 0)
(2.895953578 0.01178767264 0)
(2.895608579 0.01132677526 0)
(2.895443816 0.009237072702 0)
(2.895626903 0.004980566883 0)
(2.895973544 0.0004293409073 0)
(2.896198555 -0.001237979221 0)
(2.895813003 -0.0005434570299 0)
(2.895226098 0.001204257896 0)
(2.894589022 0.003204464061 0)
(2.894211818 0.003871331901 0)
(2.893986438 0.003717799872 0)
(2.893726315 0.002824483216 0)
(2.893314407 0.001404318917 0)
(2.892466814 0.0005735740228 0)
(2.891392116 0.0004466537857 0)
(2.890534279 0.0008963926926 0)
(2.889940295 0.001349154891 0)
(2.88932627 0.001134169473 0)
(2.888769257 0.0006183089261 0)
(2.887713303 0.0002938786406 0)
(2.891302134 0.006143532891 0)
(2.890820412 0.006832169051 0)
(2.889657378 0.007520491679 0)
(2.890817448 0.007939123676 0)
(2.89178379 0.007383921573 0)
(2.892490033 0.007069785739 0)
(2.893161817 0.007238953019 0)
(2.893457027 0.007785806173 0)
(2.893432247 0.007007981926 0)
(2.893408913 0.005469939919 0)
(2.893305128 0.00458892964 0)
(2.892893658 0.004377030412 0)
(2.89215917 0.005618094085 0)
(2.891460057 0.007733508215 0)
(2.891208005 0.00969889762 0)
(2.891303231 0.01114962947 0)
(2.891428852 0.01146542494 0)
(2.891802795 0.01020733451 0)
(2.891882828 0.0071338085 0)
(2.891929394 0.003551034597 0)
(2.891855654 0.001617879385 0)
(2.89162617 0.001682009834 0)
(2.891127453 0.003102122612 0)
(2.8905916 0.00429575716 0)
(2.890244834 0.004628776367 0)
(2.889772836 0.00426026861 0)
(2.889136025 0.002415007541 0)
(2.888592045 -0.0005098555798 0)
(2.888123504 -0.001827570079 0)
(2.887273695 -0.001610529147 0)
(2.886372033 -0.001463465446 0)
(2.885489887 -0.001885442662 0)
(2.884818352 -0.001880548653 0)
(2.884057752 4.78432565e-05 0)
(2.888442561 0.007685944235 0)
(2.887967235 0.008328707889 0)
(2.886924171 0.01008008254 0)
(2.887579208 0.009297904048 0)
(2.888337807 0.006898307196 0)
(2.888893432 0.005789029649 0)
(2.889375504 0.005517069625 0)
(2.889568577 0.006079939704 0)
(2.889570666 0.006151057432 0)
(2.889434406 0.00491212247 0)
(2.889219971 0.003338252551 0)
(2.888975328 0.002094765599 0)
(2.888523123 0.002338095752 0)
(2.887412428 0.004327844176 0)
(2.886457136 0.006257013255 0)
(2.886382728 0.007886276687 0)
(2.886759023 0.00908237451 0)
(2.88701139 0.00991418947 0)
(2.887443637 0.01059747855 0)
(2.887562175 0.009070194294 0)
(2.887703507 0.006260923037 0)
(2.887711844 0.004570264257 0)
(2.887433578 0.004675370052 0)
(2.886939517 0.005672312899 0)
(2.886467981 0.006326575 0)
(2.886031686 0.006276626745 0)
(2.885289246 0.005248633969 0)
(2.884446937 0.00271609845 0)
(2.883932193 -0.000756777596 0)
(2.883425591 -0.002696114619 0)
(2.8827428 -0.003123250154 0)
(2.881934251 -0.00319267545 0)
(2.881662369 -0.002504426824 0)
(2.881225655 9.401949359e-05 0)
(2.885628553 0.008516043078 0)
(2.885136662 0.009220986215 0)
(2.88403584 0.01104851542 0)
(2.883794273 0.01091495765 0)
(2.884780559 0.007196696129 0)
(2.885800314 0.004199786871 0)
(2.885939791 0.003966544896 0)
(2.885861856 0.004728715952 0)
(2.8858906 0.005518038405 0)
(2.885633612 0.004985287509 0)
(2.885290436 0.003479134304 0)
(2.885039598 0.001969854633 0)
(2.884605715 0.001623504162 0)
(2.88360854 0.002767017629 0)
(2.88254436 0.004241836251 0)
(2.88217202 0.005677644348 0)
(2.882280425 0.007889099925 0)
(2.882581554 0.01052972775 0)
(2.88316114 0.01208978356 0)
(2.883454541 0.01170669795 0)
(2.883497153 0.009308213849 0)
(2.883701244 0.006741242159 0)
(2.883622127 0.005610239417 0)
(2.88327779 0.005611324985 0)
(2.882801652 0.00582139424 0)
(2.882262752 0.005959496109 0)
(2.881616609 0.005885478655 0)
(2.880666682 0.005026154651 0)
(2.87995792 0.002103896806 0)
(2.879981263 -0.002570758884 0)
(2.880273386 -0.005390493267 0)
(2.880326165 -0.005374202339 0)
(2.880076848 -0.003987212654 0)
(2.879338214 -0.001508010085 0)
(2.883143733 0.009453305084 0)
(2.882639676 0.01033609247 0)
(2.88154185 0.0125079671 0)
(2.880998321 0.01379388262 0)
(2.881397271 0.01115809637 0)
(2.882039031 0.005816548076 0)
(2.882733812 0.002366417685 0)
(2.882900722 0.002704325611 0)
(2.882649102 0.003619524997 0)
(2.882198468 0.003792312218 0)
(2.881670574 0.003014703444 0)
(2.881334126 0.002141874234 0)
(2.881171792 0.001149188426 0)
(2.881146352 0.0007190241998 0)
(2.880296354 0.002007169564 0)
(2.879498739 0.004456442935 0)
(2.878882392 0.00660037058 0)
(2.878760556 0.008170339405 0)
(2.878718032 0.009703628876 0)
(2.879272918 0.01050891717 0)
(2.879768842 0.01029020982 0)
(2.880096245 0.008525896896 0)
(2.880217323 0.006872980115 0)
(2.879928376 0.006335566362 0)
(2.879514605 0.006301753656 0)
(2.879052896 0.00648327661 0)
(2.878375661 0.006487784955 0)
(2.877683785 0.006320036779 0)
(2.877063227 0.005334074899 0)
(2.876831538 0.002343849164 0)
(2.877084252 -0.001933045346 0)
(2.877452232 -0.005029074329 0)
(2.877544052 -0.005290319934 0)
(2.877430696 -0.003308413241 0)
(2.880816879 0.008445856585 0)
(2.880257064 0.00937795806 0)
(2.8791497 0.01111510419 0)
(2.878121118 0.01319862112 0)
(2.878005385 0.01296315264 0)
(2.878372232 0.009617200236 0)
(2.879099639 0.004874140338 0)
(2.879649468 0.003046238907 0)
(2.87947787 0.003414432694 0)
(2.879095514 0.004189075479 0)
(2.878551199 0.004469214449 0)
(2.878151376 0.004072502365 0)
(2.877951093 0.00254120541 0)
(2.877941403 0.0009015211647 0)
(2.877397102 0.001412359827 0)
(2.876523336 0.003009865049 0)
(2.876213794 0.004769773221 0)
(2.875611108 0.006375651257 0)
(2.875645688 0.007679915825 0)
(2.875998742 0.009554249744 0)
(2.876528803 0.009454405804 0)
(2.876860081 0.00836224093 0)
(2.877083834 0.006521828393 0)
(2.87699026 0.005315511593 0)
(2.876633194 0.00468312271 0)
(2.876280274 0.004463296335 0)
(2.875349346 0.004330655628 0)
(2.874779013 0.004648489688 0)
(2.874563758 0.005087528715 0)
(2.874281275 0.00476981056 0)
(2.87429298 0.002655456789 0)
(2.874681678 -0.001154374266 0)
(2.875267231 -0.004587093079 0)
(2.876613724 -0.005104420282 0)
(2.87857723 0.008032600602 0)
(2.877957999 0.009078148526 0)
(2.87689428 0.01087032914 0)
(2.875713519 0.01396583056 0)
(2.875340787 0.01450701677 0)
(2.875374496 0.0130877373 0)
(2.875879662 0.009331860772 0)
(2.876565704 0.005163880779 0)
(2.876595438 0.003809625965 0)
(2.876321914 0.004304992264 0)
(2.875740072 0.00512738094 0)
(2.8752141 0.00516706682 0)
(2.874744287 0.004191592809 0)
(2.874514052 0.002142589523 0)
(2.87498851 0.0002489901597 0)
(2.874814126 0.0005355668992 0)
(2.874006423 0.002033481657 0)
(2.873568262 0.004065020908 0)
(2.873742997 0.006064454062 0)
(2.873853577 0.007329908761 0)
(2.873817594 0.008123383858 0)
(2.874105089 0.007934959149 0)
(2.874374746 0.006650654841 0)
(2.874337475 0.005186754115 0)
(2.873987192 0.003926682024 0)
(2.873519859 0.003181582805 0)
(2.873164156 0.002759629891 0)
(2.872857177 0.003303470493 0)
(2.872791619 0.004706217399 0)
(2.872921339 0.005754428774 0)
(2.872905042 0.005704792204 0)
(2.873056643 0.003963514781 0)
(2.873503151 0.0006978073591 0)
(2.874642275 -0.003326305108 0)
(2.876579395 0.006887198248 0)
(2.875930359 0.007622520548 0)
(2.874999255 0.009101711219 0)
(2.873482293 0.01212185942 0)
(2.87279807 0.01322636554 0)
(2.872661555 0.01327798697 0)
(2.873188262 0.01199091081 0)
(2.873873185 0.009244790296 0)
(2.874085098 0.006705583043 0)
(2.873869275 0.006414171212 0)
(2.873514274 0.006970277595 0)
(2.872995313 0.007263183614 0)
(2.87241412 0.006730787517 0)
(2.871947698 0.004993560475 0)
(2.872201662 0.001215923139 0)
(2.872361481 -0.000459003444 0)
(2.871767138 0.000469610714 0)
(2.871198766 0.002231940317 0)
(2.870909325 0.004430043382 0)
(2.870997227 0.005542579476 0)
(2.871633799 0.006221844415 0)
(2.871941908 0.006292198391 0)
(2.872116908 0.005589521838 0)
(2.872131269 0.004187249681 0)
(2.871963359 0.002398958136 0)
(2.871996698 0.001071050337 0)
(2.872100103 0.001297455396 0)
(2.871883814 0.001762309205 0)
(2.87137187 0.002600156842 0)
(2.871341651 0.003699826648 0)
(2.871501786 0.004686465312 0)
(2.871681541 0.005286467328 0)
(2.871842615 0.004978927911 0)
(2.872155943 0.001847509813 0)
(2.874418812 0.006952912648 0)
(2.873616623 0.0073293607 0)
(2.872578828 0.008807394672 0)
(2.870848934 0.01147187953 0)
(2.870395152 0.01281415519 0)
(2.8703961 0.01356714013 0)
(2.871054685 0.0123230861 0)
(2.87133626 0.01096597035 0)
(2.871545444 0.008959333427 0)
(2.871510368 0.007151187878 0)
(2.871354972 0.006645577178 0)
(2.871056648 0.006629446952 0)
(2.870547461 0.006613570508 0)
(2.870118331 0.006122826274 0)
(2.869813681 0.004272861932 0)
(2.869918604 0.001008109025 0)
(2.870213114 -0.000551167989 0)
(2.870181061 0.0003996925027 0)
(2.869870896 0.001686369731 0)
(2.869768299 0.002832769557 0)
(2.869650392 0.004358666647 0)
(2.869860423 0.005308143923 0)
(2.87006388 0.005417848652 0)
(2.870044092 0.00487827976 0)
(2.869838897 0.003376551322 0)
(2.869693025 0.001252291778 0)
(2.869946988 0.0001037379212 0)
(2.869933738 -2.379742742e-05 0)
(2.869808073 0.0002376210878 0)
(2.869489551 0.001416654479 0)
(2.869671579 0.0033166635 0)
(2.870192096 0.005179191954 0)
(2.870423524 0.00616155865 0)
(2.870157983 0.005353470814 0)
(2.872973052 0.00689978764 0)
(2.872207177 0.006113462753 0)
(2.871415121 0.005940698557 0)
(2.870433334 0.006858988032 0)
(2.869174745 0.00861693884 0)
(2.868957971 0.0100754772 0)
(2.868680813 0.01107921105 0)
(2.868932767 0.01125415101 0)
(2.869220698 0.01129385656 0)
(2.869350656 0.01086401823 0)
(2.869268283 0.009011000466 0)
(2.869213898 0.007111381769 0)
(2.869043173 0.006576345559 0)
(2.868771537 0.006668440294 0)
(2.868360868 0.006893023014 0)
(2.867855873 0.006975872591 0)
(2.867570815 0.005364040856 0)
(2.867635356 0.002198108079 0)
(2.86785023 -3.289033113e-05 0)
(2.867652687 -0.0001471269242 0)
(2.867475503 0.001096362743 0)
(2.867709848 0.002774783357 0)
(2.868053957 0.004204931664 0)
(2.868194496 0.004842049309 0)
(2.868093745 0.004838960866 0)
(2.867843086 0.004290655208 0)
(2.867584724 0.002702102917 0)
(2.867707295 0.0002803469041 0)
(2.86790885 -0.00139252112 0)
(2.86813763 -0.00198168241 0)
(2.868459631 -0.001398696488 0)
(2.868386874 0.0002665111877 0)
(2.868148805 0.002233666693 0)
(2.868330584 0.004381566229 0)
(2.868295203 0.005447776614 0)
(2.870392688 0.007291341796 0)
(2.869657985 0.006428679065 0)
(2.868870875 0.006063645557 0)
(2.86788161 0.006585852045 0)
(2.866533957 0.007922041009 0)
(2.866434577 0.00896757989 0)
(2.866376798 0.009063849322 0)
(2.866818053 0.009179667899 0)
(2.867202315 0.009401423828 0)
(2.86719482 0.009555970404 0)
(2.866991505 0.00857071532 0)
(2.866985183 0.006209993656 0)
(2.867039434 0.004829803059 0)
(2.86679495 0.004693890781 0)
(2.86628246 0.005155596094 0)
(2.865658348 0.006395404231 0)
(2.865248868 0.00748081761 0)
(2.865018015 0.006695168897 0)
(2.865076962 0.004300907418 0)
(2.865353218 0.001869977032 0)
(2.865366962 0.001227115097 0)
(2.865784155 0.002156635743 0)
(2.86609001 0.004025157992 0)
(2.866266497 0.005135738875 0)
(2.866252883 0.005513112719 0)
(2.866149681 0.005623071042 0)
(2.865946763 0.004962984616 0)
(2.865783357 0.002894986683 0)
(2.865789858 3.633649467e-05 0)
(2.865956341 -0.001892417303 0)
(2.866104226 -0.002279316043 0)
(2.866050476 -0.001603333387 0)
(2.865933143 -1.494651272e-05 0)
(2.866062224 0.00274515748 0)
(2.866456267 0.004972151401 0)
(2.86774136 0.00590404135 0)
(2.866984508 0.005150964824 0)
(2.866343353 0.004715308739 0)
(2.865541419 0.004685538749 0)
(2.864443675 0.004937724546 0)
(2.864207181 0.006158679309 0)
(2.86434919 0.006205738379 0)
(2.864653373 0.006637681976 0)
(2.86496332 0.007861528819 0)
(2.864979202 0.008748199929 0)
(2.864773174 0.008805901828 0)
(2.864599247 0.007255497351 0)
(2.864624563 0.004828402107 0)
(2.86440958 0.004016969545 0)
(2.863890179 0.004792920023 0)
(2.863500299 0.006752929419 0)
(2.863283117 0.008756621393 0)
(2.863082301 0.009391751641 0)
(2.862954629 0.008446972175 0)
(2.863190166 0.006245086135 0)
(2.863321162 0.004368361155 0)
(2.863569798 0.003499278039 0)
(2.863864539 0.003588477955 0)
(2.864075293 0.003866485124 0)
(2.864158509 0.003826074256 0)
(2.864050908 0.003684676587 0)
(2.863792577 0.00352960791 0)
(2.863635525 0.003022390605 0)
(2.863704537 0.001543802648 0)
(2.863946273 -0.0005488933548 0)
(2.864373904 -0.002629615686 0)
(2.864836272 -0.003438832061 0)
(2.865210446 -0.001939416904 0)
(2.865109217 0.0004168731111 0)
(2.864607741 0.002251492284 0)
(2.864929671 0.004938729284 0)
(2.864182034 0.004804771346 0)
(2.863566763 0.004441472812 0)
(2.862994019 0.004381614615 0)
(2.861912513 0.004368149954 0)
(2.861617885 0.004872680405 0)
(2.8618017 0.004994356567 0)
(2.86225499 0.00469066781 0)
(2.862784324 0.005494921971 0)
(2.862751533 0.006875586556 0)
(2.86244453 0.007573416809 0)
(2.862084886 0.007298824473 0)
(2.861938401 0.005310123544 0)
(2.86181705 0.003600298702 0)
(2.861511354 0.004063026011 0)
(2.861307391 0.005557477012 0)
(2.86112536 0.006821442407 0)
(2.860741849 0.007671817506 0)
(2.860458862 0.007719376649 0)
(2.860311894 0.007430543822 0)
(2.860428969 0.006364244743 0)
(2.860822401 0.004943677185 0)
(2.861258644 0.003726820635 0)
(2.861441441 0.002855340197 0)
(2.861400399 0.002356683807 0)
(2.861269202 0.002006307554 0)
(2.861100379 0.002017138902 0)
(2.86113397 0.00222292883 0)
(2.861377923 0.002180451322 0)
(2.861672471 0.001626618314 0)
(2.862055298 0.0004499599638 0)
(2.862385649 -0.0008736043215 0)
(2.862528685 -0.001570453623 0)
(2.862324946 -0.001275687228 0)
(2.861771687 -1.016476642e-05 0)
(2.862147011 0.002691676118 0)
(2.861356371 0.002875318587 0)
(2.860778836 0.002969091888 0)
(2.860329622 0.003117595763 0)
(2.85932692 0.003610331415 0)
(2.859089754 0.003473559784 0)
(2.859459643 0.003513273103 0)
(2.859824305 0.003220316502 0)
(2.860316383 0.003936045628 0)
(2.860266133 0.006054080232 0)
(2.859988833 0.007944478901 0)
(2.859678535 0.00855595631 0)
(2.85931542 0.007883944711 0)
(2.8590218 0.006282963988 0)
(2.858793036 0.005249181933 0)
(2.858581946 0.005356637416 0)
(2.858294634 0.005956250136 0)
(2.857908193 0.007244635669 0)
(2.857663433 0.008200959087 0)
(2.857441364 0.008716462582 0)
(2.857451357 0.008246931743 0)
(2.857771201 0.006644845851 0)
(2.858197037 0.00385479636 0)
(2.858640177 0.0008126980084 0)
(2.858797013 -0.001080989464 0)
(2.85870036 -0.001772177889 0)
(2.858427985 -0.001969830941 0)
(2.858196429 -0.001615910373 0)
(2.858175099 -0.0004522096192 0)
(2.858412005 0.001144844674 0)
(2.858708769 0.002268280323 0)
(2.858946713 0.002267367574 0)
(2.859053906 0.0006238905979 0)
(2.859218946 -0.002115833514 0)
(2.859338183 -0.003022398449 0)
(2.859018971 0.002176872579 0)
(2.858375358 0.002377232231 0)
(2.857907712 0.002905554617 0)
(2.857545388 0.003708045399 0)
(2.856755648 0.004806629662 0)
(2.856322194 0.005100166888 0)
(2.856799038 0.00402389528 0)
(2.857137216 0.003208175348 0)
(2.857714139 0.002742193256 0)
(2.857876732 0.004194660173 0)
(2.857423794 0.006399531896 0)
(2.856916681 0.007811841743 0)
(2.856445286 0.008468566449 0)
(2.855964912 0.008184312223 0)
(2.855741397 0.006562084854 0)
(2.85560453 0.004906567681 0)
(2.855362873 0.004430803118 0)
(2.855014841 0.00513009265 0)
(2.854594661 0.00637278499 0)
(2.854294566 0.007193604805 0)
(2.854181797 0.007624072797 0)
(2.854403882 0.007056410943 0)
(2.854693569 0.004750839501 0)
(2.855002129 0.0008519264629 0)
(2.855129354 -0.002798624772 0)
(2.855005866 -0.004086401657 0)
(2.854728142 -0.00450661211 0)
(2.854551204 -0.003846906943 0)
(2.854708714 -0.001708644127 0)
(2.855148595 0.001178934975 0)
(2.855572867 0.003356549865 0)
(2.855854923 0.003944044135 0)
(2.856116019 0.003244726943 0)
(2.856024876 0.0004537971968 0)
(2.855747397 -0.002919798114 0)
(2.855969499 0.001041964849 0)
(2.855513887 0.0004979170053 0)
(2.855054679 0.0007348791881 0)
(2.854615989 0.002197406168 0)
(2.853828558 0.00374647793 0)
(2.853187248 0.005416758788 0)
(2.853695181 0.004817287763 0)
(2.854192093 0.003549304127 0)
(2.854647284 0.002935559802 0)
(2.854853343 0.003575583276 0)
(2.854445798 0.005549985152 0)
(2.854059411 0.007912071625 0)
(2.853647554 0.009550230763 0)
(2.853135448 0.009912465376 0)
(2.852691397 0.008933270555 0)
(2.852385218 0.006998481382 0)
(2.852087296 0.005403169484 0)
(2.851608236 0.005131364673 0)
(2.851134798 0.005986838088 0)
(2.850866269 0.006914806361 0)
(2.850756307 0.007255785928 0)
(2.850801051 0.006720622331 0)
(2.85089739 0.004837315159 0)
(2.851033771 0.001214610422 0)
(2.851361756 -0.003603333996 0)
(2.851734376 -0.0067083056 0)
(2.851834521 -0.007458226038 0)
(2.851912206 -0.006720331988 0)
(2.851985001 -0.004307180874 0)
(2.852146018 -0.0009422498878 0)
(2.852396889 0.001765058268 0)
(2.852616097 0.002598503148 0)
(2.852664463 0.00251734138 0)
(2.852348291 0.001005199764 0)
(2.852011577 -0.002358802801 0)
(2.852484299 0.002255408175 0)
(2.85201214 0.0006802030789 0)
(2.851578164 3.183277621e-05 0)
(2.85134316 0.00182770068 0)
(2.850727408 0.004120236084 0)
(2.850289175 0.007508151899 0)
(2.850550375 0.007399808983 0)
(2.850905426 0.005124280919 0)
(2.851367665 0.002886125654 0)
(2.851738676 0.002226459076 0)
(2.851693402 0.003278994499 0)
(2.85109165 0.005616253758 0)
(2.850439696 0.007454316428 0)
(2.849881213 0.008316492051 0)
(2.849400171 0.008497321175 0)
(2.848958312 0.007789922127 0)
(2.84859425 0.006125940467 0)
(2.8482508 0.004747286598 0)
(2.847930063 0.004666528537 0)
(2.847628657 0.005134533905 0)
(2.847385141 0.005276033026 0)
(2.847112374 0.004988518297 0)
(2.846975581 0.004196181429 0)
(2.847031007 0.002392660335 0)
(2.847363045 -0.0008556824734 0)
(2.84778422 -0.004275785857 0)
(2.848069226 -0.005877240793 0)
(2.848173961 -0.005818855763 0)
(2.848409974 -0.00486335701 0)
(2.848719665 -0.002270291549 0)
(2.848982725 0.0008585000516 0)
(2.849147519 0.002636724479 0)
(2.849145819 0.002995173432 0)
(2.848947451 0.002199266263 0)
(2.848556686 -5.012004338e-05 0)
(2.848811894 0.002082483213 0)
(2.848378387 -0.0008193399317 0)
(2.848370381 -0.001939578798 0)
(2.848157313 -0.0007013700152 0)
(2.847674473 0.002120651251 0)
(2.846954045 0.006150454888 0)
(2.847105993 0.007650743584 0)
(2.847326652 0.006426868272 0)
(2.847845076 0.003927600637 0)
(2.848407161 0.002403483388 0)
(2.848265843 0.002669835985 0)
(2.847600634 0.004269766019 0)
(2.846793827 0.006114135538 0)
(2.846371399 0.007613982074 0)
(2.846056715 0.008509670379 0)
(2.845727899 0.008746211511 0)
(2.845269382 0.008188277097 0)
(2.844884918 0.007041137029 0)
(2.844482418 0.006140089083 0)
(2.844016417 0.005564515552 0)
(2.843617982 0.004940965702 0)
(2.84318056 0.004131919572 0)
(2.842975313 0.00325764985 0)
(2.842939109 0.002237270985 0)
(2.843137253 0.0008505542045 0)
(2.843460083 -0.0009741001564 0)
(2.843739108 -0.002633974324 0)
(2.844077374 -0.003881189956 0)
(2.844731815 -0.004683793225 0)
(2.845479773 -0.004251419132 0)
(2.845932069 -0.001882594161 0)
(2.84580901 0.0003373646213 0)
(2.845687947 0.0009089865786 0)
(2.845386502 0.0005337435887 0)
(2.844728728 -7.478271553e-05 0)
(2.844978977 0.003043295987 0)
(2.844472332 0.0005204954602 0)
(2.844784722 -0.001319059752 0)
(2.844594792 -0.0009792420272 0)
(2.844060435 0.001798342155 0)
(2.843469156 0.006115738744 0)
(2.843514562 0.008326022474 0)
(2.843794806 0.007791583119 0)
(2.844169389 0.005561610142 0)
(2.844747038 0.003023703511 0)
(2.844980238 0.001661095084 0)
(2.844749944 0.001914835262 0)
(2.844217016 0.003254895895 0)
(2.843369667 0.004947566277 0)
(2.84271287 0.006140910802 0)
(2.84218299 0.007108756996 0)
(2.841714531 0.007823036334 0)
(2.841248254 0.007874669687 0)
(2.840821936 0.006821138967 0)
(2.840362299 0.005245458034 0)
(2.839850579 0.003820479424 0)
(2.83930215 0.00278085164 0)
(2.838965236 0.002291304922 0)
(2.838898854 0.002238920534 0)
(2.839152584 0.002437874415 0)
(2.839575368 0.002469714331 0)
(2.839882175 0.002082595035 0)
(2.84022793 0.001155023745 0)
(2.840812993 -0.0002090436061 0)
(2.841535292 -0.001650735045 0)
(2.84197258 -0.001915679814 0)
(2.842047849 -0.0006115223195 0)
(2.841898692 0.0005551228333 0)
(2.841696677 0.001096440474 0)
(2.841195104 0.001666006732 0)
(2.841163649 0.001981744086 0)
(2.840517839 0.001459718737 0)
(2.840867755 -0.000431247979 0)
(2.84115595 -0.001625824975 0)
(2.840643616 6.298887148e-05 0)
(2.840195929 0.003756827047 0)
(2.84003676 0.006488512125 0)
(2.840145656 0.007558006929 0)
(2.84050187 0.007281244161 0)
(2.8410102 0.005896774024 0)
(2.841280201 0.003739321021 0)
(2.841006293 0.002428015343 0)
(2.840429414 0.002500565328 0)
(2.839718961 0.003301327323 0)
(2.839033063 0.004556542956 0)
(2.838595352 0.006459004551 0)
(2.838254277 0.008494431989 0)
(2.837858681 0.009431094828 0)
(2.837216978 0.008834058908 0)
(2.836599518 0.007005441703 0)
(2.835926864 0.004864922786 0)
(2.83532433 0.003055009366 0)
(2.834953588 0.001672424421 0)
(2.834868009 0.001213331134 0)
(2.835045297 0.001302586516 0)
(2.835358415 0.001793722051 0)
(2.835709367 0.002490492818 0)
(2.836092814 0.003021810171 0)
(2.836594235 0.00287129985 0)
(2.837250929 0.00126385489 0)
(2.837937343 -0.00107717639 0)
(2.83826404 -0.001976252817 0)
(2.83824824 -0.0012418666 0)
(2.83801509 -0.0003186692068 0)
(2.837545154 0.0005913773157 0)
(2.837656541 0.002892776339 0)
(2.837157622 0.003941601083 0)
(2.837169033 0.00283677714 0)
(2.837464541 0.000943461459 0)
(2.837019944 0.000712239145 0)
(2.836489188 0.003307805641 0)
(2.836569025 0.006077780921 0)
(2.836592021 0.007820753762 0)
(2.836919207 0.008498383515 0)
(2.83715599 0.00792214656 0)
(2.837321741 0.005986827047 0)
(2.837270107 0.002948256431 0)
(2.837126206 0.0009952575997 0)
(2.836803287 0.0006955871112 0)
(2.836376278 0.001621143921 0)
(2.835706884 0.003894564791 0)
(2.834953973 0.006675398004 0)
(2.834214532 0.008084185826 0)
(2.833480404 0.007670687788 0)
(2.832746206 0.00632531391 0)
(2.832023798 0.004733322962 0)
(2.831314914 0.002860534046 0)
(2.830950346 0.001173986367 0)
(2.830893439 0.0007593353063 0)
(2.831006906 0.001135325427 0)
(2.831312802 0.00203650226 0)
(2.831770768 0.003192198192 0)
(2.832278184 0.004398789336 0)
(2.832817423 0.005208241147 0)
(2.833318219 0.004761284122 0)
(2.833880945 0.002879760101 0)
(2.834212091 0.0007091477017 0)
(2.834275457 -0.0001152090867 0)
(2.834127202 0.0002898763294 0)
(2.83373086 0.001221146524 0)
(2.834301227 0.002588799352 0)
(2.83353398 0.004124233439 0)
(2.833227485 0.003891185215 0)
(2.833415801 0.002541722919 0)
(2.833371489 0.0009023391501 0)
(2.833212021 0.001809278657 0)
(2.833398142 0.004759264371 0)
(2.833234586 0.006902564043 0)
(2.833476374 0.009147952693 0)
(2.8337856 0.009850208024 0)
(2.83389241 0.009027223281 0)
(2.833823143 0.006573087023 0)
(2.833618879 0.00332824356 0)
(2.833318288 0.001430156209 0)
(2.832733192 0.001633294461 0)
(2.832134259 0.003128314507 0)
(2.831321729 0.005622100073 0)
(2.830500697 0.007386567998 0)
(2.829721253 0.007391247201 0)
(2.8290324 0.006666514519 0)
(2.828232688 0.0057281001 0)
(2.827435959 0.004012361789 0)
(2.826996274 0.001512955019 0)
(2.82711261 -0.0004054353489 0)
(2.827332916 -0.000730951211 0)
(2.827713837 -0.000630137059 0)
(2.828090004 -1.051275921e-05 0)
(2.828493024 0.001522106629 0)
(2.828991779 0.003705012941 0)
(2.829480389 0.005228941 0)
(2.829788924 0.005333859108 0)
(2.829997994 0.00385058084 0)
(2.830153118 0.001668010679 0)
(2.830223873 0.0001942843765 0)
(2.829994106 4.250587141e-05 0)
(2.831178983 0.003742621151 0)
(2.830385999 0.005294562431 0)
(2.829916612 0.005732486411 0)
(2.829947578 0.005103083651 0)
(2.829915209 0.003583673018 0)
(2.829923215 0.003237988727 0)
(2.829993443 0.005508778696 0)
(2.830094226 0.006682421721 0)
(2.830369866 0.008447816293 0)
(2.830670481 0.00914002266 0)
(2.830742666 0.008531907021 0)
(2.830503213 0.007784040983 0)
(2.830083584 0.00605787791 0)
(2.829730207 0.003584099578 0)
(2.829368799 0.001962977474 0)
(2.82893311 0.001711768758 0)
(2.828331371 0.002692770113 0)
(2.827262955 0.004385781865 0)
(2.826259382 0.004990807713 0)
(2.825560799 0.004892366822 0)
(2.82464619 0.004677700547 0)
(2.823761393 0.00379685844 0)
(2.823264955 0.001798841371 0)
(2.823380559 -0.000630919942 0)
(2.823558851 -0.001432235183 0)
(2.823822181 -0.001798647712 0)
(2.824163916 -0.001514436789 0)
(2.824708471 2.350608011e-05 0)
(2.825379593 0.002495910094 0)
(2.825920783 0.005176713647 0)
(2.826200675 0.006800959283 0)
(2.826285403 0.006920345661 0)
(2.826336837 0.005604488703 0)
(2.826354988 0.003276952716 0)
(2.826104153 0.001375313692 0)
(2.829334713 0.0004891647299 0)
(2.828234793 0.00281247181 0)
(2.827548921 0.003803246513 0)
(2.826894055 0.004446538072 0)
(2.826748209 0.00450900526 0)
(2.826648483 0.004454214037 0)
(2.826598636 0.004487654596 0)
(2.826946178 0.005192074276 0)
(2.827244487 0.005872879976 0)
(2.827580032 0.006782407691 0)
(2.827759772 0.007586115998 0)
(2.82770861 0.007832342868 0)
(2.82755034 0.008256108736 0)
(2.827138068 0.008412194622 0)
(2.8266732 0.007331643392 0)
(2.826206092 0.005399341424 0)
(2.825643267 0.003361419251 0)
(2.825006706 0.002315891212 0)
(2.824045396 0.002942369804 0)
(2.822915623 0.004304895638 0)
(2.82230105 0.00464913938 0)
(2.82139885 0.004667418508 0)
(2.820527999 0.004154079296 0)
(2.819946465 0.002323203422 0)
(2.82004038 -0.000863540286 0)
(2.820500873 -0.003256238209 0)
(2.820876538 -0.004064466231 0)
(2.821309686 -0.003871057097 0)
(2.821887681 -0.002421972382 0)
(2.822418255 0.0002422313764 0)
(2.822754846 0.003585297202 0)
(2.822923758 0.006433057059 0)
(2.822906054 0.00755267691 0)
(2.822795155 0.00730903382 0)
(2.82266034 0.005330747333 0)
(2.822347382 0.002166188438 0)
(2.826408031 0.001710408435 0)
(2.825278453 0.002836488673 0)
(2.824578744 0.003109195706 0)
(2.82400048 0.003689704008 0)
(2.823984006 0.004667445012 0)
(2.824016919 0.005723274155 0)
(2.823925914 0.007319689328 0)
(2.824228624 0.00714984259 0)
(2.824580745 0.006068990743 0)
(2.824953316 0.004981760676 0)
(2.825220793 0.004272678765 0)
(2.824822461 0.004732586137 0)
(2.824553128 0.005804774987 0)
(2.824320296 0.006999387009 0)
(2.823830012 0.00768868867 0)
(2.823230486 0.00712208656 0)
(2.82257441 0.005362734534 0)
(2.821904153 0.003462330587 0)
(2.821122071 0.002505963292 0)
(2.820197549 0.00277840245 0)
(2.819574879 0.002983618147 0)
(2.818691614 0.002839099952 0)
(2.817833637 0.002445298917 0)
(2.817205538 0.001549290909 0)
(2.817233213 -0.000544399379 0)
(2.817836075 -0.003140977275 0)
(2.81846824 -0.00406485808 0)
(2.818848848 -0.003886461297 0)
(2.819361405 -0.002917584741 0)
(2.819901274 -0.0007907724364 0)
(2.820197998 0.002269793215 0)
(2.820228471 0.005305005084 0)
(2.820082286 0.007161501943 0)
(2.819858075 0.007619699352 0)
(2.819656858 0.006823095819 0)
(2.819165786 0.004554061098 0)
(2.824071069 0.001306655243 0)
(2.823172758 0.0005796448373 0)
(2.822397652 0.0003958264311 0)
(2.821780526 0.001038859723 0)
(2.821725547 0.002679243566 0)
(2.821785692 0.004626765231 0)
(2.821725729 0.00732381557 0)
(2.821950013 0.007559577889 0)
(2.822373577 0.005289187217 0)
(2.822682326 0.003172081962 0)
(2.822777991 0.002064615122 0)
(2.822408404 0.002423048188 0)
(2.822237752 0.00385032754 0)
(2.821870598 0.006000858471 0)
(2.821446764 0.007031861431 0)
(2.820780499 0.007040595331 0)
(2.820001376 0.006616262545 0)
(2.819290577 0.005972478053 0)
(2.818561945 0.004937988794 0)
(2.817711776 0.003804286161 0)
(2.81710826 0.002850285067 0)
(2.816311011 0.001902924561 0)
(2.815586014 0.001193485206 0)
(2.815091984 0.0003049980154 0)
(2.815146902 -0.0009793125766 0)
(2.815804114 -0.002468950419 0)
(2.816600895 -0.003550537737 0)
(2.817214666 -0.003799261117 0)
(2.817826474 -0.003386496683 0)
(2.818378761 -0.001964410339 0)
(2.818638714 0.000655931355 0)
(2.818381817 0.003431550787 0)
(2.817962083 0.00526638948 0)
(2.817554021 0.0061028934 0)
(2.817219822 0.006022434193 0)
(2.816561721 0.005073361218 0)
(2.822465549 0.0003577402007 0)
(2.821776615 -0.001629762676 0)
(2.820725686 -0.002091118667 0)
(2.820036663 -0.000423405431 0)
(2.819943991 0.002138274697 0)
(2.820012086 0.004806985211 0)
(2.820139868 0.007037158764 0)
(2.82023475 0.007704387311 0)
(2.820493728 0.005715823904 0)
(2.820947488 0.002207613721 0)
(2.82115842 0.0004794893953 0)
(2.821576243 0.0004553814114 0)
(2.821282041 0.00155903562 0)
(2.820508381 0.002526473955 0)
(2.819724164 0.003836656867 0)
(2.818755413 0.004827522496 0)
(2.817880309 0.006060070242 0)
(2.81714644 0.006562395324 0)
(2.816308369 0.006158964798 0)
(2.81565943 0.004561166047 0)
(2.815272833 0.002227447599 0)
(2.814746464 0.0001265560094 0)
(2.814122465 -0.000924320081 0)
(2.813760475 -0.001248558036 0)
(2.813850991 -0.00129382403 0)
(2.814534401 -0.001276578305 0)
(2.815522172 -0.001423620979 0)
(2.816311603 -0.001567084402 0)
(2.816994638 -0.001635598516 0)
(2.81744497 -0.001357836613 0)
(2.817724202 -0.0003300920257 0)
(2.817755495 0.001202699564 0)
(2.816844625 0.003049529237 0)
(2.816053027 0.004678537225 0)
(2.815624613 0.005536067646 0)
(2.815054098 0.005693280553 0)
(2.821573382 -0.001053567001 0)
(2.820572477 -0.002781938329 0)
(2.819494884 -0.003326536566 0)
(2.819097352 -0.0009685593512 0)
(2.819255395 0.00103450788 0)
(2.819151174 0.003174649844 0)
(2.819172174 0.005007491416 0)
(2.819134967 0.006190345811 0)
(2.819200161 0.005850861713 0)
(2.81968019 0.003104964081 0)
(2.820101569 0.0001100836877 0)
(2.820376121 -0.0008233639609 0)
(2.819928027 -0.0007740147433 0)
(2.818994006 -0.0005723115998 0)
(2.818088025 0.0007584169358 0)
(2.817426973 0.002651284362 0)
(2.81670488 0.005136873725 0)
(2.81583834 0.006509889311 0)
(2.815067419 0.006528746049 0)
(2.814340043 0.005588019136 0)
(2.813880909 0.003269168385 0)
(2.813505324 -0.0002189665343 0)
(2.813220762 -0.002007403062 0)
(2.813164206 -0.002280276532 0)
(2.813467137 -0.00212284895 0)
(2.814094442 -0.001415036794 0)
(2.815078934 -0.0006008234548 0)
(2.815881875 -0.000164120526 0)
(2.816600603 -0.0003738439487 0)
(2.81732157 -0.001113403913 0)
(2.817617125 -0.001077278136 0)
(2.817336454 -0.0004607865513 0)
(2.816506277 0.0006750367183 0)
(2.815824592 0.00226335638 0)
(2.815158279 0.003520134225 0)
(2.814455451 0.004762488544 0)
(2.820913024 -0.001975726011 0)
(2.819950263 -0.001815589391 0)
(2.818701864 -0.001552842613 0)
(2.818675479 -3.866638455e-05 0)
(2.818855558 0.001052721546 0)
(2.818786605 0.002691749312 0)
(2.818694562 0.004668795509 0)
(2.81859701 0.006037284493 0)
(2.818723996 0.006833455758 0)
(2.818924484 0.004731488478 0)
(2.81984066 -0.0002821746616 0)
(2.820464537 -0.002593973533 0)
(2.820121217 -0.003173613011 0)
(2.819251265 -0.00302099996 0)
(2.818255934 -0.002346168696 0)
(2.817349574 -0.0002180357997 0)
(2.816420531 0.003216273175 0)
(2.815574679 0.005336593915 0)
(2.814817169 0.00541883123 0)
(2.81396754 0.004903176126 0)
(2.813133293 0.003511106948 0)
(2.812771356 0.0003445668759 0)
(2.813023912 -0.002706003794 0)
(2.813245445 -0.002851737349 0)
(2.813746241 -0.002154976186 0)
(2.814675817 -0.0006259090894 0)
(2.815655563 0.0006705447673 0)
(2.816395149 0.001233811559 0)
(2.817039373 0.0009895025656 0)
(2.817761066 -0.00040678721 0)
(2.818161945 -0.00219297402 0)
(2.818102344 -0.002347107085 0)
(2.817334628 -0.001085742537 0)
(2.816433764 0.0005361469117 0)
(2.815611904 0.001699470279 0)
(2.814670845 0.003220771112 0)
(2.820586684 -0.0004693814646 0)
(2.819804176 0.0006403296547 0)
(2.819098961 0.002447722368 0)
(2.818761553 0.002268021552 0)
(2.818684223 0.001893625232 0)
(2.818688491 0.002368197231 0)
(2.818618085 0.004247028217 0)
(2.818487614 0.005741438743 0)
(2.818650853 0.007176384808 0)
(2.818758594 0.006326996469 0)
(2.819329289 0.001756369385 0)
(2.819948853 -0.003566744987 0)
(2.819876134 -0.004978812045 0)
(2.819370773 -0.00483864735 0)
(2.818780007 -0.003907922501 0)
(2.817959587 -0.00164976481 0)
(2.816854513 0.001047610951 0)
(2.815941301 0.00351450226 0)
(2.815115373 0.004364589357 0)
(2.814238586 0.004460523575 0)
(2.813367764 0.003917259274 0)
(2.812774126 0.001973301775 0)
(2.812927634 -0.001129360056 0)
(2.813739138 -0.002656965469 0)
(2.814428585 -0.001982330284 0)
(2.815116639 -0.000737797461 0)
(2.816067791 0.0003512031568 0)
(2.816955612 0.000505139837 0)
(2.81776539 8.052176549e-05 0)
(2.818387446 -0.0008939650121 0)
(2.818750901 -0.003071624309 0)
(2.818268542 -0.003443643477 0)
(2.817729052 -0.003010287844 0)
(2.816541148 -0.001914494571 0)
(2.81547399 -0.0009491883508 0)
(2.815457439 0.001448301629 0)
(2.820785812 0.001048653078 0)
(2.819635499 0.002852592883 0)
(2.818785406 0.004956659019 0)
(2.818724152 0.004974343486 0)
(2.818737879 0.003705068914 0)
(2.818732875 0.003280206173 0)
(2.818827558 0.004515795831 0)
(2.818743163 0.005909094652 0)
(2.819001037 0.007541819933 0)
(2.818939723 0.007261505007 0)
(2.818999765 0.004620544726 0)
(2.819497439 -0.000780252337 0)
(2.819742848 -0.004689579823 0)
(2.819652828 -0.005452528642 0)
(2.819305824 -0.004623235361 0)
(2.818547388 -0.002661002258 0)
(2.817719646 -0.0005681903611 0)
(2.816575928 0.001836239314 0)
(2.815481812 0.003337016027 0)
(2.814701112 0.003687921905 0)
(2.81389197 0.003405493263 0)
(2.813273123 0.0026375177 0)
(2.813362733 0.0008514861319 0)
(2.814341055 -0.0008913401141 0)
(2.815058973 -0.001125451554 0)
(2.815669624 -0.0007146129095 0)
(2.81653401 -0.0002985526074 0)
(2.817385996 -0.000540447792 0)
(2.818356846 -0.00121790466 0)
(2.819017879 -0.001909835249 0)
(2.819336202 -0.003509315971 0)
(2.818864971 -0.004239594262 0)
(2.818122282 -0.004169686239 0)
(2.817424384 -0.003735532364 0)
(2.816493967 -0.0028855725 0)
(2.815764545 -0.0009027420019 0)
(2.821447107 0.001395842213 0)
(2.820390922 0.004467515027 0)
(2.819249798 0.006907957767 0)
(2.818826542 0.007202488279 0)
(2.818866754 0.005741259328 0)
(2.818979602 0.004194115209 0)
(2.819286132 0.004371992746 0)
(2.819385588 0.005450203077 0)
(2.81954551 0.006961782831 0)
(2.819300925 0.007239740071 0)
(2.819189941 0.005855651699 0)
(2.819627814 0.002432879265 0)
(2.820165312 -0.001348882685 0)
(2.820331887 -0.002861816205 0)
(2.820037006 -0.002853919242 0)
(2.819409437 -0.002348274446 0)
(2.818625434 -0.0007385886003 0)
(2.817596345 0.001458408842 0)
(2.816407183 0.0026145702 0)
(2.815470006 0.002779442837 0)
(2.814511161 0.002683581763 0)
(2.814072587 0.002847251525 0)
(2.814212043 0.002481119311 0)
(2.814805369 0.001506099067 0)
(2.815469242 0.0004670809811 0)
(2.816138845 -0.0002721982856 0)
(2.816836488 -0.001140681024 0)
(2.817661424 -0.002333143567 0)
(2.818608387 -0.003284706163 0)
(2.819367358 -0.003620856631 0)
(2.819782094 -0.003564874298 0)
(2.819493302 -0.004160428486 0)
(2.818716687 -0.004505398321 0)
(2.817900272 -0.00459131354 0)
(2.816879686 -0.004350830057 0)
(2.816516252 -0.002719404057 0)
(2.822214636 0.002237471909 0)
(2.82130664 0.004717155749 0)
(2.820022295 0.007971069442 0)
(2.819391393 0.009260928615 0)
(2.819208385 0.008036154892 0)
(2.8193543 0.005931322234 0)
(2.819657092 0.005334616892 0)
(2.819743872 0.005811573753 0)
(2.819756691 0.006578367793 0)
(2.819594744 0.006432858837 0)
(2.819564954 0.005642549614 0)
(2.820064583 0.004262367203 0)
(2.820766436 0.002575451341 0)
(2.821052837 0.001588226378 0)
(2.820936585 0.001386685223 0)
(2.820431491 0.001017714251 0)
(2.819261211 0.0005568542143 0)
(2.818236889 0.0009558768258 0)
(2.817092075 0.001540754254 0)
(2.81609889 0.001653955519 0)
(2.815226982 0.001741502125 0)
(2.814578148 0.00214371993 0)
(2.814561022 0.002944627168 0)
(2.815001322 0.003106072752 0)
(2.815645743 0.002018947095 0)
(2.81618394 0.0002126883946 0)
(2.816778837 -0.001953820847 0)
(2.817391746 -0.003661947864 0)
(2.818151565 -0.004775093159 0)
(2.819061421 -0.005051337666 0)
(2.819628789 -0.003988658376 0)
(2.819625653 -0.003365686713 0)
(2.818873395 -0.003228359775 0)
(2.817927377 -0.00312791744 0)
(2.816760877 -0.003729119071 0)
(2.816180126 -0.003749874208 0)
(2.8220219 0.003831368471 0)
(2.821107992 0.005506069849 0)
(2.820016016 0.008086309357 0)
(2.819231395 0.009356109996 0)
(2.819081851 0.008364932193 0)
(2.819222941 0.006802477999 0)
(2.819481894 0.006150974256 0)
(2.819559956 0.005850742951 0)
(2.819459513 0.005780980336 0)
(2.819303312 0.0051764203 0)
(2.819279592 0.004504470933 0)
(2.81967687 0.004251365992 0)
(2.820478845 0.004330464167 0)
(2.821066522 0.004443756682 0)
(2.821178917 0.004664878352 0)
(2.820831087 0.004651934626 0)
(2.819831624 0.003718115843 0)
(2.818543033 0.001899899863 0)
(2.817123508 0.000980738295 0)
(2.816042611 0.0007665806298 0)
(2.8151745 0.001049486274 0)
(2.814278854 0.001872222774 0)
(2.814081359 0.003174493389 0)
(2.814443912 0.003181308754 0)
(2.815012263 0.001781945472 0)
(2.815427636 -0.0001932251705 0)
(2.815900827 -0.001650960874 0)
(2.816458828 -0.002662215147 0)
(2.817002881 -0.003529140337 0)
(2.817723479 -0.004753285234 0)
(2.818504434 -0.004091819748 0)
(2.818569068 -0.002986894218 0)
(2.818110268 -0.002239238484 0)
(2.817195832 -0.001564803073 0)
(2.816016106 -0.001462828548 0)
(2.814860869 -0.002232399825 0)
(2.821276151 0.00476731352 0)
(2.820231914 0.005204096232 0)
(2.819041825 0.006455861303 0)
(2.818055252 0.00791182082 0)
(2.817986611 0.008103367575 0)
(2.818166899 0.007334486245 0)
(2.818374536 0.006873373609 0)
(2.818367151 0.006250810972 0)
(2.818154955 0.005620588733 0)
(2.817866957 0.004731660667 0)
(2.817972324 0.004831977345 0)
(2.818507978 0.005184024072 0)
(2.819224368 0.005411663115 0)
(2.819823694 0.005670298069 0)
(2.820142868 0.006129560439 0)
(2.82014319 0.006616491121 0)
(2.819460371 0.006170993948 0)
(2.818048495 0.004532520898 0)
(2.816435131 0.002508696247 0)
(2.815053026 0.001716190709 0)
(2.813976923 0.00143719243 0)
(2.812839608 0.001384925278 0)
(2.812456709 0.002001055151 0)
(2.81242413 0.001697435509 0)
(2.812533368 0.0006447011845 0)
(2.812802928 2.472289126e-05 0)
(2.813295939 -0.0001779303943 0)
(2.814105234 -0.0002787385272 0)
(2.814546369 -0.0007256031984 0)
(2.815011256 -0.002006065532 0)
(2.815873504 -0.00309273983 0)
(2.816045562 -0.003127375061 0)
(2.815714547 -0.002647649557 0)
(2.814879584 -0.001722170405 0)
(2.813968901 -0.0002411628367 0)
(2.812565464 -0.0001012143562 0)
(2.819204608 0.005764106385 0)
(2.817807179 0.004603540832 0)
(2.81606248 0.003991659319 0)
(2.815000805 0.004622196726 0)
(2.81471121 0.006181116382 0)
(2.815237645 0.006840941116 0)
(2.81548835 0.006790746302 0)
(2.815480296 0.006302635043 0)
(2.815262484 0.005888803314 0)
(2.814968092 0.005382593679 0)
(2.815214729 0.004818514786 0)
(2.815745982 0.004667616617 0)
(2.81640949 0.004745606101 0)
(2.816828476 0.005033588752 0)
(2.817242353 0.0055045044 0)
(2.817334057 0.005894743665 0)
(2.816896212 0.006062053458 0)
(2.815720515 0.005540263211 0)
(2.814039677 0.004085856713 0)
(2.812444477 0.002873017072 0)
(2.811073651 0.002120187574 0)
(2.809476036 0.001287616181 0)
(2.808479424 0.0007989673762 0)
(2.807813818 0.0003178868934 0)
(2.807187149 -0.0004130760055 0)
(2.807170251 -0.000430596583 0)
(2.807735787 0.0001769974182 0)
(2.808653728 0.00100514267 0)
(2.809473107 0.00124995984 0)
(2.810138976 0.0005418943559 0)
(2.811187796 -0.001026744526 0)
(2.811623872 -0.002322456492 0)
(2.81142537 -0.002354406509 0)
(2.810861121 -0.001691140187 0)
(2.810134686 -0.0001151896329 0)
(2.808627046 0.0006027107175 0)
(2.814219375 0.006606971418 0)
(2.812677999 0.003281235128 0)
(2.810937055 0.00089270613 0)
(2.809873294 0.002356937018 0)
(2.809316663 0.004893816043 0)
(2.809584664 0.006027406133 0)
(2.809709041 0.005995785691 0)
(2.809718545 0.005951617941 0)
(2.809633683 0.006025661464 0)
(2.80965686 0.006116390831 0)
(2.809914025 0.005659489263 0)
(2.810398245 0.005136650879 0)
(2.811225699 0.004661748403 0)
(2.811721419 0.004655146768 0)
(2.812225867 0.005063802175 0)
(2.81232465 0.005486255571 0)
(2.811899602 0.005587511502 0)
(2.810780422 0.005248931303 0)
(2.809020697 0.004068438119 0)
(2.807437581 0.00290525416 0)
(2.805681003 0.001835419514 0)
(2.80364749 0.0005370494604 0)
(2.801715789 -0.0004044513063 0)
(2.800312871 -0.0003240153788 0)
(2.799707738 0.0003568238506 0)
(2.799538073 0.001076507194 0)
(2.80007863 0.002061156866 0)
(2.800746762 0.002772987734 0)
(2.801620072 0.002545538419 0)
(2.802633261 0.001689330147 0)
(2.804018575 0.0004449967472 0)
(2.804778223 -0.00106290584 0)
(2.80499547 -0.001683398886 0)
(2.804762299 -0.001617094317 0)
(2.804237009 -0.0006621840175 0)
(2.802737076 0.0004052461484 0)
(2.806915715 0.006766435014 0)
(2.806150341 0.003581716238 0)
(2.804881955 -0.0001814445668 0)
(2.803278165 -0.0005332661964 0)
(2.802364399 0.001863861039 0)
(2.80206911 0.003296430268 0)
(2.801502407 0.005307150892 0)
(2.801294229 0.005598416481 0)
(2.801167293 0.005597455754 0)
(2.801083963 0.006179727646 0)
(2.801045486 0.006337031946 0)
(2.801217734 0.005320328456 0)
(2.802056443 0.004065245992 0)
(2.803289068 0.003570582161 0)
(2.804110242 0.003748760042 0)
(2.804755854 0.004289765602 0)
(2.804895225 0.004546376671 0)
(2.804328054 0.004624007942 0)
(2.802906529 0.004192225495 0)
(2.800855302 0.003465725061 0)
(2.799212783 0.002417482385 0)
(2.797027649 0.001333556186 0)
(2.794745996 0.0004057182004 0)
(2.792095319 -0.0001048007027 0)
(2.790626563 0.0002923261728 0)
(2.789935226 0.0004355683869 0)
(2.789464292 0.001200513905 0)
(2.789606516 0.001849723588 0)
(2.790081845 0.002030903067 0)
(2.790740924 0.001756994128 0)
(2.791909474 0.00131750773 0)
(2.79383755 0.0009381972748 0)
(2.795326616 0.0003447763441 0)
(2.795909708 -0.000172687698 0)
(2.795947903 -0.0003919813484 0)
(2.795646751 -0.0004653353667 0)
(2.794257493 -0.0007268639348 0)
(2.793294193 0.001689487919 0)
(2.793302809 0.0008261707977 0)
(2.793393621 0.0002865482611 0)
(2.792652567 0.001205755733 0)
(2.792048125 0.003307046022 0)
(2.79138285 0.00409870139 0)
(2.790336308 0.004492336279 0)
(2.789854638 0.004419166561 0)
(2.789497547 0.004564721776 0)
(2.789172901 0.005419376897 0)
(2.788675192 0.005462574151 0)
(2.788863306 0.00470502638 0)
(2.790346227 0.00396180431 0)
(2.792017349 0.003523620775 0)
(2.793397382 0.003590559591 0)
(2.794080908 0.003886999133 0)
(2.794237087 0.004342270892 0)
(2.793454857 0.004393839141 0)
(2.791613374 0.003830411568 0)
(2.789535551 0.002780338669 0)
(2.78740022 0.001527994154 0)
(2.784908014 0.0006159373091 0)
(2.782431206 0.0001845676525 0)
(2.779844242 0.0006061730366 0)
(2.778537501 0.0008794812635 0)
(2.777162063 0.001627483964 0)
(2.776527045 0.002577801183 0)
(2.776342244 0.002879789038 0)
(2.776324552 0.001916365864 0)
(2.776785002 0.0005318809424 0)
(2.778222417 -0.000253448849 0)
(2.780489285 -0.0003339319127 0)
(2.782781542 -2.711507055e-07 0)
(2.783995573 1.567272042e-05 0)
(2.784282458 -0.0004502371443 0)
(2.784125725 -0.0007091791301 0)
(2.782526817 -0.001314132224 0)
(2.77782093 -0.0004640472907 0)
(2.778140579 0.0008375472173 0)
(2.778527784 0.001728540218 0)
(2.778020431 0.003302784368 0)
(2.777401251 0.004514553408 0)
(2.776662898 0.004371830481 0)
(2.775811493 0.003905797683 0)
(2.774720688 0.003120248606 0)
(2.774140053 0.002803494059 0)
(2.773614908 0.003445116736 0)
(2.77301615 0.003613897025 0)
(2.773418287 0.003073610395 0)
(2.775372867 0.002689366462 0)
(2.777471315 0.002805653894 0)
(2.7792717 0.003231139056 0)
(2.780039675 0.003608150809 0)
(2.780275003 0.003878285637 0)
(2.779258609 0.003799338172 0)
(2.777191587 0.003305847013 0)
(2.775113577 0.002325752925 0)
(2.772512529 0.001308305217 0)
(2.770016555 0.000955313024 0)
(2.767675424 0.001137716801 0)
(2.765416054 0.001552480242 0)
(2.763628418 0.002203425901 0)
(2.76207587 0.002852350428 0)
(2.760961048 0.002815259021 0)
(2.760292702 0.001611083245 0)
(2.760245106 -0.0003785035674 0)
(2.760989684 -0.001777919078 0)
(2.762514672 -0.00212279046 0)
(2.764881929 -0.001372648339 0)
(2.767531149 6.258175787e-05 0)
(2.769424055 0.0005393189233 0)
(2.770170103 3.599628254e-08 0)
(2.770147461 -0.001124715889 0)
(2.768608894 -0.001955467652 0)
(2.761184419 -0.001451933315 0)
(2.761154239 0.001088260345 0)
(2.760847594 0.003321057818 0)
(2.760042909 0.00501159545 0)
(2.759280505 0.005538522015 0)
(2.758592953 0.004789417806 0)
(2.758195435 0.003324576981 0)
(2.75754867 0.002209563257 0)
(2.756673744 0.001154288407 0)
(2.75581623 0.001236643287 0)
(2.755406571 0.001376580135 0)
(2.756055116 0.001870426277 0)
(2.7582539 0.002945272781 0)
(2.760506668 0.003764784614 0)
(2.762287251 0.004248383923 0)
(2.763214029 0.004462274372 0)
(2.763286869 0.004470818924 0)
(2.762124811 0.003911515362 0)
(2.760166571 0.00341876246 0)
(2.758114853 0.002286885852 0)
(2.755644842 0.001268962032 0)
(2.753465255 0.001010999107 0)
(2.751299547 0.001487808938 0)
(2.749083669 0.002521314989 0)
(2.747046348 0.003455294896 0)
(2.745253094 0.003739937653 0)
(2.743745126 0.003336840881 0)
(2.742958998 0.001748081751 0)
(2.743098057 -0.0006002843878 0)
(2.744210878 -0.003192421904 0)
(2.746277535 -0.004157715739 0)
(2.74843619 -0.003317335065 0)
(2.750676378 -0.002069344367 0)
(2.752676758 -0.001065020074 0)
(2.753947227 -0.0007396587108 0)
(2.754685049 -0.001134388947 0)
(2.753279077 -0.001534931873 0)
(2.742008639 -0.000723174199 0)
(2.742078173 0.001741872024 0)
(2.741404684 0.003648342217 0)
(2.740867176 0.005253471571 0)
(2.740170268 0.00550462545 0)
(2.739448553 0.004150560042 0)
(2.739140185 0.0024058636 0)
(2.738927214 0.0006142942356 0)
(2.738218089 -0.0007694968925 0)
(2.737546828 -0.001473208257 0)
(2.73702064 -0.0009952273365 0)
(2.737914624 7.957996287e-05 0)
(2.739857044 0.001757443004 0)
(2.741983019 0.003933748799 0)
(2.743596083 0.00491870765 0)
(2.744334291 0.005029159846 0)
(2.744403392 0.004653266545 0)
(2.743452433 0.003739396436 0)
(2.741934571 0.003043571512 0)
(2.739958102 0.002228282116 0)
(2.737955245 0.002069413814 0)
(2.736189462 0.002461671797 0)
(2.734240705 0.003248591949 0)
(2.732000669 0.0040644782 0)
(2.729908389 0.004379880114 0)
(2.728207656 0.004178603084 0)
(2.727162418 0.002789506092 0)
(2.726758358 0.0005833481221 0)
(2.726934928 -0.001792957932 0)
(2.727960095 -0.004313011147 0)
(2.730334287 -0.005311122252 0)
(2.732306505 -0.00426724138 0)
(2.733881397 -0.002809168468 0)
(2.735712509 -0.001432539089 0)
(2.737023736 -0.0005725701997 0)
(2.73815653 -0.000239663982 0)
(2.737327668 -0.000760564847 0)
(2.723573697 0.0006324314085 0)
(2.723250456 0.000805360605 0)
(2.722311714 0.001382594842 0)
(2.721832887 0.003130317215 0)
(2.721517206 0.003959536861 0)
(2.721057879 0.004093267799 0)
(2.720902324 0.002727435949 0)
(2.720340311 0.0007417988128 0)
(2.719877548 -0.001129613232 0)
(2.719672817 -0.002205180689 0)
(2.719514872 -0.002087453226 0)
(2.72031837 -0.0003446000188 0)
(2.72160628 0.002308604445 0)
(2.723384385 0.004793745842 0)
(2.725223036 0.005878005872 0)
(2.725693317 0.005811766798 0)
(2.726088817 0.005274666464 0)
(2.725555718 0.003832192378 0)
(2.724200791 0.00317121864 0)
(2.72240604 0.003031965769 0)
(2.720590513 0.003273730197 0)
(2.719019938 0.003741032252 0)
(2.717367643 0.004526845524 0)
(2.715593461 0.005071115391 0)
(2.714144035 0.004787122729 0)
(2.713203894 0.003352450085 0)
(2.712500214 0.001568803663 0)
(2.712159432 0.0007111545348 0)
(2.712380982 -0.0003781367631 0)
(2.713356856 -0.002683551383 0)
(2.715543642 -0.004989535403 0)
(2.717702751 -0.005208539167 0)
(2.719205866 -0.004682435733 0)
(2.720876903 -0.003167108939 0)
(2.72171601 -0.0009638040247 0)
(2.72237255 0.0003165095228 0)
(2.721678617 0.0005117729149 0)
(2.706901876 -0.0004955396315 0)
(2.706473672 -0.0001773037961 0)
(2.70584548 -8.952260568e-06 0)
(2.705298838 0.0005316620722 0)
(2.704744102 0.00139909561 0)
(2.704652909 0.002178976568 0)
(2.705007971 0.002556576443 0)
(2.704671518 0.0007522856432 0)
(2.704416857 -0.001344235761 0)
(2.704590955 -0.00247370342 0)
(2.704980382 -0.001591619132 0)
(2.705558226 0.001052339132 0)
(2.706216581 0.002643266811 0)
(2.707398602 0.004714922619 0)
(2.708568804 0.005925184328 0)
(2.709531918 0.005514814142 0)
(2.709921945 0.004405149421 0)
(2.709592137 0.003272064256 0)
(2.708414506 0.003036136871 0)
(2.706876205 0.003639619884 0)
(2.7053476 0.004453838452 0)
(2.704099327 0.005483999356 0)
(2.70278501 0.006192108676 0)
(2.701894065 0.005692865943 0)
(2.70125294 0.003699982841 0)
(2.700671978 0.001463746168 0)
(2.699911552 0.0004523390381 0)
(2.699578783 8.999467855e-05 0)
(2.699936163 -0.0002673680269 0)
(2.701145498 -0.001258792623 0)
(2.703121684 -0.003344442743 0)
(2.705305155 -0.004746419368 0)
(2.7071968 -0.004537195256 0)
(2.708406543 -0.003113277407 0)
(2.708932851 -0.0009654924218 0)
(2.708817179 0.001176083235 0)
(2.707859794 0.001489572354 0)
(2.69336026 0.000560933996 0)
(2.693786506 -0.001622457217 0)
(2.693845847 -0.002694508644 0)
(2.693881567 -0.001677948845 0)
(2.693362864 0.0005885371557 0)
(2.693003554 0.002657450363 0)
(2.692410555 0.002888729212 0)
(2.69249192 0.002918005577 0)
(2.69275821 0.001857455621 0)
(2.692922445 0.0009021971716 0)
(2.693395941 0.0006964570549 0)
(2.693943049 0.001462424767 0)
(2.694366441 0.002677315251 0)
(2.694930438 0.004056143018 0)
(2.695562084 0.004270688276 0)
(2.696164539 0.003402856899 0)
(2.696283625 0.003086000725 0)
(2.696278434 0.003082575851 0)
(2.695700186 0.003687157393 0)
(2.694811025 0.004316128499 0)
(2.69379639 0.005217588411 0)
(2.692812242 0.006115839837 0)
(2.69196168 0.006039730751 0)
(2.691535023 0.0042833282 0)
(2.691107812 0.001543516991 0)
(2.690714256 -0.0003545836785 0)
(2.690460167 -0.00084830347 0)
(2.690332834 -0.0007015716497 0)
(2.690843565 -0.0003033340512 0)
(2.691607321 -0.000417071432 0)
(2.693649844 -0.001455938636 0)
(2.696044604 -0.003526156817 0)
(2.698083575 -0.004155502927 0)
(2.698926224 -0.00282043747 0)
(2.698745695 -0.001306285356 0)
(2.698159351 0.0008323869081 0)
(2.69713355 0.002074444866 0)
(2.684541661 0.0005571795726 0)
(2.684887525 -0.0027518801 0)
(2.685473985 -0.003498861638 0)
(2.68595259 -0.002726335033 0)
(2.686231735 -0.0003472503067 0)
(2.685890322 0.002209520498 0)
(2.684994242 0.00383382416 0)
(2.684408314 0.004002938239 0)
(2.684231926 0.003883356024 0)
(2.684253108 0.004232547466 0)
(2.684465916 0.004162812473 0)
(2.685164098 0.003074116789 0)
(2.685797264 0.002391566233 0)
(2.686590081 0.002137701647 0)
(2.686915464 0.002127875949 0)
(2.686887877 0.002275707784 0)
(2.687028868 0.002635010082 0)
(2.687042319 0.003240179874 0)
(2.686901171 0.003786850723 0)
(2.686376663 0.004379393035 0)
(2.685760337 0.005027993315 0)
(2.684889149 0.005422916248 0)
(2.684347901 0.004362932077 0)
(2.684056455 0.002005383474 0)
(2.683877307 6.229830924e-05 0)
(2.684072688 -0.001517721385 0)
(2.684682606 -0.002300671437 0)
(2.685484253 -0.002072963073 0)
(2.685920186 -0.001090339142 0)
(2.686378381 -0.0003300989501 0)
(2.687516649 -0.0004555113669 0)
(2.689563972 -0.0008374259804 0)
(2.691421236 -0.001246850873 0)
(2.692271282 -0.0007629935584 0)
(2.691986373 0.0001493557865 0)
(2.691005002 0.001405086564 0)
(2.689585562 0.001810081326 0)
(2.679597185 0.0005108969058 0)
(2.67875248 -0.0007617651426 0)
(2.679076638 -0.001823371719 0)
(2.679390567 -0.001043794845 0)
(2.679604997 0.000561390756 0)
(2.68001918 0.002482205894 0)
(2.680536637 0.004114852268 0)
(2.680567421 0.005529495836 0)
(2.680213038 0.006694981533 0)
(2.679790586 0.00741512558 0)
(2.679320977 0.007381857406 0)
(2.679685637 0.005115684864 0)
(2.68088248 0.001902299922 0)
(2.681769282 0.0002210750373 0)
(2.682151666 1.89010114e-05 0)
(2.682466971 0.0006171263982 0)
(2.682149116 0.001785968999 0)
(2.681697281 0.003318253459 0)
(2.681436794 0.003963163462 0)
(2.681069615 0.004248340632 0)
(2.68067377 0.00426123661 0)
(2.680038403 0.003795594495 0)
(2.679618194 0.002222289565 0)
(2.679518925 0.0003926400397 0)
(2.679831703 -0.00132064617 0)
(2.680967993 -0.002820545306 0)
(2.681992623 -0.003688520306 0)
(2.6826222 -0.003262982606 0)
(2.682985059 -0.001847102765 0)
(2.683880038 -0.0006637421117 0)
(2.684401034 0.0003407471403 0)
(2.685339436 0.000998232875 0)
(2.686421045 0.001303966969 0)
(2.687071411 0.0007692643816 0)
(2.687014264 0.0002984051038 0)
(2.686249949 0.0005697914988 0)
(2.685018079 0.001136165206 0)
(2.676847663 0.002344168661 0)
(2.676163337 0.003021807608 0)
(2.676675493 0.002175346553 0)
(2.676623761 0.001476556673 0)
(2.676649317 0.001717914795 0)
(2.676783145 0.002100723122 0)
(2.677341371 0.003036456244 0)
(2.678312895 0.004507705254 0)
(2.678753479 0.005666084299 0)
(2.677757823 0.006196057452 0)
(2.67714856 0.006196132141 0)
(2.677075096 0.00458759826 0)
(2.678037156 0.001606468038 0)
(2.679095789 -0.0007600392263 0)
(2.679594183 -0.001294513566 0)
(2.679707677 -0.0005663072915 0)
(2.679238062 0.001330546009 0)
(2.678898277 0.002958372766 0)
(2.678546332 0.003687850072 0)
(2.678442988 0.003660155549 0)
(2.678266559 0.002914569457 0)
(2.677959787 0.001876096734 0)
(2.677950615 0.0004070149903 0)
(2.678014295 -0.0007458306908 0)
(2.678573003 -0.002150131295 0)
(2.680044517 -0.003550854056 0)
(2.681382475 -0.003915842966 0)
(2.682125521 -0.003039868311 0)
(2.682845258 -0.00165835709 0)
(2.683417279 -0.0004958985702 0)
(2.68369777 0.0008178401906 0)
(2.684024374 0.002429305369 0)
(2.684290727 0.003543355441 0)
(2.684259679 0.003420461101 0)
(2.683785495 0.002425546041 0)
(2.683213079 0.001146211449 0)
(2.683209012 -0.0001011315761 0)
(2.675958951 0.003876960142 0)
(2.675961666 0.005795426876 0)
(2.676306301 0.005649254453 0)
(2.676622564 0.003941280768 0)
(2.676994493 0.002871734319 0)
(2.677690967 0.002291616054 0)
(2.678610495 0.002247129021 0)
(2.680049541 0.00166247711 0)
(2.680237866 0.002027966134 0)
(2.679346754 0.004586114491 0)
(2.678102927 0.004675782852 0)
(2.677590867 0.003672337311 0)
(2.677454826 0.002233086202 0)
(2.678011035 0.0001547337203 0)
(2.679036371 -0.0006030877846 0)
(2.678894208 0.0001339356963 0)
(2.678629536 0.001303595099 0)
(2.67817566 0.002486665044 0)
(2.677988755 0.003029772265 0)
(2.678064188 0.002624519255 0)
(2.678148283 0.001478047251 0)
(2.678356325 0.0005235059504 0)
(2.678960414 -7.928612981e-05 0)
(2.679316155 -0.0006896629328 0)
(2.680087106 -0.001649325303 0)
(2.681219186 -0.002558999014 0)
(2.682794113 -0.003042805898 0)
(2.684169768 -0.002792484265 0)
(2.684993773 -0.001913373009 0)
(2.685251989 -0.0009539307023 0)
(2.6850491 0.0005797528145 0)
(2.684774294 0.002695400512 0)
(2.684424908 0.004163533876 0)
(2.68386833 0.004422049805 0)
(2.683153285 0.003500970074 0)
(2.682761274 0.001301146622 0)
(2.683383876 -0.001236968386 0)
(2.680132355 0.001072759407 0)
(2.678320444 0.004467123544 0)
(2.677951261 0.00684106189 0)
(2.678301024 0.00724066768 0)
(2.678770458 0.006245301609 0)
(2.67976112 0.003739387964 0)
(2.68137796 0.00112021173 0)
(2.682791584 -0.0005154990262 0)
(2.684085871 -0.002118164458 0)
(2.684143543 -0.002207979873 0)
(2.683881931 -0.0002869232464 0)
(2.682034748 0.00230815283 0)
(2.680988585 0.002681186641 0)
(2.679759024 0.003034861153 0)
(2.679467862 0.00222893962 0)
(2.680294058 7.728253316e-05 0)
(2.680481799 0.0001130750329 0)
(2.680060994 0.0007373816231 0)
(2.679839843 0.001442518196 0)
(2.679985953 0.001792216709 0)
(2.680403099 0.00142654817 0)
(2.680683084 0.001015690592 0)
(2.681336018 0.0008034040516 0)
(2.682902924 0.0006093588534 0)
(2.684059498 9.101094617e-05 0)
(2.685725791 -0.0005919918071 0)
(2.687207613 -0.0009691934509 0)
(2.688761381 -0.0007207097365 0)
(2.69009774 -0.0004258708502 0)
(2.690901245 -0.0003079333537 0)
(2.690894192 4.185162762e-05 0)
(2.690382587 0.000903901386 0)
(2.689211152 0.002462956585 0)
(2.687691885 0.004109778644 0)
(2.686312111 0.004450980287 0)
(2.685421657 0.003440965191 0)
(2.684802237 0.001793185775 0)
(2.68582061 -0.0006651364726 0)
(2.685885678 0.0007616776694 0)
(2.684257524 0.004471234064 0)
(2.683414848 0.007348647054 0)
(2.683867471 0.008082824173 0)
(2.68504772 0.007251858316 0)
(2.686941454 0.005092817119 0)
(2.688928751 0.0008168770217 0)
(2.690140726 -0.002379285377 0)
(2.690769837 -0.00395650444 0)
(2.691224507 -0.004554588458 0)
(2.691202444 -0.003907142941 0)
(2.689778868 -0.0007930581323 0)
(2.687537367 0.002116448649 0)
(2.685743162 0.003993347944 0)
(2.684462361 0.00400971918 0)
(2.683966545 0.002074779061 0)
(2.684238509 0.000610836455 0)
(2.684202985 0.0004312284893 0)
(2.684389549 0.0004296116981 0)
(2.685177783 0.00073853872 0)
(2.685896469 0.001275125522 0)
(2.686647035 0.00168461436 0)
(2.688162306 0.001739340753 0)
(2.691207485 0.001358379031 0)
(2.694241249 0.0005498907754 0)
(2.697144177 0.0001734144912 0)
(2.699870952 0.0002852235209 0)
(2.70222902 0.001199409538 0)
(2.703511916 0.00191070087 0)
(2.703920818 0.001593395131 0)
(2.703415625 0.001103367501 0)
(2.701624385 0.001264780877 0)
(2.698620715 0.002202216871 0)
(2.69567078 0.003155874377 0)
(2.69352309 0.003140793102 0)
(2.692244571 0.002211946919 0)
(2.691171131 0.001670490832 0)
(2.692276672 0.0006681684924 0)
(2.696728356 3.758439717e-05 0)
(2.695527184 0.003563375661 0)
(2.695468548 0.006271319838 0)
(2.696261263 0.0067816612 0)
(2.697808236 0.006020454257 0)
(2.699777052 0.004217907441 0)
(2.702282156 0.00131777594 0)
(2.704000596 -0.002696465351 0)
(2.704604181 -0.004615036775 0)
(2.704775447 -0.004881659098 0)
(2.704105685 -0.004247756223 0)
(2.703226773 -0.002841925115 0)
(2.700558986 0.0005534094691 0)
(2.697601446 0.003915924878 0)
(2.695013678 0.004688686075 0)
(2.693241804 0.003462302938 0)
(2.692851291 0.001402951681 0)
(2.692914304 0.0004193913968 0)
(2.693295632 -0.000277764684 0)
(2.694207969 0.0004641978465 0)
(2.69542451 0.001759982376 0)
(2.697481082 0.002412979041 0)
(2.700505502 0.002357781769 0)
(2.705460341 0.001597259697 0)
(2.71088107 0.0003546105298 0)
(2.715385449 -0.0001975074143 0)
(2.719010276 0.0003243799368 0)
(2.722003526 0.001344758279 0)
(2.723246858 0.002509112453 0)
(2.722864057 0.002755671904 0)
(2.721201441 0.001968838786 0)
(2.718022548 0.0009536543146 0)
(2.713683576 0.0006259480155 0)
(2.709244827 0.001144663874 0)
(2.705929391 0.001880840853 0)
(2.703955787 0.002327787153 0)
(2.702403023 0.002783013506 0)
(2.704227876 0.002252849622 0)
(2.71489587 -0.000890342753 0)
(2.714005845 0.001913907133 0)
(2.714251449 0.003903909585 0)
(2.715515957 0.004405566153 0)
(2.718089899 0.003465820397 0)
(2.720594105 0.002197353837 0)
(2.72334704 0.0006872665031 0)
(2.725778422 -0.001388076121 0)
(2.72680798 -0.003325814816 0)
(2.72662206 -0.003958485724 0)
(2.725230786 -0.003832536108 0)
(2.72277814 -0.002548264111 0)
(2.719924502 0.0001653153165 0)
(2.716052942 0.003123376616 0)
(2.711985543 0.004378880634 0)
(2.708681235 0.003452050724 0)
(2.707363255 0.001533044731 0)
(2.707486169 0.0002416418742 0)
(2.707948363 -4.995717295e-05 0)
(2.709061564 0.0005731245838 0)
(2.711335678 0.001828745253 0)
(2.714619034 0.002811932356 0)
(2.719135157 0.00285179097 0)
(2.725640278 0.001958216617 0)
(2.732852793 0.0001929828337 0)
(2.739041482 -0.001307292327 0)
(2.743811757 -0.0009140438821 0)
(2.747223773 -0.0002158370844 0)
(2.748496693 0.0002986214077 0)
(2.74745707 0.0009604912678 0)
(2.744351057 0.0009534491685 0)
(2.739842178 0.000273611745 0)
(2.733754042 -0.0003698148565 0)
(2.727521962 -5.732386282e-05 0)
(2.722461396 0.001428639386 0)
(2.719998257 0.002930528657 0)
(2.71886435 0.003900332441 0)
(2.721932402 0.003507240685 0)
(2.739655875 -0.001488138863 0)
(2.739157946 -1.668174428e-05 0)
(2.740022036 0.0006210165244 0)
(2.741905041 0.001337903432 0)
(2.745270048 0.001361145867 0)
(2.748405394 0.001266394075 0)
(2.751508339 0.0006288680991 0)
(2.754331542 -0.0002078062408 0)
(2.755544974 -0.001752156327 0)
(2.755187777 -0.002655180818 0)
(2.753319861 -0.002868595512 0)
(2.749432728 -0.001855837023 0)
(2.74512111 0.0003781764515 0)
(2.740610148 0.002341289533 0)
(2.735301278 0.003121260957 0)
(2.731017646 0.002923652968 0)
(2.728776015 0.001757787403 0)
(2.728408211 0.0010359995 0)
(2.729132066 0.0009121191269 0)
(2.730753577 0.001574580447 0)
(2.733563187 0.002670692226 0)
(2.737533919 0.003349696881 0)
(2.743288511 0.00311551395 0)
(2.750800555 0.001627732004 0)
(2.758678962 -0.0007096937474 0)
(2.765692447 -0.003004665022 0)
(2.770909766 -0.004000588585 0)
(2.774162275 -0.004051772168 0)
(2.775825529 -0.003784600386 0)
(2.775114032 -0.002903126461 0)
(2.77233205 -0.0007000402561 0)
(2.766730499 1.10236115e-05 0)
(2.75861731 -2.52109723e-05 0)
(2.75038795 0.0003104544344 0)
(2.744028227 0.001232154682 0)
(2.741729226 0.002651286071 0)
(2.74126036 0.004013453491 0)
(2.744756576 0.004036400075 0)
(2.770692828 -0.002234127875 0)
(2.770313369 -0.00224232475 0)
(2.771133673 -0.001623224302 0)
(2.77263601 -0.0003270432665 0)
(2.775997473 0.001016751099 0)
(2.780040579 0.001678743167 0)
(2.783699198 0.001578070149 0)
(2.786086745 0.000854496399 0)
(2.787326403 -0.0001481747068 0)
(2.786743148 -0.001048892795 0)
(2.784772877 -0.001526837341 0)
(2.780961945 -0.001082642207 0)
(2.775975623 0.0003008308688 0)
(2.770019766 0.00153707774 0)
(2.763593556 0.002030571485 0)
(2.758471395 0.002443847405 0)
(2.755957594 0.002463157213 0)
(2.755323559 0.002327069373 0)
(2.756116458 0.002523682258 0)
(2.757785129 0.003053763682 0)
(2.760675604 0.003386320551 0)
(2.765183995 0.003440271673 0)
(2.771545959 0.00258299835 0)
(2.779452847 0.0006152902722 0)
(2.787029615 -0.001933552671 0)
(2.793759843 -0.00478568454 0)
(2.798921342 -0.006974630223 0)
(2.802270718 -0.007936370542 0)
(2.802922838 -0.007605168447 0)
(2.80217103 -0.006489127039 0)
(2.799766846 -0.003321938868 0)
(2.794985762 0.0004656370471 0)
(2.786480112 0.001263229098 0)
(2.77706331 0.001513868037 0)
(2.770805837 0.00191604917 0)
(2.7685705 0.002572148763 0)
(2.768143266 0.003623271779 0)
(2.771744496 0.003708578694 0)
(2.80468808 -0.001759336134 0)
(2.80381597 -0.002231418705 0)
(2.803779489 -0.001728741182 0)
(2.805615586 -0.0001006759547 0)
(2.808607241 0.0009331604838 0)
(2.812889895 0.002082632205 0)
(2.815939884 0.001908125088 0)
(2.817366612 0.0008770265145 0)
(2.817739089 0.0002691028468 0)
(2.816928891 -0.0002367755144 0)
(2.815116873 -0.0006173364221 0)
(2.812038366 -0.000450813281 0)
(2.807448216 0.0004550310876 0)
(2.801735207 0.001420240658 0)
(2.795006927 0.001957181614 0)
(2.789299626 0.002100538657 0)
(2.786626705 0.002942697551 0)
(2.786076704 0.003690832627 0)
(2.786819552 0.004268014936 0)
(2.788517561 0.004142056164 0)
(2.791484118 0.003766453572 0)
(2.795895242 0.003189437456 0)
(2.801741823 0.001679521831 0)
(2.80865285 -0.0006924443284 0)
(2.815171301 -0.003069070906 0)
(2.821154712 -0.005947278391 0)
(2.825407455 -0.008235879242 0)
(2.82825808 -0.009100652624 0)
(2.829421708 -0.0082035982 0)
(2.828368117 -0.007519694314 0)
(2.825655791 -0.005136991589 0)
(2.820819265 -0.0004143537962 0)
(2.814194846 0.001933622116 0)
(2.805441746 0.002791481429 0)
(2.799482797 0.003365205575 0)
(2.796823019 0.003505487054 0)
(2.796184393 0.003115451431 0)
(2.799548739 0.001566670521 0)
(2.837050093 -0.001291905489 0)
(2.835774839 -0.001329702097 0)
(2.835905388 -0.0005829272097 0)
(2.837942757 0.0004169413555 0)
(2.840293697 0.0005819156405 0)
(2.843027421 0.001109877146 0)
(2.844801692 0.001443580246 0)
(2.845469863 0.001292851911 0)
(2.845064273 0.001244080165 0)
(2.843648043 0.001067088403 0)
(2.841753114 0.0006817440633 0)
(2.839241542 0.0006345090506 0)
(2.835643177 0.001201665969 0)
(2.831102199 0.002323521908 0)
(2.825591035 0.002972242925 0)
(2.820706941 0.002854006338 0)
(2.81847537 0.003144066833 0)
(2.818042389 0.004128382123 0)
(2.818661916 0.004682966298 0)
(2.820239655 0.004522628168 0)
(2.822747298 0.003856237754 0)
(2.82638846 0.002532821156 0)
(2.831053855 0.0002636010489 0)
(2.836138053 -0.002400508737 0)
(2.841037127 -0.004599406373 0)
(2.845673041 -0.006810099983 0)
(2.848743665 -0.008426720498 0)
(2.850707743 -0.008705295623 0)
(2.851646683 -0.008039094716 0)
(2.850893073 -0.007189575735 0)
(2.848786394 -0.005840947928 0)
(2.844469991 -0.002228534834 0)
(2.839273716 0.002235317444 0)
(2.832600876 0.004355029873 0)
(2.826899204 0.004716996298 0)
(2.823923937 0.004101357473 0)
(2.823219023 0.002263296039 0)
(2.826092245 -0.0004334982707 0)
(2.864733134 -0.0007352583842 0)
(2.863921567 0.0001126971729 0)
(2.864259517 0.001100459935 0)
(2.865411321 0.0006242085793 0)
(2.866387655 -0.0001395673287 0)
(2.866964477 -0.0004638569458 0)
(2.866717374 -5.229856355e-05 0)
(2.86651302 0.001027623681 0)
(2.866224747 0.002059762344 0)
(2.865134571 0.002821332462 0)
(2.863340781 0.00287506804 0)
(2.86122652 0.002708358492 0)
(2.858467066 0.002870654334 0)
(2.855354128 0.004035659803 0)
(2.851663355 0.004797247503 0)
(2.848493872 0.004327791564 0)
(2.847367369 0.004163190664 0)
(2.847018828 0.003943919989 0)
(2.847144817 0.00365384736 0)
(2.848053373 0.002938890116 0)
(2.8501067 0.001874993708 0)
(2.852813464 9.992692736e-05 0)
(2.85587134 -0.002044061025 0)
(2.859033737 -0.003607616515 0)
(2.861889646 -0.004773554695 0)
(2.864478337 -0.00617404767 0)
(2.866054325 -0.006846277077 0)
(2.867091212 -0.006306264256 0)
(2.867201508 -0.005277888948 0)
(2.866724232 -0.004439231081 0)
(2.865132357 -0.002880554906 0)
(2.86318345 -0.0008407349855 0)
(2.860531633 0.003094529457 0)
(2.855690742 0.005976047535 0)
(2.850649603 0.005379224836 0)
(2.847993898 0.003614448437 0)
(2.846867038 0.001418160071 0)
(2.849094074 -0.00179561544 0)
(2.886175273 -0.0001132873757 0)
(2.886074511 0.001242348873 0)
(2.886345958 0.00223233584 0)
(2.886488566 0.001285475412 0)
(2.886002934 -0.0001535882273 0)
(2.884492268 -0.001638920919 0)
(2.882737506 -0.001474669727 0)
(2.881173429 -0.0003946025978 0)
(2.880683519 0.0009595768528 0)
(2.880381223 0.002741217264 0)
(2.879619273 0.003843307768 0)
(2.87809204 0.004319679312 0)
(2.875882913 0.004857134126 0)
(2.873971196 0.006212054516 0)
(2.871957523 0.006906909229 0)
(2.870437381 0.005322045876 0)
(2.870088778 0.004094390536 0)
(2.869850033 0.003046527757 0)
(2.869726227 0.002439177566 0)
(2.870154864 0.001225396398 0)
(2.87125663 -0.0005069928123 0)
(2.872782516 -0.002015946327 0)
(2.874207417 -0.003785806535 0)
(2.875492741 -0.004978556837 0)
(2.876816575 -0.00535397257 0)
(2.878316144 -0.005284314216 0)
(2.87958717 -0.004681342005 0)
(2.880010481 -0.003606643394 0)
(2.879373861 -0.002127369291 0)
(2.878100059 -0.0009733891224 0)
(2.876439231 -0.0004374921994 0)
(2.875020958 0.0009576640169 0)
(2.875002954 0.003213802855 0)
(2.872846811 0.005294871355 0)
(2.869425778 0.004782694079 0)
(2.867063588 0.002780752181 0)
(2.866081811 0.0003157580501 0)
(2.867761716 -0.002090242247 0)
(2.900713688 0.0009926922631 0)
(2.901344419 0.002762959295 0)
(2.901779071 0.002965567073 0)
(2.901249677 0.001591755643 0)
(2.899797523 -0.0004725080265 0)
(2.897296405 -0.002203029291 0)
(2.895641924 -0.00223569926 0)
(2.895106806 -0.0003334623409 0)
(2.894462398 0.001839315092 0)
(2.893761183 0.003574924121 0)
(2.892625626 0.004590313675 0)
(2.890936043 0.005266005561 0)
(2.889036024 0.006222316612 0)
(2.887571964 0.007502563267 0)
(2.886608224 0.007730010595 0)
(2.886080211 0.006228592831 0)
(2.886210929 0.004710462809 0)
(2.886163351 0.003257089501 0)
(2.885691622 0.001499240966 0)
(2.885180404 -0.0009520431783 0)
(2.885585567 -0.003080443083 0)
(2.886023047 -0.004244607602 0)
(2.886807827 -0.004705101376 0)
(2.887418636 -0.004758989291 0)
(2.888048934 -0.003873060232 0)
(2.889337726 -0.003068987487 0)
(2.890740454 -0.002170278626 0)
(2.890788447 -0.0009350972149 0)
(2.890027326 0.0003982703526 0)
(2.888459013 0.001121691724 0)
(2.886486796 0.001340322617 0)
(2.883872292 0.001319027097 0)
(2.882705973 0.001178043605 0)
(2.881273504 0.001820367657 0)
(2.880196492 0.002382347755 0)
(2.879648058 0.001364601124 0)
(2.879700132 -0.0003612010577 0)
(2.880749979 -0.00205160751 0)
(2.910126128 -0.000594683554 0)
(2.910635023 0.001391563 0)
(2.910727145 0.001670677274 0)
(2.909735313 0.000645900573 0)
(2.908248246 -0.001016822082 0)
(2.907172546 -0.001849049373 0)
(2.906502656 -0.001616933012 0)
(2.906375958 0.0005945717986 0)
(2.90587175 0.003004682719 0)
(2.904404591 0.003651698396 0)
(2.902302241 0.003999140594 0)
(2.900152375 0.004750900515 0)
(2.898362667 0.005539389704 0)
(2.896915934 0.006851532517 0)
(2.896400716 0.007109917318 0)
(2.896297388 0.005794402171 0)
(2.896390083 0.004280289734 0)
(2.896282688 0.002647620257 0)
(2.895693918 0.0003657590706 0)
(2.894991793 -0.001369009016 0)
(2.894814138 -0.002082950372 0)
(2.895024886 -0.002700850451 0)
(2.89574451 -0.004169381748 0)
(2.896394849 -0.0053373402 0)
(2.897020898 -0.004366396717 0)
(2.898205178 -0.002808916235 0)
(2.899157385 -0.001763712745 0)
(2.899353043 -0.0006325047463 0)
(2.898841969 0.000828736918 0)
(2.897554184 0.001496999575 0)
(2.895638636 0.001652792964 0)
(2.892846032 0.001337071334 0)
(2.889899134 0.0009199331674 0)
(2.888103237 0.0007272500043 0)
(2.88631863 1.377895808e-05 0)
(2.885957831 -0.0005042134231 0)
(2.886375867 -0.000760644326 0)
(2.887723197 -0.000946472441 0)
(2.918597977 -0.0007442799977 0)
(2.91775658 0.0006916033758 0)
(2.916948521 0.001199329402 0)
(2.915831659 0.0008932980557 0)
(2.914558221 0.0001717840139 0)
(2.914232139 -0.0002476280606 0)
(2.913636522 0.0009255928494 0)
(2.912405912 0.001880196481 0)
(2.911106647 0.001539622172 0)
(2.909441943 0.0008065386694 0)
(2.907785697 0.0006935184586 0)
(2.906098711 0.001702614356 0)
(2.904481034 0.002860552258 0)
(2.903210793 0.004387573451 0)
(2.902872425 0.005272883888 0)
(2.902769856 0.004616963517 0)
(2.902671744 0.003425632143 0)
(2.902288131 0.002038924073 0)
(2.90191339 0.0004384870019 0)
(2.90187898 -0.0006786470449 0)
(2.901895607 -0.001504503801 0)
(2.90204843 -0.00218801027 0)
)
;

boundaryField
{
    inlet
    {
        type            fixedValue;
        value           nonuniform 0();
    }
    outlet
    {
        type            inletOutlet;
        inletValue      uniform (3 0 0);
        value           nonuniform List<vector> 
61
(
(2.887713303 0.0002938786406 0)
(2.884057752 4.78432565e-05 0)
(2.881225655 9.401949359e-05 0)
(2.879338214 -0.001508010085 0)
(2.877430696 -0.003308413241 0)
(2.876613724 -0.005104420282 0)
(2.874642275 -0.003326305108 0)
(2.872155943 0.001847509813 0)
(2.870157983 0.005353470814 0)
(2.868295203 0.005447776614 0)
(2.866456267 0.004972151401 0)
(2.864607741 0.002251492284 0)
(2.861771687 -1.016476642e-05 0)
(2.859338183 -0.003022398449 0)
(2.855747397 -0.002919798114 0)
(2.852011577 -0.002358802801 0)
(2.848556686 -5.012004338e-05 0)
(2.844728728 -7.478271553e-05 0)
(2.841195104 0.001666006732 0)
(2.837545154 0.0005913773157 0)
(2.83373086 0.001221146524 0)
(2.829994106 4.250587141e-05 0)
(2.826104153 0.001375313692 0)
(2.822347382 0.002166188438 0)
(2.819165786 0.004554061098 0)
(2.816561721 0.005073361218 0)
(2.815054098 0.005693280553 0)
(2.814455451 0.004762488544 0)
(2.814670845 0.003220771112 0)
(2.815457439 0.001448301629 0)
(2.815764545 -0.0009027420019 0)
(2.816516252 -0.002719404057 0)
(2.816180126 -0.003749874208 0)
(2.814860869 -0.002232399825 0)
(2.812565464 -0.0001012143562 0)
(2.808627046 0.0006027107175 0)
(2.802737076 0.0004052461484 0)
(2.794257493 -0.0007268639348 0)
(2.782526817 -0.001314132224 0)
(2.768608894 -0.001955467652 0)
(2.753279077 -0.001534931873 0)
(2.737327668 -0.000760564847 0)
(2.721678617 0.0005117729149 0)
(2.707859794 0.001489572354 0)
(2.69713355 0.002074444866 0)
(2.689585562 0.001810081326 0)
(2.685018079 0.001136165206 0)
(2.683209012 -0.0001011315761 0)
(2.683383876 -0.001236968386 0)
(2.68582061 -0.0006651364726 0)
(2.692276672 0.0006681684924 0)
(2.704227876 0.002252849622 0)
(2.721932402 0.003507240685 0)
(2.744756576 0.004036400075 0)
(2.771744496 0.003708578694 0)
(2.799548739 0.001566670521 0)
(2.826092245 -0.0004334982707 0)
(2.849094074 -0.00179561544 0)
(2.867761716 -0.002090242247 0)
(2.880749979 -0.00205160751 0)
(2.887723197 -0.000946472441 0)
)
;
    }
    bottom
    {
        type            slip;
    }
    top
    {
        type            slip;
    }
    obstacle
    {
        type            slip;
    }
    defaultFaces
    {
        type            empty;
    }
    procBoundary17to11
    {
        type            processor;
        value           nonuniform List<vector> 
34
(
(2.896927676 0.007013514867 0)
(2.896328312 0.007859248959 0)
(2.895221909 0.008923947165 0)
(2.896173199 0.009904364668 0)
(2.897900217 0.009751870002 0)
(2.899739023 0.009331404163 0)
(2.901010145 0.008367198519 0)
(2.901303828 0.006481974946 0)
(2.901645374 0.004937803774 0)
(2.901753018 0.004776243951 0)
(2.901412902 0.005977406644 0)
(2.900737096 0.008779607929 0)
(2.900297661 0.01189221248 0)
(2.899968656 0.01360037498 0)
(2.899574331 0.01349484819 0)
(2.89938579 0.01077843885 0)
(2.899304143 0.005137253373 0)
(2.899507925 -0.0003847849336 0)
(2.899730983 -0.002228176241 0)
(2.899648325 -0.001281354336 0)
(2.899206029 0.0003038653264 0)
(2.898400482 0.001819402373 0)
(2.897764029 0.002762571127 0)
(2.897406318 0.002720004179 0)
(2.897130344 0.002140683476 0)
(2.897141419 0.001420915899 0)
(2.896954987 0.001605086988 0)
(2.896201444 0.001809089679 0)
(2.895331688 0.00173194262 0)
(2.894512826 0.001810055968 0)
(2.893594998 0.00135694169 0)
(2.892776283 0.0004203485347 0)
(2.892003359 -0.0002707940835 0)
(2.891209084 -0.001088420753 0)
)
;
    }
    procBoundary17to16
    {
        type            processor;
        value           nonuniform List<vector> 
65
(
(2.894604843 0.007039950457 0)
(2.891701934 0.007065595868 0)
(2.888788406 0.008174054065 0)
(2.886056281 0.009018854531 0)
(2.883655665 0.009670228729 0)
(2.881507274 0.008909820213 0)
(2.879497963 0.008473009625 0)
(2.877517161 0.007531623385 0)
(2.875304361 0.007523431391 0)
(2.875304361 0.007523431391 0)
(2.874147574 0.006469514461 0)
(2.871574215 0.007265378574 0)
(2.868910665 0.00562528673 0)
(2.865705541 0.004658260747 0)
(2.862745927 0.002038391967 0)
(2.859776424 0.001519818583 0)
(2.856771492 0.0013077826 0)
(2.853676718 0.003759844123 0)
(2.850183074 0.003646846783 0)
(2.846407399 0.003794615848 0)
(2.842541907 0.001332928416 0)
(2.838800759 0.0003421518014 0)
(2.835459005 -0.0007478527034 0)
(2.832390201 0.000285642241 0)
(2.832390201 0.000285642241 0)
(2.82998351 -0.0003643691764 0)
(2.827103345 0.001830728478 0)
(2.824732975 0.00344757174 0)
(2.823241748 0.00390915922 0)
(2.82227841 0.00180115534 0)
(2.821531938 -0.0009954210754 0)
(2.821269366 -0.0008767427053 0)
(2.821636908 -0.0004148228444 0)
(2.822518145 -0.0004739258874 0)
(2.823016633 0.00140559301 0)
(2.823049283 0.003193061888 0)
(2.822241642 0.005643452071 0)
(2.820352557 0.008418689376 0)
(2.815450846 0.01006633963 0)
(2.815450846 0.01006633963 0)
(2.807878958 0.00732481582 0)
(2.794328549 0.0020154119 0)
(2.778140193 -0.002441831404 0)
(2.760689779 -0.003830243837 0)
(2.74191532 -0.003116365654 0)
(2.723537126 -0.0003654330566 0)
(2.70667117 0.0003853666313 0)
(2.69337727 0.003329553739 0)
(2.684762713 0.001631294326 0)
(2.680724787 0.000916030875 0)
(2.678639853 0.0009152939611 0)
(2.677669366 0.001232256087 0)
(2.677669366 0.001232256087 0)
(2.682004515 -0.001435144122 0)
(2.687431205 -0.001468097396 0)
(2.698514998 -0.001655027056 0)
(2.716345623 -0.001049004526 0)
(2.741511416 -0.001699727487 0)
(2.773006529 -0.001725926316 0)
(2.806455399 -0.001449879661 0)
(2.838412949 -0.001547331334 0)
(2.866080605 -0.001374682091 0)
(2.886428286 -0.001409510641 0)
(2.899971728 -0.001660879682 0)
(2.909728354 -0.002129956993 0)
)
;
    }
    procBoundary17to22
    {
        type            processor;
        value           uniform (2.918640649 -0.002032140481 0);
    }
    procBoundary17to23
    {
        type            processor;
        value           nonuniform List<vector> 
39
(
(2.902082304 -0.003510209174 0)
(2.902731518 -0.004869761908 0)
(2.903815233 -0.00549702855 0)
(2.904851266 -0.005140704677 0)
(2.905714052 -0.003600566582 0)
(2.905633008 -0.001468549167 0)
(2.904198096 0.0002035474884 0)
(2.902556767 0.001360342399 0)
(2.901333486 0.001781413008 0)
(2.899890089 0.001441633242 0)
(2.896679406 0.000775109263 0)
(2.894173803 -0.0009715216293 0)
(2.892254554 -0.001626723162 0)
(2.89089725 -0.001002076754 0)
(2.890763087 -0.0001822579282 0)
(2.8921157 0.0004562309698 0)
(2.925872032 -0.00243944107 0)
(2.924550661 -0.002425775846 0)
(2.923070263 -0.002167781463 0)
(2.92200166 -0.00180256267 0)
(2.920832631 -0.001069968067 0)
(2.919219744 -0.0002076290659 0)
(2.917639739 0.0002916406324 0)
(2.915949639 0.0009010593612 0)
(2.914441548 0.0007493840847 0)
(2.913330713 0.0002586853524 0)
(2.912403077 -0.0003074039743 0)
(2.911607995 -0.0001874962317 0)
(2.910418463 0.001225211279 0)
(2.909395834 0.00297888753 0)
(2.908434985 0.004168112318 0)
(2.907737416 0.003937195987 0)
(2.907253624 0.003057620007 0)
(2.906920468 0.00200668219 0)
(2.906936118 0.001219193536 0)
(2.906829469 0.0003573279754 0)
(2.906522352 -0.0005388649722 0)
(2.902082304 -0.003510209174 0)
(2.906395509 -0.001801961864 0)
)
;
    }
}


// ************************************************************************* //
