/*--------------------------------*- C++ -*----------------------------------*\
  =========                 |
  \\      /  F ield         | OpenFOAM: The Open Source CFD Toolbox
   \\    /   O peration     | Website:  https://openfoam.org
    \\  /    A nd           | Version:  7
     \\/     M anipulation  |
\*---------------------------------------------------------------------------*/
FoamFile
{
    version     2.0;
    format      ascii;
    class       volVectorField;
    location    "2.6";
    object      U;
}
// * * * * * * * * * * * * * * * * * * * * * * * * * * * * * * * * * * * * * //

dimensions      [0 1 -1 0 0 0 0];

internalField   nonuniform List<vector> 
2222
(
(3 -5.124282073e-15 0)
(2.986899366 0.0006426789706 0)
(2.972413722 0.0110757519 0)
(2.957442652 0.02363483978 0)
(2.946560617 0.02015554504 0)
(2.933999748 0.04311400985 0)
(2.922086147 0.07969474078 0)
(2.912923719 0.07872814703 0)
(2.910568504 0.08272649997 0)
(2.891789239 0.1227537402 0)
(2.88840573 0.137282888 0)
(2.888711126 0.1488388123 0)
(2.870839987 0.1680881002 0)
(2.867467552 0.1835774325 0)
(2.867807358 0.2002244906 0)
(2.861958517 0.2170839008 0)
(2.853529544 0.2327257299 0)
(2.847423875 0.2419579818 0)
(2.847057524 0.2535506073 0)
(2.848848678 0.2672299098 0)
(2.848020897 0.2756080759 0)
(2.848928481 0.2746932596 0)
(2.853273897 0.2719648949 0)
(2.856440718 0.2737765923 0)
(2.855798484 0.2764369628 0)
(2.854210911 0.2766682435 0)
(2.853556862 0.2740910513 0)
(2.855619322 0.2714937786 0)
(2.857479733 0.2710984072 0)
(2.85944097 0.2713614088 0)
(2.861779146 0.2723803595 0)
(2.863147014 0.2713771124 0)
(2.86385222 0.2685385981 0)
(2.863996664 0.2664622276 0)
(2.998513529 0.002301865175 0)
(2.995212707 0.007918400373 0)
(2.990183638 0.01798526892 0)
(2.98178184 0.03712410197 0)
(2.974295314 0.05340710925 0)
(2.964181334 0.07866778701 0)
(2.950142215 0.118619311 0)
(2.945823331 0.1377689992 0)
(2.92905952 0.1734709475 0)
(2.917705829 0.2066792122 0)
(2.914157137 0.2293240392 0)
(2.893713131 0.2734253352 0)
(2.887939202 0.2894689667 0)
(2.884067912 0.2985727061 0)
(2.86995213 0.3286137841 0)
(2.863167697 0.3326475541 0)
(2.857360428 0.3221740705 0)
(2.85488913 0.3178660928 0)
(2.852131138 0.3179173146 0)
(2.850379387 0.3113695993 0)
(2.849953422 0.3008928662 0)
(2.854084693 0.2937664268 0)
(2.860457682 0.2907638607 0)
(2.863785735 0.2871462777 0)
(2.865536289 0.2866131418 0)
(2.868146783 0.2840202649 0)
(2.87115656 0.2792711204 0)
(2.87279082 0.2748328607 0)
(2.873157422 0.2727299357 0)
(2.874778627 0.2715847594 0)
(2.876551546 0.2713565176 0)
(2.877391181 0.2679015472 0)
(2.877063227 0.2624750441 0)
(2.999990859 1.421547735e-05 0)
(2.999942945 9.505868836e-05 0)
(2.999787285 0.0003959997942 0)
(2.999474823 0.001042087977 0)
(2.998650677 0.002721091339 0)
(2.997046728 0.006156472444 0)
(2.995430444 0.01106937434 0)
(2.993137144 0.01780026507 0)
(2.988770081 0.02846818004 0)
(2.983874334 0.04309996328 0)
(2.979552738 0.05746957166 0)
(2.973406628 0.08088910117 0)
(2.969788748 0.09913168699 0)
(2.965934809 0.1134728869 0)
(2.95384687 0.1528145023 0)
(2.952098649 0.1728836837 0)
(2.953413147 0.1819565794 0)
(2.935989664 0.2135877433 0)
(2.92928667 0.230897671 0)
(2.928692443 0.2435854916 0)
(2.913543107 0.2615297914 0)
(2.906095647 0.2678773688 0)
(2.898779336 0.2705453064 0)
(2.895531729 0.2721303628 0)
(2.893812377 0.2768829522 0)
(2.892194278 0.2793141613 0)
(2.891436492 0.2792191182 0)
(2.890277698 0.2794334124 0)
(2.888401621 0.2801261803 0)
(2.887458168 0.2814773223 0)
(2.887796586 0.2829787483 0)
(2.888616425 0.2828447521 0)
(2.886347691 0.2788836151 0)
(2.999999993 1.054157194e-08 0)
(2.999999923 1.218766827e-07 0)
(2.999999404 1.004154652e-06 0)
(2.999996716 5.908250779e-06 0)
(2.999985049 2.581864874e-05 0)
(2.999946436 9.643947032e-05 0)
(2.999854529 0.0002958334857 0)
(2.99964907 0.0007397962813 0)
(2.999207626 0.001649149459 0)
(2.998296285 0.003711148958 0)
(2.996919444 0.007037222119 0)
(2.994814387 0.01238269599 0)
(2.991422032 0.02221098178 0)
(2.987631277 0.03274531193 0)
(2.980354743 0.05091426012 0)
(2.973671325 0.07587930481 0)
(2.970493929 0.09611591639 0)
(2.955377902 0.1392101413 0)
(2.95046359 0.1634848343 0)
(2.948946904 0.1821845156 0)
(2.931177543 0.2311616585 0)
(2.925414997 0.2433220144 0)
(2.926517874 0.2445540336 0)
(2.906220357 0.2707523641 0)
(2.898951434 0.2896823746 0)
(2.897764184 0.2874310485 0)
(2.894694554 0.2928964625 0)
(2.89255356 0.2979737309 0)
(2.889303692 0.295541601 0)
(2.887870218 0.2914785381 0)
(2.887853769 0.2883867066 0)
(2.888860525 0.2872457 0)
(2.889398225 0.2847638056 0)
(3 1.32153293e-12 0)
(3 5.043163598e-14 0)
(3 1.394613946e-10 0)
(2.999999998 2.486881475e-09 0)
(2.999999982 2.574469685e-08 0)
(2.999999881 1.864106147e-07 0)
(2.999999414 9.61662549e-07 0)
(2.999997593 3.999718063e-06 0)
(2.999990968 1.527145554e-05 0)
(2.999971256 4.914293807e-05 0)
(2.999920032 0.0001450080295 0)
(2.999798566 0.0003729993317 0)
(2.999546515 0.0008681569771 0)
(2.999025413 0.001933484431 0)
(2.998021645 0.003853761004 0)
(2.99633914 0.007665004962 0)
(2.993832345 0.01348061105 0)
(2.989847963 0.02223377237 0)
(2.983906157 0.03780298584 0)
(2.977419502 0.05410828871 0)
(2.967615025 0.07910003073 0)
(2.959961269 0.103119984 0)
(2.952446033 0.1246249205 0)
(2.934525115 0.1693098798 0)
(2.929141565 0.185100396 0)
(2.932051075 0.1862010727 0)
(2.913750266 0.224828553 0)
(2.908884877 0.2462357316 0)
(2.910108112 0.2380635145 0)
(2.905394418 0.2447031746 0)
(2.899535212 0.2553462051 0)
(2.898983747 0.2580699291 0)
(2.896261739 0.2649017463 0)
(3 -2.906143324e-15 0)
(3 -3.840703796e-15 0)
(3 -1.78153202e-14 0)
(3 2.777106651e-13 0)
(3 3.249168282e-13 0)
(3 1.274269127e-11 0)
(3 2.547549076e-10 0)
(2.999999998 2.304499081e-09 0)
(2.999999989 1.615699875e-08 0)
(2.999999937 9.666021023e-08 0)
(2.99999972 4.372341882e-07 0)
(2.99999887 1.81785602e-06 0)
(2.999995997 6.521819974e-06 0)
(2.999987291 2.104701647e-05 0)
(2.999962018 6.472391211e-05 0)
(2.999899857 0.000172732023 0)
(2.999752499 0.0004412634777 0)
(2.999424224 0.001038611342 0)
(2.998748244 0.002323313366 0)
(2.997463979 0.004831522767 0)
(2.995270863 0.008919589658 0)
(2.991354444 0.01769647903 0)
(2.986474141 0.02809023449 0)
(2.979529627 0.04226801441 0)
(2.969126786 0.06889586429 0)
(2.961230529 0.08948237876 0)
(2.946144591 0.1212310983 0)
(2.934742198 0.1517905201 0)
(2.934315615 0.1644269894 0)
(2.913512568 0.2094568918 0)
(2.903532847 0.240868243 0)
(2.906631061 0.2366495864 0)
(2.897412615 0.2548864883 0)
(3 2.829293662e-15 0)
(3 1.917166919e-15 0)
(3 -1.885032605e-15 0)
(3 -2.072760983e-15 0)
(3 -2.734896162e-15 0)
(3 -2.051404828e-14 0)
(3 -3.797312955e-14 0)
(3 3.284580489e-13 0)
(3 -2.770187333e-13 0)
(3 9.203854837e-12 0)
(3 1.171901551e-10 0)
(2.999999999 8.73197758e-10 0)
(2.999999996 5.927401473e-09 0)
(2.999999979 3.149898779e-08 0)
(2.999999904 1.496780165e-07 0)
(2.999999597 6.415259538e-07 0)
(2.999998539 2.343731058e-06 0)
(2.999994952 8.338052245e-06 0)
(2.999984017 2.634195965e-05 0)
(2.999953002 7.891657668e-05 0)
(2.999866198 0.0002303674765 0)
(2.999669321 0.0005713831805 0)
(2.999227155 0.001405842639 0)
(2.998299075 0.003127180851 0)
(2.996667228 0.006375457711 0)
(2.994003991 0.01194259255 0)
(2.989548559 0.02034565539 0)
(2.982836864 0.03527023532 0)
(2.975597817 0.05235315042 0)
(2.96508254 0.07439475512 0)
(2.954968156 0.09957351594 0)
(2.947882643 0.1195530996 0)
(2.929398768 0.1618905638 0)
(3 5.304089565e-15 0)
(3 4.329258534e-15 0)
(3 2.858445918e-15 0)
(3 2.291920006e-15 0)
(3 -6.662254896e-16 0)
(3 -7.824514839e-15 0)
(3 -7.568757134e-15 0)
(3 -9.69615328e-15 0)
(3 -1.022749406e-14 0)
(3 -9.887411662e-15 0)
(3 8.218942209e-15 0)
(3 -9.680744375e-14 0)
(3 -1.209250682e-13 0)
(3 3.558224643e-12 0)
(3 2.32117103e-11 0)
(3 2.234632972e-10 0)
(2.999999999 1.50434522e-09 0)
(2.999999995 8.073571607e-09 0)
(2.999999972 4.339434045e-08 0)
(2.999999875 1.968960705e-07 0)
(2.99999947 8.436352289e-07 0)
(2.999997895 3.456354492e-06 0)
(2.999992752 1.206287891e-05 0)
(2.999976273 4.028242855e-05 0)
(2.999929747 0.0001217078443 0)
(2.999812403 0.0003352361418 0)
(2.99952821 0.0008515805385 0)
(2.998920974 0.001986456815 0)
(2.997722183 0.004373381728 0)
(2.995710401 0.008148390456 0)
(2.991911419 0.01632754624 0)
(2.986792463 0.02778261618 0)
(2.980678475 0.03952868727 0)
(3 3.525874017e-15 0)
(3 3.769067364e-15 0)
(3 4.321833407e-15 0)
(3 4.824771664e-15 0)
(3 3.692568463e-15 0)
(3 3.227841911e-15 0)
(3 2.469348173e-15 0)
(3 3.069134053e-15 0)
(3 2.716651765e-15 0)
(3 2.113465707e-15 0)
(3 6.341247337e-16 0)
(3 -6.403112795e-15 0)
(3 -2.486649464e-15 0)
(3 -8.104656699e-16 0)
(3 -2.293232171e-15 0)
(3 -2.483985302e-14 0)
(3 2.47866021e-13 0)
(3 7.178021259e-14 0)
(3 2.923946941e-12 0)
(3 4.064227621e-11 0)
(3 3.052826413e-10 0)
(2.999999999 2.235481197e-09 0)
(2.999999991 1.325900038e-08 0)
(2.999999955 7.031712913e-08 0)
(2.999999787 3.443553697e-07 0)
(2.999999114 1.441633079e-06 0)
(2.999996572 5.731726237e-06 0)
(2.999987864 2.050066992e-05 0)
(2.999962251 6.484906256e-05 0)
(2.999888315 0.0002007556854 0)
(2.999712424 0.0005150208472 0)
(2.999314544 0.001281987849 0)
(2.998460595 0.002943661759 0)
(3 1.425321245e-15 0)
(3 3.143924761e-15 0)
(3 3.243392229e-15 0)
(3 2.895628199e-15 0)
(3 2.893831176e-15 0)
(3 4.499198943e-15 0)
(3 5.847352673e-15 0)
(3 6.647145401e-15 0)
(3 4.336484533e-15 0)
(3 3.241238488e-15 0)
(3 2.647886259e-15 0)
(3 2.446064937e-15 0)
(3 2.119486944e-15 0)
(3 1.871851526e-15 0)
(3 -5.906672773e-16 0)
(3 1.217269047e-15 0)
(3 -3.470175531e-17 0)
(3 -8.710894712e-15 0)
(3 -1.228817557e-14 0)
(3 -6.896573669e-15 0)
(3 1.589090022e-14 0)
(3 -3.041195842e-13 0)
(3 1.575181375e-12 0)
(3 5.558474361e-12 0)
(3 7.444919297e-11 0)
(3 6.683576154e-10 0)
(2.999999997 4.319752576e-09 0)
(2.999999982 2.740384543e-08 0)
(2.99999991 1.441935988e-07 0)
(2.999999598 6.507126308e-07 0)
(2.999998293 2.865061215e-06 0)
(2.99999384 1.043738799e-05 0)
(2.999979216 3.585070751e-05 0)
(3 1.349821476e-15 0)
(3 8.932407966e-16 0)
(3 6.580943604e-16 0)
(3 4.896090958e-16 0)
(3 2.539528446e-15 0)
(3 4.89055662e-15 0)
(3 5.829871358e-15 0)
(3 6.229513333e-15 0)
(3 5.035697494e-15 0)
(3 3.895490993e-15 0)
(3 3.294785028e-15 0)
(3 2.547618896e-15 0)
(3 2.710715034e-15 0)
(3 3.308723384e-15 0)
(3 4.917955147e-15 0)
(3 5.221373947e-15 0)
(3 3.553610089e-15 0)
(3 9.646306914e-16 0)
(3 -4.759154285e-15 0)
(3 -6.883233138e-15 0)
(3 -1.157883378e-14 0)
(3 -1.146409582e-14 0)
(3 -9.80539977e-15 0)
(3 -1.005760718e-14 0)
(3 -2.418411252e-14 0)
(3 6.255162921e-14 0)
(3 6.641198107e-14 0)
(3 4.268421187e-13 0)
(3 2.221931133e-11 0)
(3 1.966175851e-10 0)
(2.999999999 1.590692456e-09 0)
(2.999999993 1.063880448e-08 0)
(2.999999962 5.874706673e-08 0)
(3 2.358587736e-15 0)
(3 1.977674042e-15 0)
(3 2.437130231e-15 0)
(3 3.627254289e-15 0)
(3 7.491869135e-15 0)
(3 8.577282403e-15 0)
(3 8.657521494e-15 0)
(3 8.706328921e-15 0)
(3 8.423054079e-15 0)
(3 6.593226721e-15 0)
(3 5.142224728e-15 0)
(3 4.892420434e-15 0)
(3 5.107743311e-15 0)
(3 4.943299165e-15 0)
(3 4.718104224e-15 0)
(3 5.947319608e-15 0)
(3 5.120668415e-15 0)
(3 1.419131404e-15 0)
(3 5.016180498e-17 0)
(3 -1.466370726e-15 0)
(3 -2.474859459e-15 0)
(3 -4.183295366e-15 0)
(3 -4.99550975e-15 0)
(3 -6.91169105e-15 0)
(3 -7.722593465e-15 0)
(3 -7.211655496e-15 0)
(3 -1.713331326e-14 0)
(3 -1.843347826e-14 0)
(3 -7.603808526e-15 0)
(3 1.304344851e-14 0)
(3 -2.283774518e-13 0)
(3 1.018879722e-12 0)
(3 5.178954967e-12 0)
(3 2.030296616e-15 0)
(3 2.794324953e-15 0)
(3 4.675258038e-15 0)
(3 7.451492081e-15 0)
(3 1.083176919e-14 0)
(3 1.248874418e-14 0)
(3 1.257860515e-14 0)
(3 1.282578825e-14 0)
(3 1.296947478e-14 0)
(3 1.067190555e-14 0)
(3 8.646812334e-15 0)
(3 7.326946279e-15 0)
(3 7.262761085e-15 0)
(3 7.433718187e-15 0)
(3 4.840403984e-15 0)
(3 1.381135968e-15 0)
(3 1.288492064e-15 0)
(3 -3.101364582e-17 0)
(3 -1.440336318e-17 0)
(3 4.223815447e-16 0)
(3 8.550798741e-16 0)
(3 2.388197245e-16 0)
(3 -4.460426529e-16 0)
(3 -2.352466979e-15 0)
(3 -5.250618016e-15 0)
(3 -6.442713786e-15 0)
(3 -7.350144659e-15 0)
(3 -7.554727995e-15 0)
(3 -5.569631e-15 0)
(3 -7.342584466e-15 0)
(3 -1.062774293e-14 0)
(3 -1.065274215e-14 0)
(3 -1.06386055e-14 0)
(3 1.1336556e-15 0)
(3 2.80279063e-15 0)
(3 3.662447305e-15 0)
(3 5.303037448e-15 0)
(3 7.780913592e-15 0)
(3 1.066394167e-14 0)
(3 1.202264837e-14 0)
(3 1.195966221e-14 0)
(3 1.230471107e-14 0)
(3 1.360277268e-14 0)
(3 1.217018971e-14 0)
(3 1.032603984e-14 0)
(3 8.744190179e-15 0)
(3 8.697301211e-15 0)
(3 7.817829811e-15 0)
(3 5.08838908e-15 0)
(3 2.883457309e-15 0)
(3 2.672332265e-15 0)
(3 2.48567517e-15 0)
(3 1.360129121e-15 0)
(3 -3.488719605e-16 0)
(3 -9.927930261e-16 0)
(3 -1.202385473e-15 0)
(3 -2.725393498e-15 0)
(3 -3.388896756e-15 0)
(3 -4.413205414e-15 0)
(3 -4.723966412e-15 0)
(3 -4.877499754e-15 0)
(3 -5.49790503e-15 0)
(3 -5.971210963e-15 0)
(3 -5.835902311e-15 0)
(3 -7.542816197e-15 0)
(3 -8.890437386e-15 0)
(3 2.969308761e-15 0)
(3 3.733622647e-15 0)
(3 4.894538017e-15 0)
(3 6.676794957e-15 0)
(3 7.536487771e-15 0)
(3 9.376284126e-15 0)
(3 1.071382392e-14 0)
(3 1.097230955e-14 0)
(3 1.02870446e-14 0)
(3 9.046862997e-15 0)
(3 8.805206644e-15 0)
(3 7.645734095e-15 0)
(3 7.061805037e-15 0)
(3 6.633616761e-15 0)
(3 6.516243478e-15 0)
(3 5.222895376e-15 0)
(3 4.886498953e-15 0)
(3 4.26701116e-15 0)
(3 3.629799101e-15 0)
(3 2.854360184e-15 0)
(3 1.257929211e-15 0)
(3 8.803929621e-16 0)
(3 -1.074688668e-15 0)
(3 -1.587294701e-15 0)
(3 -8.72658475e-16 0)
(3 -5.929044951e-16 0)
(3 -1.81953066e-15 0)
(3 -3.028072884e-15 0)
(3 -4.17073157e-15 0)
(3 -4.61753596e-15 0)
(3 -4.887291366e-15 0)
(3 -4.131428725e-15 0)
(3 -3.869429805e-15 0)
(3 4.447322333e-15 0)
(3 5.234318326e-15 0)
(3 5.884124264e-15 0)
(3 6.195519499e-15 0)
(3 6.719713087e-15 0)
(3 7.104772044e-15 0)
(3 8.267636893e-15 0)
(3 9.898765393e-15 0)
(3 1.006256043e-14 0)
(3 9.631867378e-15 0)
(3 8.949710641e-15 0)
(3 8.730532459e-15 0)
(3 8.337622426e-15 0)
(3 7.494422464e-15 0)
(3 5.637963235e-15 0)
(3 5.032576195e-15 0)
(3 5.018245475e-15 0)
(3 6.470448007e-15 0)
(3 7.977382529e-15 0)
(3 8.490750561e-15 0)
(3 8.571846458e-15 0)
(3 7.672058867e-15 0)
(3 5.06235355e-15 0)
(3 2.997501327e-15 0)
(3 5.3923087e-16 0)
(3 4.207785164e-16 0)
(3 8.050039905e-16 0)
(3 1.953980276e-15 0)
(3 2.701607484e-15 0)
(3 2.080032238e-15 0)
(3 5.127206185e-16 0)
(3 8.938763099e-16 0)
(3 1.292148666e-15 0)
(3 1.113646742e-15 0)
(3 2.121534958e-15 0)
(3 2.708345366e-15 0)
(3 2.431033299e-15 0)
(3 3.023978325e-15 0)
(3 2.783813783e-15 0)
(3 1.918210506e-15 0)
(3 1.188981571e-15 0)
(3 3.544476028e-15 0)
(3 4.582934583e-15 0)
(3 5.223421184e-15 0)
(3 5.499105803e-15 0)
(3 5.427417902e-15 0)
(3 6.057383635e-15 0)
(3 6.319233139e-15 0)
(3 6.47057604e-15 0)
(3 6.665601578e-15 0)
(3 7.276819693e-15 0)
(3 7.399470092e-15 0)
(3 7.7250222e-15 0)
(3 9.530660321e-15 0)
(3 9.683866396e-15 0)
(3 9.66392526e-15 0)
(3 8.27314586e-15 0)
(3 3.95749412e-15 0)
(3 2.081400924e-15 0)
(3 3.343338585e-15 0)
(3 4.025139633e-15 0)
(3 3.918739646e-15 0)
(3 3.625269532e-15 0)
(3 3.234299346e-15 0)
(3 3.016974901e-15 0)
(3 1.60271313e-15 0)
(3 2.165608557e-16 0)
(3 1.481083096e-16 0)
(3 -4.017109748e-16 0)
(3 -3.894933178e-16 0)
(3 3.840351626e-16 0)
(3 9.295118215e-16 0)
(3 1.372858213e-16 0)
(3 -1.457822147e-15 0)
(3 -1.556254995e-15 0)
(3 -1.294035882e-16 0)
(3 1.983778027e-15 0)
(3 1.913731921e-15 0)
(3 2.109674785e-15 0)
(3 3.207392568e-15 0)
(3 4.614939948e-15 0)
(3 5.982596357e-15 0)
(3 5.425301425e-15 0)
(3 4.969636786e-15 0)
(3 5.110801573e-15 0)
(3 5.44780573e-15 0)
(3 6.58713678e-15 0)
(3 7.070525167e-15 0)
(3 6.862562665e-15 0)
(3 6.376256061e-15 0)
(3 5.569489086e-15 0)
(3 4.787817836e-15 0)
(3 5.745012275e-15 0)
(3 5.976472219e-15 0)
(3 5.807071014e-15 0)
(3 5.673039491e-15 0)
(3 5.006353387e-15 0)
(3 4.959342482e-15 0)
(3 6.224013087e-15 0)
(3 -6.912130675e-16 0)
(3 1.197001567e-16 0)
(3 4.671621121e-16 0)
(3 8.266422066e-16 0)
(3 -5.968013497e-16 0)
(3 -2.509088448e-15 0)
(3 -3.736798946e-15 0)
(3 -3.989115749e-15 0)
(3 -3.550123894e-15 0)
(3 -3.631945556e-15 0)
(3 -3.183020676e-15 0)
(3 -1.455861572e-15 0)
(3 -7.05920245e-16 0)
(3 -1.945852387e-15 0)
(3 1.085358588e-16 0)
(3 1.675177763e-15 0)
(3 1.379719129e-15 0)
(3 1.627412356e-15 0)
(3 2.256479883e-15 0)
(3 2.162455552e-15 0)
(3 1.630845661e-15 0)
(3 1.536822889e-15 0)
(3 2.887023319e-15 0)
(3 3.243185322e-15 0)
(3 4.73056272e-15 0)
(3 7.185634955e-15 0)
(3 7.706817786e-15 0)
(3 6.551529758e-15 0)
(3 6.110579313e-15 0)
(3 5.734202751e-15 0)
(3 5.779993505e-15 0)
(3 6.249365983e-15 0)
(3 7.956935214e-15 0)
(3 -4.9542369e-16 0)
(3 -4.726714968e-16 0)
(3 -1.392037591e-15 0)
(3 -2.518064423e-15 0)
(3 -3.636658008e-15 0)
(3 -4.53482108e-15 0)
(3 -4.810280063e-15 0)
(3 -5.740458044e-15 0)
(3 -7.683188067e-15 0)
(3 -9.073241427e-15 0)
(3 -8.483803317e-15 0)
(3 -6.533979679e-15 0)
(3 -5.744344699e-15 0)
(3 -6.20461562e-15 0)
(3 -4.698687676e-15 0)
(3 -2.793077421e-15 0)
(3 -2.380449846e-15 0)
(3 -2.135772544e-15 0)
(3 -2.204569504e-15 0)
(3 -2.431471608e-15 0)
(3 -1.132207896e-15 0)
(3 2.881820507e-16 0)
(3 2.10581606e-15 0)
(3 4.609273934e-15 0)
(3 6.021829186e-15 0)
(3 6.924828769e-15 0)
(3 6.214351281e-15 0)
(3 4.764179203e-15 0)
(3 4.023229123e-15 0)
(3 3.938851785e-15 0)
(3 5.228303525e-15 0)
(3 6.150451582e-15 0)
(3 6.902951225e-15 0)
(3 -1.512849579e-15 0)
(3 -2.880368226e-15 0)
(3 -3.357523104e-15 0)
(3 -4.043757079e-15 0)
(3 -4.70085641e-15 0)
(3 -5.642284211e-15 0)
(3 -6.062293647e-15 0)
(3 -6.593618604e-15 0)
(3 -8.735626297e-15 0)
(3 -9.525513497e-15 0)
(3 -9.916346466e-15 0)
(3 -1.016883721e-14 0)
(3 -1.054813837e-14 0)
(3 -9.809830957e-15 0)
(3 -8.326095052e-15 0)
(3 -5.741040901e-15 0)
(3 -3.332537805e-15 0)
(3 -3.075413254e-15 0)
(3 -2.819324315e-15 0)
(3 -1.888847622e-15 0)
(3 -1.014717256e-15 0)
(3 -7.804200067e-16 0)
(3 1.703843272e-15 0)
(3 4.686984224e-15 0)
(3 5.345757648e-15 0)
(3 5.114940126e-15 0)
(3 2.446531717e-15 0)
(3 2.127510806e-15 0)
(3 2.102098529e-15 0)
(3 2.406320109e-15 0)
(3 3.689011757e-15 0)
(3 5.386582143e-15 0)
(3 5.987095591e-15 0)
(3 -3.696750344e-15 0)
(3 -3.891350176e-15 0)
(3 -4.397460646e-15 0)
(3 -5.051920579e-15 0)
(3 -5.224894419e-15 0)
(3 -5.03857268e-15 0)
(3 -5.156174644e-15 0)
(3 -5.511647506e-15 0)
(3 -5.991834617e-15 0)
(3 -5.996994377e-15 0)
(3 -4.406965322e-15 0)
(3 -5.347424097e-15 0)
(3 -6.253218582e-15 0)
(3 -5.786719956e-15 0)
(3 -5.12865548e-15 0)
(3 -3.730851489e-15 0)
(3 -3.879222752e-15 0)
(3 -4.470181564e-15 0)
(3 -4.479807332e-15 0)
(3 -3.897142757e-15 0)
(3 -3.299730373e-15 0)
(3 -2.978375314e-15 0)
(3 -1.656846173e-15 0)
(3 4.104944641e-16 0)
(3 2.093245606e-15 0)
(3 1.583821837e-15 0)
(3 5.829360619e-16 0)
(3 9.502132292e-16 0)
(3 1.605102626e-15 0)
(3 2.556011895e-15 0)
(3 3.883852035e-15 0)
(3 5.19314648e-15 0)
(3 6.505846483e-15 0)
(3 -4.210058597e-15 0)
(3 -4.192859023e-15 0)
(3 -4.400645856e-15 0)
(3 -3.145517272e-15 0)
(3 -2.975377951e-15 0)
(3 -2.807664254e-15 0)
(3 -3.606543827e-15 0)
(3 -2.905288969e-15 0)
(3 -5.048077727e-16 0)
(3 -1.212220936e-15 0)
(3 -2.711317997e-15 0)
(3 -2.785122177e-15 0)
(3 -2.133484975e-15 0)
(3 -2.608164281e-15 0)
(3 -3.256769225e-15 0)
(3 -4.033463218e-15 0)
(3 -4.707036555e-15 0)
(3 -6.028802624e-15 0)
(3 -6.272466117e-15 0)
(3 -6.132262823e-15 0)
(3 -5.520470354e-15 0)
(3 -5.652285787e-15 0)
(3 -5.061615912e-15 0)
(3 -3.673666051e-15 0)
(3 -3.044852276e-15 0)
(3 -6.208663037e-16 0)
(3 5.476796649e-16 0)
(3 1.695659195e-15 0)
(3 3.540179408e-15 0)
(3 4.695178758e-15 0)
(3 6.474685141e-15 0)
(3 6.406536941e-15 0)
(3 6.308944751e-15 0)
(3 -2.665017101e-15 0)
(3 -1.803204969e-15 0)
(3 -1.074330109e-15 0)
(3 -2.646976449e-16 0)
(3 1.067688966e-15 0)
(3 1.593601953e-15 0)
(3 9.967067665e-16 0)
(3 4.678321425e-16 0)
(3 1.186493385e-15 0)
(3 7.854589417e-16 0)
(3 -8.006160149e-17 0)
(3 -3.127455998e-16 0)
(3 -6.216774536e-16 0)
(3 -7.191376249e-16 0)
(3 -2.957501055e-15 0)
(3 -4.755216692e-15 0)
(3 -5.6456224e-15 0)
(3 -5.330982473e-15 0)
(3 -4.486993191e-15 0)
(3 -4.341913755e-15 0)
(3 -4.689651739e-15 0)
(3 -4.913131303e-15 0)
(3 -5.734575914e-15 0)
(3 -7.185822228e-15 0)
(3 -7.64797544e-15 0)
(3 -4.810221646e-15 0)
(3 -7.654788594e-16 0)
(3 4.524832356e-16 0)
(3 2.358675877e-15 0)
(3 4.744923385e-15 0)
(3 6.51852728e-15 0)
(3 6.694071138e-15 0)
(3 5.566082519e-15 0)
(3 -2.834903781e-15 0)
(3 -1.924605934e-16 0)
(3 1.979797281e-15 0)
(3 2.416772999e-15 0)
(3 2.01039934e-15 0)
(3 2.118444623e-15 0)
(3 3.095869853e-15 0)
(3 3.439158203e-15 0)
(3 3.242070759e-15 0)
(3 2.120502624e-15 0)
(3 1.55539903e-15 0)
(3 9.818260328e-16 0)
(3 2.43755769e-18 0)
(3 -2.126078925e-15 0)
(3 -3.529463212e-15 0)
(3 -4.197567386e-15 0)
(3 -4.629452642e-15 0)
(3 -4.845564826e-15 0)
(3 -5.647346662e-15 0)
(3 -5.933935819e-15 0)
(3 -6.303798838e-15 0)
(3 -6.473485434e-15 0)
(3 -6.920780239e-15 0)
(3 -7.603839648e-15 0)
(3 -5.867981544e-15 0)
(3 -3.428108573e-15 0)
(3 -9.690859049e-16 0)
(3 -2.121737828e-16 0)
(3 1.845789256e-15 0)
(3 2.880124424e-15 0)
(3 2.882582564e-15 0)
(3 3.872068465e-15 0)
(3 4.213074353e-15 0)
(3 2.335490825e-15 0)
(3 2.979161352e-15 0)
(3 3.874784407e-15 0)
(3 4.463726839e-15 0)
(3 4.402158625e-15 0)
(3 4.042288142e-15 0)
(3 4.602449247e-15 0)
(3 5.806714527e-15 0)
(3 4.187539717e-15 0)
(3 1.542313567e-15 0)
(3 -2.298078786e-16 0)
(3 -3.251409243e-16 0)
(3 -2.573500581e-16 0)
(3 -2.536198366e-15 0)
(3 -3.373007992e-15 0)
(3 -3.590551495e-15 0)
(3 -4.23815059e-15 0)
(3 -4.871329693e-15 0)
(3 -5.397855665e-15 0)
(3 -6.177321099e-15 0)
(3 -6.962658569e-15 0)
(3 -7.790359909e-15 0)
(3 -7.934312292e-15 0)
(3 -7.594495396e-15 0)
(3 -6.50636861e-15 0)
(3 -5.856004473e-15 0)
(3 -4.801309093e-15 0)
(3 -3.288348136e-15 0)
(3 -2.163709466e-15 0)
(3 -1.734145013e-15 0)
(3 -1.529657289e-15 0)
(3 -7.304049534e-16 0)
(3 -5.243034746e-16 0)
(3 9.886764882e-15 0)
(3 7.959680693e-15 0)
(3 6.079762262e-15 0)
(3 5.581801439e-15 0)
(3 3.776369948e-15 0)
(3 3.154523394e-15 0)
(3 4.523541879e-15 0)
(3 3.888698429e-15 0)
(3 2.821043467e-15 0)
(3 9.761483325e-16 0)
(3 -3.437825234e-16 0)
(3 -1.997201239e-15 0)
(3 -2.688837954e-15 0)
(3 -2.843453666e-16 0)
(3 3.069845212e-16 0)
(3 -1.621535995e-16 0)
(3 -5.092293453e-16 0)
(3 -9.324276883e-16 0)
(3 -2.234180961e-15 0)
(3 -4.722212401e-15 0)
(3 -5.651142152e-15 0)
(3 -6.023082782e-15 0)
(3 -6.652379506e-15 0)
(3 -6.731546976e-15 0)
(3 -6.934519036e-15 0)
(3 -7.234751161e-15 0)
(3 -7.119275557e-15 0)
(3 -5.792221078e-15 0)
(3 -5.159980397e-15 0)
(3 -4.663660415e-15 0)
(3 -3.984303495e-15 0)
(3 -2.36429291e-15 0)
(3 -1.538941054e-15 0)
(3 1.285261036e-14 0)
(3 1.190891495e-14 0)
(3 7.768996842e-15 0)
(3 3.436649737e-15 0)
(3 9.108967929e-17 0)
(3 3.482390628e-16 0)
(3 1.865184508e-16 0)
(3 2.368840456e-16 0)
(3 5.226520985e-16 0)
(3 -2.532625346e-16 0)
(3 -1.657735655e-15 0)
(3 -3.266623231e-15 0)
(3 -3.041185082e-15 0)
(3 -1.837427412e-15 0)
(3 -1.011705904e-15 0)
(3 -8.906353741e-16 0)
(3 -9.332188893e-16 0)
(3 -9.665347991e-16 0)
(3 -1.498399522e-15 0)
(3 -1.654054329e-15 0)
(3 -1.58988856e-15 0)
(3 -4.009193306e-15 0)
(3 -4.309777908e-15 0)
(3 -4.43741623e-15 0)
(3 -5.639543579e-15 0)
(3 -6.294120612e-15 0)
(3 -6.356860365e-15 0)
(3 -5.32955409e-15 0)
(3 -5.02027021e-15 0)
(3 -4.383617623e-15 0)
(3 -4.054200699e-15 0)
(3 -4.102378214e-15 0)
(3 -3.368960275e-15 0)
(3 1.620722739e-14 0)
(3 1.59107286e-14 0)
(3 1.318001655e-14 0)
(3 8.763384261e-15 0)
(3 7.141528926e-15 0)
(3 3.579420554e-15 0)
(3 8.354482509e-16 0)
(3 -1.197621976e-15 0)
(3 -4.561308776e-15 0)
(3 -3.931288592e-15 0)
(3 -3.174797623e-15 0)
(3 -3.12357089e-15 0)
(3 -3.026759454e-15 0)
(3 -2.643111661e-15 0)
(3 -2.060415852e-15 0)
(3 -2.161566305e-15 0)
(3 -1.832373307e-15 0)
(3 -1.324221989e-15 0)
(3 -3.082371805e-16 0)
(3 2.318820373e-16 0)
(3 4.38006205e-17 0)
(3 -2.223638344e-15 0)
(3 -2.456863318e-15 0)
(3 -2.307868981e-15 0)
(3 -2.886942278e-15 0)
(3 -3.798414199e-15 0)
(3 -4.015193498e-15 0)
(3 -4.206089517e-15 0)
(3 -4.685861648e-15 0)
(3 -5.108744296e-15 0)
(3 -4.96263934e-15 0)
(3 -4.058774485e-15 0)
(3 -3.55618942e-15 0)
(3 1.29569555e-14 0)
(3 1.245513896e-14 0)
(3 1.224491386e-14 0)
(3 1.230613052e-14 0)
(3 1.167214416e-14 0)
(3 9.101751905e-15 0)
(3 4.656549575e-15 0)
(3 2.848140525e-15 0)
(3 3.428447787e-16 0)
(3 -4.009813535e-16 0)
(3 -9.40038642e-16 0)
(3 -6.145679411e-16 0)
(3 1.008305041e-16 0)
(3 -6.347225059e-16 0)
(3 -1.900958323e-15 0)
(3 -2.035067323e-15 0)
(3 -9.520416271e-16 0)
(3 -7.128937374e-16 0)
(3 -9.790443734e-16 0)
(3 -5.002019582e-16 0)
(3 -5.266480702e-16 0)
(3 -2.84919248e-16 0)
(3 3.659428546e-16 0)
(3 -6.70031559e-16 0)
(3 -1.988228463e-15 0)
(3 -2.659080508e-15 0)
(3 -3.824616776e-15 0)
(3 -4.9098425e-15 0)
(3 -4.411317848e-15 0)
(3 -4.032410166e-15 0)
(3 -4.062802146e-15 0)
(3 -3.513913211e-15 0)
(3 -3.028502019e-15 0)
(3 7.485222282e-15 0)
(3 8.210822917e-15 0)
(3 8.527722952e-15 0)
(3 8.041762228e-15 0)
(3 7.328675802e-15 0)
(3 6.900363654e-15 0)
(3 6.978179591e-15 0)
(3 6.945149297e-15 0)
(3 5.81934856e-15 0)
(3 3.171440356e-15 0)
(3 2.510556345e-15 0)
(3 2.350415959e-15 0)
(3 2.491724104e-15 0)
(3 2.266020461e-15 0)
(3 1.150795103e-15 0)
(3 1.021768778e-15 0)
(3 1.200379628e-15 0)
(3 7.074375861e-16 0)
(3 8.811113519e-16 0)
(3 6.219237331e-16 0)
(3 5.411381339e-16 0)
(3 8.531506045e-16 0)
(3 1.041608806e-15 0)
(3 8.20683e-16 0)
(3 -5.117194379e-16 0)
(3 -2.703588788e-15 0)
(3 -3.264351167e-15 0)
(3 -2.569089896e-15 0)
(3 -2.231723262e-15 0)
(3 -2.718705272e-15 0)
(3 -3.93252996e-15 0)
(3 -4.598317934e-15 0)
(3 -4.812376415e-15 0)
(3 6.910809113e-16 0)
(3 1.143479726e-15 0)
(3 1.673855942e-15 0)
(3 1.587527243e-15 0)
(3 1.571052059e-15 0)
(3 2.393209834e-15 0)
(3 3.745212585e-15 0)
(3 5.040782076e-15 0)
(3 4.508128174e-15 0)
(3 4.177127603e-15 0)
(3 5.318361459e-15 0)
(3 2.960257007e-15 0)
(3 1.430121598e-15 0)
(3 2.21550057e-15 0)
(3 2.832045168e-15 0)
(3 3.423036161e-15 0)
(3 3.317946914e-15 0)
(3 3.422680404e-15 0)
(3 3.838934503e-15 0)
(3 4.291605049e-15 0)
(3 3.854454036e-15 0)
(3 3.481605946e-15 0)
(3 4.125914574e-15 0)
(3 3.953626746e-15 0)
(3 9.117178621e-16 0)
(3 9.069703117e-17 0)
(3 -6.568064959e-16 0)
(3 -4.439239296e-16 0)
(3 -9.605991082e-16 0)
(3 -2.955805353e-15 0)
(3 -4.247050193e-15 0)
(3 -5.320720675e-15 0)
(3 -5.166369219e-15 0)
(3 -5.998815793e-15 0)
(3 -5.371443476e-15 0)
(3 -3.317015175e-15 0)
(3 -1.500463703e-15 0)
(3 -1.352341304e-15 0)
(3 -5.456261531e-16 0)
(3 1.184442985e-16 0)
(3 1.482864184e-15 0)
(3 2.109065164e-15 0)
(3 2.693497197e-15 0)
(3 2.477447242e-15 0)
(3 1.962824186e-15 0)
(3 1.340247435e-15 0)
(3 2.080110451e-15 0)
(3 3.49685802e-15 0)
(3 4.466885872e-15 0)
(3 4.815777591e-15 0)
(3 6.085745516e-15 0)
(3 6.503258027e-15 0)
(3 6.286867312e-15 0)
(3 5.910354312e-15 0)
(3 6.52970792e-15 0)
(3 7.369654002e-15 0)
(3 5.652496325e-15 0)
(3 3.756268831e-15 0)
(3 2.476260334e-15 0)
(3 1.277782264e-15 0)
(3 -8.704573077e-16 0)
(3 -2.522033987e-15 0)
(3 -4.215171139e-15 0)
(3 -5.316574831e-15 0)
(3 -6.295421072e-15 0)
(3 -7.659087532e-15 0)
(3 -6.498516718e-15 0)
(3 -7.956542143e-15 0)
(3 -9.94781053e-15 0)
(3 -1.013676792e-14 0)
(3 -8.167898961e-15 0)
(3 -6.756881422e-15 0)
(3 -6.632853915e-15 0)
(3 -5.359723388e-15 0)
(3 -2.396997508e-15 0)
(3 -4.502538464e-16 0)
(3 -4.050054586e-15 0)
(3 -5.000488364e-15 0)
(3 -4.257629891e-15 0)
(3 -3.818317371e-15 0)
(3 -2.569030439e-15 0)
(3 -1.361394429e-16 0)
(3 2.074453712e-15 0)
(3 2.668821947e-15 0)
(3 2.939186585e-15 0)
(3 3.453806623e-15 0)
(3 1.462197472e-15 0)
(3 3.922881765e-16 0)
(3 -4.114290545e-18 0)
(3 1.43613722e-15 0)
(3 2.350176308e-15 0)
(3 4.282638012e-15 0)
(3 5.346126951e-15 0)
(3 6.10462071e-15 0)
(3 5.717453777e-15 0)
(3 6.483155618e-15 0)
(3 7.061220802e-15 0)
(3 5.607130245e-15 0)
(3 4.202960447e-15 0)
(3 4.19499513e-15 0)
(3 4.177605542e-15 0)
(3 4.75690047e-15 0)
(3 4.653136878e-15 0)
(3 4.61606154e-15 0)
(3 3.660097968e-15 0)
(3 1.361144847e-15 0)
(3 -3.356627346e-15 0)
(3 -5.48222701e-15 0)
(3 -6.115463448e-15 0)
(3 -4.995628862e-15 0)
(3 -3.522883632e-15 0)
(3 -1.407666255e-15 0)
(3 9.220245198e-17 0)
(3 1.027911549e-15 0)
(3 2.910785005e-15 0)
(3 2.230950177e-15 0)
(3 2.378821645e-15 0)
(3 2.108816807e-15 0)
(3 1.636896798e-15 0)
(3 1.004439743e-15 0)
(3 2.901422848e-16 0)
(3 -3.788563083e-19 0)
(3 5.032275611e-16 0)
(3 1.185333797e-15 0)
(3 2.797927803e-15 0)
(3 4.064384431e-15 0)
(3 4.302059095e-15 0)
(3 4.632992906e-15 0)
(3 5.777241587e-15 0)
(3 7.020902724e-15 0)
(3 8.345239653e-15 0)
(3 7.751562881e-15 0)
(3 7.321391616e-15 0)
(3 6.519918555e-15 0)
(3 4.661124493e-15 0)
(3 4.739143579e-15 0)
(3 3.949508006e-15 0)
(3 2.793259892e-15 0)
(3 -5.473886715e-16 0)
(3 -4.249814162e-15 0)
(3 -4.345607211e-15 0)
(3 -5.606536459e-15 0)
(3 -3.443194472e-15 0)
(3 -8.274099711e-16 0)
(3 1.844561017e-16 0)
(3 1.789842442e-15 0)
(3 2.704805798e-15 0)
(3 3.040562265e-15 0)
(3 2.763351611e-15 0)
(3 1.861444508e-15 0)
(3 1.275824789e-15 0)
(3 -5.203220016e-17 0)
(3 -2.830813536e-16 0)
(3 1.180814569e-15 0)
(3 2.291551907e-15 0)
(3 2.847785095e-15 0)
(3 3.461816876e-15 0)
(3 4.171703367e-15 0)
(3 5.171978015e-15 0)
(3 5.675465112e-15 0)
(3 5.441193971e-15 0)
(3 5.009798165e-15 0)
(3 4.978051492e-15 0)
(3 5.899622035e-15 0)
(3 8.163569112e-15 0)
(3 9.559581936e-15 0)
(3 8.887590085e-15 0)
(3 5.653530394e-15 0)
(3 2.654813664e-15 0)
(3 7.457080835e-16 0)
(3 -7.316242952e-16 0)
(3 -1.520629585e-15 0)
(3 -2.017685165e-15 0)
(3 -2.590937922e-15 0)
(3 -4.18118099e-15 0)
(3 -4.92103211e-16 0)
(3 -3.622530787e-16 0)
(3 -5.403649722e-16 0)
(3 -4.940526173e-16 0)
(3 -2.23430011e-16 0)
(3 -1.935536386e-16 0)
(3 4.335194729e-16 0)
(3 9.885082365e-17 0)
(3 -4.348276478e-16 0)
(3 -1.063271861e-15 0)
(3 -1.099435366e-15 0)
(3 1.052539073e-15 0)
(3 3.369978996e-15 0)
(3 6.669654527e-15 0)
(3 8.549039532e-15 0)
(3 7.799268329e-15 0)
(3 5.983573295e-15 0)
(3 5.341202927e-15 0)
(3 5.185550179e-15 0)
(3 4.557252799e-15 0)
(3 4.643711659e-15 0)
(3 5.109048567e-15 0)
(3 6.223389822e-15 0)
(3 5.989976365e-15 0)
(3 4.282572984e-15 0)
(3 4.213438465e-15 0)
(3 2.048905635e-15 0)
(3 3.817860118e-16 0)
(3 1.076680351e-15 0)
(3 1.644957954e-15 0)
(3 8.796940327e-16 0)
(3 3.20917166e-16 0)
(3 -2.85401549e-15 0)
(3 2.161970302e-16 0)
(3 -5.428593051e-16 0)
(3 -9.868776179e-16 0)
(3 -1.647977569e-15 0)
(3 -2.742643333e-15 0)
(3 -2.822338404e-15 0)
(3 -2.23395574e-15 0)
(3 -7.01028008e-16 0)
(3 1.002394987e-16 0)
(3 3.400180095e-16 0)
(3 1.278581041e-15 0)
(3 1.36902559e-15 0)
(3 2.038946157e-15 0)
(3 3.24763535e-15 0)
(3 3.395604081e-15 0)
(3 3.719779434e-15 0)
(3 3.745861457e-15 0)
(3 4.286582288e-15 0)
(3 4.915559175e-15 0)
(3 4.666328783e-15 0)
(3 4.70693665e-15 0)
(3 4.816373334e-15 0)
(3 2.356933148e-15 0)
(3 -6.21629657e-17 0)
(3 2.661916865e-16 0)
(3 1.905978376e-15 0)
(3 3.382330476e-15 0)
(3 6.13310847e-15 0)
(3 6.408490781e-15 0)
(3 5.725614754e-15 0)
(3 4.119683307e-15 0)
(3 -2.479495013e-16 0)
(3 -4.876457757e-15 0)
(3 -1.594637976e-15 0)
(3 -1.71145103e-15 0)
(3 -1.557539461e-15 0)
(3 -1.474655672e-15 0)
(3 -7.707996111e-16 0)
(3 2.238775849e-16 0)
(3 2.891473242e-16 0)
(3 9.251396289e-16 0)
(3 2.132265333e-15 0)
(3 1.899062967e-15 0)
(3 3.523791013e-16 0)
(3 1.521826257e-16 0)
(3 7.544752161e-16 0)
(3 7.998003401e-17 0)
(3 -1.193618853e-15 0)
(3 -5.451360138e-16 0)
(3 1.997419028e-15 0)
(3 3.058261962e-15 0)
(3 2.381156122e-15 0)
(3 2.836091985e-15 0)
(3 1.392305412e-15 0)
(3 1.210685342e-15 0)
(3 2.102829301e-15 0)
(3 2.29585249e-15 0)
(3 4.309297005e-15 0)
(3 6.290916375e-15 0)
(3 8.186109923e-15 0)
(3 8.902372823e-15 0)
(3 8.261750542e-15 0)
(3 6.83077158e-15 0)
(3 4.821028517e-15 0)
(3 2.363691227e-15 0)
(3 -9.657385588e-16 0)
(3 -2.390031188e-15 0)
(3 -3.08319627e-15 0)
(3 -2.431563615e-15 0)
(3 -1.476181338e-15 0)
(3 2.087598166e-15 0)
(3 5.203160468e-15 0)
(3 4.365251554e-15 0)
(3 3.578363187e-15 0)
(3 2.807463983e-15 0)
(3 5.454121995e-16 0)
(3 -8.308408366e-16 0)
(3 -2.980378939e-15 0)
(3 -4.12333696e-15 0)
(3 -4.685610303e-15 0)
(3 -3.763021878e-15 0)
(3 -2.257155287e-15 0)
(3 -5.04687306e-16 0)
(3 -1.444690083e-15 0)
(3 -1.142652109e-15 0)
(3 5.134928717e-17 0)
(3 -8.06171996e-16 0)
(3 -2.783222265e-16 0)
(3 2.698590157e-17 0)
(3 3.463980266e-15 0)
(3 5.66629459e-15 0)
(3 7.851856341e-15 0)
(3 7.174695991e-15 0)
(3 5.367654907e-15 0)
(3 4.124518789e-15 0)
(3 3.986810191e-15 0)
(3 3.678959576e-15 0)
(3 4.958887275e-15 0)
(3 3.645208787e-15 0)
(3 -1.881616336e-15 0)
(3 -1.493265843e-15 0)
(3 -9.872553562e-16 0)
(3 7.015533088e-16 0)
(3 2.804831863e-15 0)
(3 5.102746543e-15 0)
(3 3.403737528e-15 0)
(3 2.544720409e-15 0)
(3 1.071979145e-15 0)
(3 7.164170254e-16 0)
(3 -3.217822422e-16 0)
(3 -2.736716894e-15 0)
(3 -5.804094107e-15 0)
(3 -7.88950963e-15 0)
(3 -6.762733178e-15 0)
(3 -4.800236259e-15 0)
(3 -4.185757456e-15 0)
(3 -4.006858806e-15 0)
(3 -3.194858672e-15 0)
(3 -2.969300705e-15 0)
(3 -6.539373102e-16 0)
(3 -3.198491862e-16 0)
(3 -5.977847962e-16 0)
(3 -1.316312102e-17 0)
(3 2.642269482e-15 0)
(3 3.667502727e-15 0)
(3 3.340991191e-15 0)
(3 3.24627895e-15 0)
(3 2.589680835e-15 0)
(3 1.674442817e-15 0)
(3 5.763271839e-15 0)
(3 6.220598383e-15 0)
(3 5.847915776e-15 0)
(3 5.767685587e-16 0)
(3 -5.497228075e-16 0)
(3 -1.17596672e-15 0)
(3 -1.891361638e-16 0)
(3 8.206150082e-16 0)
(3 2.103099672e-15 0)
(3 5.178945948e-15 0)
(3 4.794830006e-15 0)
(3 4.401588534e-15 0)
(3 3.671163938e-15 0)
(3 2.175725644e-15 0)
(3 -4.948653621e-16 0)
(3 -2.699836825e-15 0)
(3 -2.944509822e-15 0)
(3 -2.875104871e-15 0)
(3 -2.272465416e-15 0)
(3 -3.370489229e-15 0)
(3 -2.92773307e-15 0)
(3 -3.541762712e-15 0)
(3 -5.300939624e-15 0)
(3 -4.8777105e-15 0)
(3 -4.282370267e-15 0)
(3 -1.983901714e-15 0)
(3 -6.77144879e-16 0)
(3 1.458161312e-15 0)
(3 6.751640896e-16 0)
(3 8.541093209e-16 0)
(3 2.750723946e-15 0)
(3 4.685078275e-15 0)
(3 5.041421325e-15 0)
(3 4.74995518e-15 0)
(3 4.721278988e-15 0)
(3 4.183530506e-15 0)
(3 -8.479337765e-16 0)
(3 -1.607519986e-15 0)
(3 -3.523918546e-16 0)
(3 1.299346592e-15 0)
(3 2.43332212e-15 0)
(3 2.924490136e-15 0)
(3 5.414046678e-15 0)
(3 6.78502386e-15 0)
(3 7.004154021e-15 0)
(3 6.625135619e-15 0)
(3 6.397507046e-15 0)
(3 2.375904308e-15 0)
(3 2.031126019e-16 0)
(3 -2.56364589e-16 0)
(3 -2.650364178e-15 0)
(3 -4.768966335e-15 0)
(3 -5.863514591e-15 0)
(3 -6.679902852e-15 0)
(3 -6.891138586e-15 0)
(3 -6.667028568e-15 0)
(3 -6.410345169e-15 0)
(3 -5.53023185e-15 0)
(3 -6.370102061e-15 0)
(3 -5.565953018e-15 0)
(3 -5.813810767e-15 0)
(3 -3.511898626e-15 0)
(3 -1.334744916e-15 0)
(3 1.25270407e-15 0)
(3 5.141434366e-15 0)
(3 5.852341836e-15 0)
(3 4.354510768e-15 0)
(3 2.457979455e-15 0)
(3 1.545762135e-15 0)
(3 7.506140133e-16 0)
(3 2.176759783e-15 0)
(3 3.85058482e-15 0)
(3 5.316495625e-15 0)
(3 6.145108392e-15 0)
(3 6.359240697e-15 0)
(3 6.219457092e-15 0)
(3 7.327487804e-15 0)
(3 7.51118101e-15 0)
(3 7.282927519e-15 0)
(3 6.991718371e-15 0)
(3 4.830169849e-15 0)
(3 2.846752803e-15 0)
(3 1.757955744e-15 0)
(3 -2.404689099e-15 0)
(3 -7.665034638e-15 0)
(3 -1.084832365e-14 0)
(3 -1.005104168e-14 0)
(3 -7.072380727e-15 0)
(3 -2.802186259e-15 0)
(3 -1.741855378e-15 0)
(3 -2.209060415e-15 0)
(3 -3.170527705e-15 0)
(3 -4.554272393e-15 0)
(3 -5.563498055e-15 0)
(3 -5.094530673e-15 0)
(3 -1.312265148e-15 0)
(3 -2.47762053e-16 0)
(3 1.287062983e-16 0)
(3 1.781001993e-15 0)
(3 1.805697151e-15 0)
(3 1.887748379e-15 0)
(3 2.202860395e-15 0)
(3 3.224269264e-15 0)
(3 3.809854586e-15 0)
(3 6.333509782e-15 0)
(3 8.224229172e-15 0)
(3 8.448162645e-15 0)
(3 8.569021097e-15 0)
(3 8.272611281e-15 0)
(3 8.540542329e-15 0)
(3 8.650278391e-15 0)
(3 7.977696824e-15 0)
(3 5.513128539e-15 0)
(3 3.555932155e-15 0)
(3 1.35141105e-15 0)
(3 -2.474576985e-15 0)
(3 -2.791200684e-15 0)
(3 -2.783701147e-15 0)
(3 -5.142358502e-15 0)
(3 -5.366190008e-15 0)
(3 -4.460841128e-15 0)
(3 -1.761554788e-15 0)
(3 -1.199510652e-15 0)
(3 -2.567100717e-15 0)
(3 -2.626798096e-15 0)
(3 -3.741939499e-15 0)
(3 -4.602823602e-15 0)
(3 -5.236309016e-15 0)
(3 -5.183369868e-15 0)
(3 -4.85884223e-15 0)
(3 -3.623222476e-15 0)
(3 -1.607722218e-15 0)
(3 5.701073646e-16 0)
(3 1.7480105e-15 0)
(3 2.476494371e-15 0)
(3 5.17640223e-15 0)
(3 4.90580155e-15 0)
(3 4.553308067e-15 0)
(3 4.726981517e-15 0)
(3 4.65269293e-15 0)
(3 5.310878231e-15 0)
(3 7.600533183e-15 0)
(3 9.925706105e-15 0)
(3 1.121000581e-14 0)
(3 9.758822053e-15 0)
(3 5.651304184e-15 0)
(3 3.98284132e-15 0)
(3 -1.929813561e-16 0)
(3 -2.314795114e-15 0)
(3 -1.22733287e-15 0)
(3 -6.868623085e-16 0)
(3 -6.027804168e-18 0)
(3 -1.458384074e-15 0)
(3 -2.845547949e-15 0)
(3 -3.506410953e-15 0)
(3 -3.479937006e-15 0)
(3 -3.633512056e-15 0)
(3 -4.94909289e-15 0)
(3 -4.927445819e-15 0)
(3 -4.40723162e-15 0)
(3 -4.330381886e-15 0)
(3 -5.037267045e-15 0)
(3 -5.215901346e-15 0)
(3 -4.17789848e-15 0)
(3 -2.29594315e-15 0)
(3 -3.281657442e-16 0)
(3 6.789020532e-16 0)
(3 1.00364162e-15 0)
(3 5.974771553e-15 0)
(3 5.525814961e-15 0)
(3 2.870020371e-15 0)
(3 9.214228481e-16 0)
(3 1.319338095e-15 0)
(3 3.301999443e-15 0)
(3 5.535544496e-15 0)
(3 6.303673794e-15 0)
(3 8.03475563e-15 0)
(3 5.737051791e-15 0)
(3 4.471915171e-15 0)
(3 3.628499644e-15 0)
(3 1.295875175e-15 0)
(3 2.237530475e-16 0)
(3 1.616532456e-15 0)
(3 1.603120082e-15 0)
(3 3.077303302e-15 0)
(3 1.566029565e-15 0)
(3 -7.175173827e-16 0)
(3 -3.588285677e-15 0)
(3 -4.401294231e-15 0)
(3 -4.46392417e-15 0)
(3 -4.82232603e-15 0)
(3 -6.184917988e-15 0)
(3 -5.645913018e-15 0)
(3 -4.753892412e-15 0)
(3 -5.215310977e-15 0)
(3 -5.272564533e-15 0)
(3 -4.979068046e-15 0)
(3 -4.448168427e-15 0)
(3 -3.99907755e-15 0)
(3 -2.369179056e-15 0)
(3 -1.522187249e-15 0)
(3 2.953392849e-15 0)
(3 3.923304541e-15 0)
(3 3.282416302e-15 0)
(3 2.240384578e-15 0)
(3 1.959363624e-15 0)
(3 1.801675554e-15 0)
(3 1.87938752e-15 0)
(3 1.433745394e-15 0)
(3 1.059395694e-16 0)
(3 1.181983676e-15 0)
(3 2.279329971e-15 0)
(3 2.405788261e-15 0)
(3 3.859629804e-15 0)
(3 4.43086074e-15 0)
(3 4.294474553e-15 0)
(3 5.535094823e-15 0)
(3 4.06113589e-15 0)
(3 7.627113759e-16 0)
(3 -2.451138522e-15 0)
(3 -4.596005408e-15 0)
(3 -5.573274359e-15 0)
(3 -5.878769653e-15 0)
(3 -5.506949721e-15 0)
(3 -6.148842108e-15 0)
(3 -6.318290497e-15 0)
(3 -6.127484097e-15 0)
(3 -7.02195251e-15 0)
(3 -7.049176352e-15 0)
(3 -6.742273595e-15 0)
(3 -6.160930258e-15 0)
(3 -4.719108032e-15 0)
(3 -3.758314186e-15 0)
(3 6.521933072e-17 0)
(3 6.722185896e-16 0)
(3 2.876184209e-15 0)
(3 3.385783818e-15 0)
(3 2.974925921e-15 0)
(3 1.299145231e-15 0)
(3 -7.754543691e-16 0)
(3 -3.121824179e-15 0)
(3 -4.221907071e-15 0)
(3 -4.62815134e-15 0)
(3 -2.570894287e-15 0)
(3 1.205982696e-15 0)
(3 3.306832331e-15 0)
(3 6.091686169e-15 0)
(3 7.382993927e-15 0)
(3 8.049434296e-15 0)
(3 7.000436778e-15 0)
(3 5.142280895e-15 0)
(3 1.500321364e-15 0)
(3 -1.437638293e-15 0)
(3 -5.126384314e-15 0)
(3 -6.084148263e-15 0)
(3 -5.985046402e-15 0)
(3 -5.150450218e-15 0)
(3 -4.069996128e-15 0)
(3 -4.783571321e-15 0)
(3 -5.712356467e-15 0)
(3 -7.964894236e-15 0)
(3 -8.8376867e-15 0)
(3 -9.149911859e-15 0)
(3 -8.483443418e-15 0)
(3 -6.90176988e-15 0)
(3 -3.626133876e-15 0)
(3 1.229340502e-15 0)
(3 -6.803594178e-16 0)
(3 1.735703037e-15 0)
(3 2.315857219e-15 0)
(3 2.141714511e-15 0)
(3 9.643283202e-16 0)
(3 -1.998321626e-15 0)
(3 -5.5974454e-15 0)
(3 -5.998950464e-15 0)
(3 -5.402813614e-15 0)
(3 -2.451059393e-15 0)
(3 9.061875346e-16 0)
(3 5.091350288e-15 0)
(3 6.876527633e-15 0)
(3 8.747338607e-15 0)
(3 9.412251809e-15 0)
(3 8.618933388e-15 0)
(3 5.575989431e-15 0)
(3 3.514464051e-15 0)
(3 -1.027567213e-16 0)
(3 -3.877416317e-16 0)
(3 -4.313721115e-16 0)
(3 -6.988019836e-16 0)
(3 -1.690743009e-15 0)
(3 -1.511208972e-15 0)
(3 -2.929461847e-15 0)
(3 -5.702671522e-15 0)
(3 -8.122282107e-15 0)
(3 -9.24830794e-15 0)
(3 -8.426409559e-15 0)
(3 -7.622129822e-15 0)
(3 -6.408236733e-15 0)
(3 -2.95468346e-15 0)
(3 -3.744974873e-16 0)
(3 -4.975072849e-16 0)
(3 4.531264197e-16 0)
(3 8.191005346e-16 0)
(3 -7.324887129e-17 0)
(3 -1.844546946e-15 0)
(3 -4.172154573e-15 0)
(3 -5.145191313e-15 0)
(3 -4.62860211e-15 0)
(3 -3.018227254e-15 0)
(3 -1.51854113e-15 0)
(3 -1.581448011e-16 0)
(3 4.548539882e-15 0)
(3 7.195952288e-15 0)
(3 7.789633496e-15 0)
(3 7.284307807e-15 0)
(3 6.151445871e-15 0)
(3 5.538125323e-15 0)
(3 4.998343912e-15 0)
(3 4.290108107e-15 0)
(3 5.104295884e-15 0)
(3 3.564532091e-15 0)
(3 1.431266187e-15 0)
(3 -5.786126419e-16 0)
(3 -2.569405503e-15 0)
(3 -5.323224445e-15 0)
(3 -7.817425828e-15 0)
(3 -7.48175956e-15 0)
(3 -8.142522862e-15 0)
(3 -7.444294976e-15 0)
(3 -5.644571654e-15 0)
(3 -3.060970596e-15 0)
(3 -6.714713087e-16 0)
(3 -3.223762185e-16 0)
(3 -1.93978337e-15 0)
(3 -1.702079067e-15 0)
(3 -1.046310721e-15 0)
(3 -7.454809791e-16 0)
(3 -1.443165881e-15 0)
(3 -2.171110233e-15 0)
(3 -1.180883305e-15 0)
(3 -6.118252792e-16 0)
(3 -1.217550814e-17 0)
(3 -3.840333122e-16 0)
(3 -1.502101525e-17 0)
(3 1.955915638e-15 0)
(3 2.597845126e-15 0)
(3 3.941198166e-15 0)
(3 3.919376721e-15 0)
(3 4.079463954e-15 0)
(3 5.054612517e-15 0)
(3 6.986250412e-15 0)
(3 8.970767229e-15 0)
(3 8.648325481e-15 0)
(3 6.266671964e-15 0)
(3 3.477124215e-15 0)
(3 -4.248884651e-17 0)
(3 -2.143747211e-15 0)
(3 -2.171969281e-15 0)
(3 -3.21426719e-15 0)
(3 -7.217925809e-15 0)
(3 -7.472543978e-15 0)
(3 -6.998806625e-15 0)
(3 -2.116956062e-15 0)
(3 5.165002067e-16 0)
(3 1.005357085e-15 0)
(3 -4.756713789e-16 0)
(3 -3.185545886e-15 0)
(3 -2.143921877e-15 0)
(3 -3.997630966e-16 0)
(3 -2.428646787e-17 0)
(3 7.057227445e-16 0)
(3 1.121960962e-15 0)
(3 1.042132549e-15 0)
(3 1.457904244e-15 0)
(3 1.131495171e-15 0)
(3 1.069797816e-15 0)
(3 7.666658088e-16 0)
(3 8.998916797e-16 0)
(3 1.3008587e-15 0)
(3 1.485111786e-15 0)
(3 2.60777664e-15 0)
(3 4.831209343e-15 0)
(3 6.726665878e-15 0)
(3 8.58327868e-15 0)
(3 1.105901136e-14 0)
(3 1.039805049e-14 0)
(3 7.588231337e-15 0)
(3 3.213667011e-15 0)
(3 -8.923980906e-16 0)
(3 -1.410478978e-15 0)
(3 1.322374192e-16 0)
(3 -9.289826617e-16 0)
(3 -2.538856286e-15 0)
(3 -2.940185963e-15 0)
(3 -2.153501618e-15 0)
(3 1.09065365e-15 0)
(3 1.774810449e-15 0)
(3 1.68278493e-15 0)
(3 -3.84361549e-16 0)
(3 -3.24024537e-15 0)
(3 -3.064280735e-15 0)
(3 -2.49847929e-15 0)
(3 -1.612933515e-15 0)
(3 -1.202818482e-15 0)
(3 -1.093861697e-16 0)
(3 1.034759433e-15 0)
(3 1.629579902e-15 0)
(3 3.436903706e-16 0)
(3 2.157394379e-17 0)
(3 -8.991044282e-16 0)
(3 -5.243100774e-16 0)
(3 -1.08975721e-15 0)
(3 -6.509311253e-16 0)
(3 8.015280587e-16 0)
(3 2.869045005e-15 0)
(3 5.471058292e-15 0)
(3 7.945752356e-15 0)
(3 7.653384201e-15 0)
(3 6.908032593e-15 0)
(3 4.418165611e-15 0)
(3 2.236907692e-15 0)
(3 3.68596171e-16 0)
(3 1.346770674e-16 0)
(3 -3.068383246e-16 0)
(3 5.465736726e-16 0)
(3 1.432656105e-15 0)
(3 2.632014303e-15 0)
(3 1.060231651e-15 0)
(3 4.196375904e-16 0)
(3 -5.216797645e-16 0)
(3 -6.514627246e-16 0)
(3 -1.213190934e-15 0)
(3 -1.763504689e-15 0)
(3 -2.548617017e-15 0)
(3 -3.372287006e-15 0)
(3 -2.784459967e-15 0)
(3 -1.815649772e-15 0)
(3 -7.291741008e-16 0)
(3 7.389790709e-16 0)
(3 8.878726212e-16 0)
(3 -1.431314915e-15 0)
(3 -4.341819009e-15 0)
(3 -5.235330627e-15 0)
(3 -4.121841158e-15 0)
(3 -1.988443772e-15 0)
(3 -2.466733832e-16 0)
(3 -9.831234417e-16 0)
(3 -1.331050484e-15 0)
(3 8.902357938e-16 0)
(3 2.604456998e-15 0)
(3 2.08893024e-15 0)
(3 1.938372991e-15 0)
(3 2.091938698e-15 0)
(3 2.045232898e-15 0)
(3 1.311550697e-15 0)
(3 5.468607493e-16 0)
(3 1.640310953e-15 0)
(3 2.099627766e-15 0)
(3 4.623327091e-15 0)
(3 6.884935435e-15 0)
(3 6.115936792e-15 0)
(3 2.947901137e-15 0)
(3 1.565120248e-15 0)
(3 -1.927617559e-15 0)
(3 -3.567428019e-15 0)
(3 3.536959899e-16 0)
(3 1.79972032e-16 0)
(3 -6.127586109e-16 0)
(3 -9.716003913e-16 0)
(3 -7.642420715e-16 0)
(3 -1.500730821e-16 0)
(3 -3.757796264e-16 0)
(3 -5.835349075e-16 0)
(3 -2.600753357e-15 0)
(3 -4.129848004e-15 0)
(3 -4.366101529e-15 0)
(3 -5.137075859e-15 0)
(3 -4.197058534e-15 0)
(3 -2.125929399e-15 0)
(3 -2.163572937e-15 0)
(3 -6.783823098e-15 0)
(3 -7.514498467e-15 0)
(3 -3.710387271e-15 0)
(3 -1.901290147e-15 0)
(3 2.421888451e-17 0)
(3 4.34427241e-15 0)
(3 4.850622852e-15 0)
(3 5.453345523e-15 0)
(3 5.865031771e-15 0)
(3 6.542346572e-15 0)
(3 6.552660493e-15 0)
(3 8.05194409e-15 0)
(3 9.05797811e-15 0)
(3 7.6578131e-15 0)
(3 5.010956657e-15 0)
(3 6.648082502e-16 0)
(3 -3.687465933e-15 0)
(3 -3.679248366e-15 0)
(3 4.366629849e-15 0)
(3 4.616617362e-15 0)
(3 4.245813384e-15 0)
(3 3.194718771e-15 0)
(3 1.335385844e-15 0)
(3 3.610063812e-16 0)
(3 -7.471283705e-16 0)
(3 -2.083830637e-15 0)
(3 -2.873910785e-15 0)
(3 -2.110872612e-15 0)
(3 -1.669427966e-15 0)
(3 -2.375050283e-15 0)
(3 -2.862077225e-15 0)
(3 -2.693334654e-15 0)
(3 -5.091495894e-15 0)
(3 -7.697736111e-15 0)
(3 -7.512345231e-15 0)
(3 -5.300386938e-15 0)
(3 -2.569253292e-15 0)
(3 1.061959184e-15 0)
(3 5.271887701e-15 0)
(3 6.699341452e-15 0)
(3 8.754296857e-15 0)
(3 9.401699672e-15 0)
(3 9.468923493e-15 0)
(3 8.57403848e-15 0)
(3 7.263521222e-15 0)
(3 4.733119882e-15 0)
(3 3.483519712e-15 0)
(3 2.802881766e-15 0)
(3 -5.243741399e-16 0)
(3 -2.142151652e-15 0)
(3 -2.146010963e-15 0)
(3 6.934523956e-15 0)
(3 7.973059603e-15 0)
(3 7.574146425e-15 0)
(3 4.089368001e-15 0)
(3 1.661105602e-15 0)
(3 6.522100991e-16 0)
(3 5.91384331e-16 0)
(3 -3.100937441e-16 0)
(3 -3.474519449e-16 0)
(3 3.601876935e-17 0)
(3 -4.348123277e-16 0)
(3 8.257187338e-16 0)
(3 8.476821363e-16 0)
(3 -4.62311613e-16 0)
(3 -3.005807081e-15 0)
(3 -3.972816318e-15 0)
(3 -5.185241097e-15 0)
(3 -6.242764432e-15 0)
(3 -6.662615545e-15 0)
(3 -4.661866558e-15 0)
(3 -2.851946381e-15 0)
(3 2.036298588e-15 0)
(3 3.81462676e-15 0)
(3 6.097154076e-15 0)
(3 7.3449812e-15 0)
(3 8.978768624e-15 0)
(3 7.861086898e-15 0)
(3 6.161768678e-15 0)
(3 5.701008868e-15 0)
(3 5.92073774e-15 0)
(3 3.064021133e-15 0)
(3 -7.449566418e-16 0)
(3 -3.351115722e-15 0)
(3 5.490909776e-15 0)
(3 4.918354197e-15 0)
(3 2.650288721e-15 0)
(3 4.633855645e-16 0)
(3 -6.71767914e-16 0)
(3 1.835435517e-15 0)
(3 1.81017143e-15 0)
(3 1.386593819e-15 0)
(3 2.654269794e-15 0)
(3 2.638567635e-15 0)
(3 2.282374723e-15 0)
(3 1.688995652e-15 0)
(3 8.554842174e-17 0)
(3 -1.026623458e-15 0)
(3 -1.428981671e-15 0)
(3 -3.282368168e-15 0)
(3 -4.805711253e-15 0)
(3 -6.909544117e-15 0)
(3 -7.999821087e-15 0)
(3 -7.576950796e-15 0)
(3 -6.396311265e-15 0)
(3 -2.61632746e-15 0)
(3 4.837542473e-16 0)
(3 2.7237628e-15 0)
(3 2.353500306e-15 0)
(3 3.748038585e-15 0)
(3 3.299472519e-15 0)
(3 3.91220703e-15 0)
(3 7.708233109e-15 0)
(3 8.161705603e-15 0)
(3 4.972414469e-15 0)
(3 4.163868968e-15 0)
(3 2.84719231e-15 0)
(3 1.341607498e-15 0)
(3 -5.602598818e-16 0)
(3 -1.099039414e-15 0)
(3 -6.123209858e-16 0)
(3 -6.695194723e-16 0)
(3 2.47522953e-15 0)
(3 4.126275234e-15 0)
(3 3.889669206e-15 0)
(3 3.50439852e-15 0)
(3 2.533798063e-15 0)
(3 1.367259375e-15 0)
(3 -2.226282708e-16 0)
(3 -1.222201085e-15 0)
(3 -2.162164542e-15 0)
(3 -2.350082746e-15 0)
(3 -3.062374303e-15 0)
(3 -4.394220798e-15 0)
(3 -6.939923001e-15 0)
(3 -7.831609835e-15 0)
(3 -8.424974959e-15 0)
(3 -6.461850211e-15 0)
(3 -6.087226618e-15 0)
(3 -4.48786352e-15 0)
(3 -2.607440746e-15 0)
(3 -2.529709957e-15 0)
(3 -2.125434214e-15 0)
(3 -1.212916142e-15 0)
(3 1.125221264e-15 0)
(3 5.859975804e-15 0)
(3 7.889718177e-15 0)
(3 8.735831989e-15 0)
(3 1.126307305e-14 0)
(3 1.096774422e-14 0)
(3 8.322827981e-16 0)
(3 -1.222783634e-15 0)
(3 -2.620393642e-15 0)
(3 -9.718099192e-16 0)
(3 9.996106815e-16 0)
(3 2.705627655e-15 0)
(3 3.542790141e-15 0)
(3 4.215822214e-15 0)
(3 3.804903325e-15 0)
(3 3.585636733e-15 0)
(3 3.655885241e-15 0)
(3 3.21340764e-15 0)
(3 3.075775583e-15 0)
(3 1.994795065e-15 0)
(3 -4.668153735e-16 0)
(3 -2.433023196e-15 0)
(3 -3.97084809e-15 0)
(3 -4.627367775e-15 0)
(3 -5.917797173e-15 0)
(3 -7.369224565e-15 0)
(3 -8.896016008e-15 0)
(3 -1.019971243e-14 0)
(3 -8.387787335e-15 0)
(3 -6.13976424e-15 0)
(3 -3.75878735e-15 0)
(3 -2.273322366e-15 0)
(3 -9.08864953e-16 0)
(3 9.48283803e-16 0)
(3 3.362493304e-15 0)
(3 8.165452339e-15 0)
(3 1.349249275e-14 0)
(3 1.45246929e-14 0)
(3 1.397824994e-14 0)
(3 -3.28919756e-16 0)
(3 -2.421970672e-15 0)
(3 -3.871739108e-15 0)
(3 -3.686397697e-15 0)
(3 -1.846421392e-15 0)
(3 -4.036316298e-17 0)
(3 1.373364301e-15 0)
(3 2.52029855e-15 0)
(3 3.841633551e-15 0)
(3 5.757684029e-15 0)
(3 6.727571388e-15 0)
(3 6.724129527e-15 0)
(3 5.927214296e-15 0)
(3 4.434584135e-15 0)
(3 2.917244354e-15 0)
(3 6.447344464e-16 0)
(3 -4.182520538e-16 0)
(3 -8.87232432e-16 0)
(3 -2.124269915e-15 0)
(3 -4.474661293e-15 0)
(3 -8.464805224e-15 0)
(3 -8.884510498e-15 0)
(3 -7.990419228e-15 0)
(3 -7.814108651e-15 0)
(3 -7.329275806e-15 0)
(3 -3.881677642e-15 0)
(3 -2.392375888e-15 0)
(3 -1.285834338e-16 0)
(3 3.719467442e-15 0)
(3 9.765391592e-15 0)
(3 1.458733009e-14 0)
(3 1.768886252e-14 0)
(3 1.630112991e-14 0)
(3 -2.291387239e-15 0)
(3 -5.340078336e-15 0)
(3 -4.568156655e-15 0)
(3 -3.022454435e-15 0)
(3 -1.684563789e-15 0)
(3 2.582808626e-16 0)
(3 1.100769339e-15 0)
(3 3.283096504e-15 0)
(3 7.871060878e-15 0)
(3 8.753249712e-15 0)
(3 8.523862236e-15 0)
(3 6.749825998e-15 0)
(3 6.764563262e-15 0)
(3 4.65990821e-15 0)
(3 4.42623041e-15 0)
(3 4.260005687e-15 0)
(3 4.05994211e-15 0)
(3 2.550470019e-15 0)
(3 5.968862574e-16 0)
(3 -2.727069363e-15 0)
(3 -6.189419135e-15 0)
(3 -7.264552596e-15 0)
(3 -8.117613218e-15 0)
(3 -8.186839718e-15 0)
(3 -7.548152835e-15 0)
(3 -5.616372587e-15 0)
(3 -2.173791224e-15 0)
(3 1.282959001e-15 0)
(3 4.217720602e-15 0)
(3 5.446525152e-15 0)
(3 6.314507276e-15 0)
(3 9.113373823e-15 0)
(3 1.232133162e-14 0)
(3 -3.105952116e-15 0)
(3 -5.416156306e-15 0)
(3 -5.44242851e-15 0)
(3 -4.05449491e-15 0)
(3 -1.802522188e-15 0)
(3 -1.861170065e-17 0)
(3 1.362695484e-15 0)
(3 3.115156139e-15 0)
(3 3.517051628e-15 0)
(3 5.726515911e-15 0)
(3 6.037990233e-15 0)
(3 6.832098332e-15 0)
(3 7.039989228e-15 0)
(3 6.699057738e-15 0)
(3 6.208826609e-15 0)
(3 6.367191661e-15 0)
(3 6.405114719e-15 0)
(3 3.604217779e-15 0)
(3 6.934697661e-16 0)
(3 -1.625631776e-15 0)
(3 -6.091215139e-15 0)
(3 -7.426236847e-15 0)
(3 -7.42404289e-15 0)
(3 -6.921042881e-15 0)
(3 -4.491504791e-15 0)
(3 -1.001899292e-15 0)
(3 3.015505778e-16 0)
(3 1.948815194e-15 0)
(3 4.080243475e-15 0)
(3 3.875053097e-15 0)
(3 2.975097099e-15 0)
(3 2.132601998e-15 0)
(3 4.883188776e-15 0)
(3 -3.580006498e-15 0)
(3 -3.604045514e-15 0)
(3 -2.480413338e-15 0)
(3 -2.480474129e-15 0)
(3 -1.207375204e-15 0)
(3 -6.075883959e-16 0)
(3 3.053399116e-16 0)
(3 3.331126751e-16 0)
(3 -2.872677353e-16 0)
(3 1.889025079e-15 0)
(3 1.551455889e-15 0)
(3 3.256204003e-15 0)
(3 4.210055619e-15 0)
(3 4.402048418e-15 0)
(3 4.124157419e-15 0)
(3 3.42340263e-15 0)
(3 2.448691122e-15 0)
(3 6.412757117e-16 0)
(3 -1.57732348e-15 0)
(3 -3.285478874e-15 0)
(3 -6.183336523e-15 0)
(3 -9.284301772e-15 0)
(3 -9.359971698e-15 0)
(3 -7.294158631e-15 0)
(3 -5.387406986e-15 0)
(3 -3.315991706e-15 0)
(3 -4.250662498e-16 0)
(3 1.413470396e-15 0)
(3 2.211293565e-15 0)
(3 1.279253158e-15 0)
(3 -1.61137424e-16 0)
(3 -1.702018688e-15 0)
(3 -3.714332683e-16 0)
(3 -4.503812389e-15 0)
(3 -2.602420315e-15 0)
(3 9.012512742e-16 0)
(3 2.053470197e-15 0)
(3 1.751665e-15 0)
(3 6.871225684e-16 0)
(3 -2.753163194e-16 0)
(3 -8.964337522e-16 0)
(3 -5.106832103e-16 0)
(3 -9.753647636e-16 0)
(3 -2.532541152e-15 0)
(3 -1.40227669e-15 0)
(3 1.33443063e-15 0)
(3 3.409546421e-15 0)
(3 4.313431969e-15 0)
(3 5.010483667e-15 0)
(3 4.394045738e-15 0)
(3 1.274157449e-15 0)
(3 -1.170566016e-15 0)
(3 -1.93458034e-15 0)
(3 -3.998266549e-15 0)
(3 -4.501368675e-15 0)
(3 -4.378530589e-15 0)
(3 -4.929468823e-15 0)
(3 -4.112271111e-15 0)
(3 -3.119719745e-15 0)
(3 -1.498283915e-15 0)
(3 -1.946450571e-15 0)
(3 -3.907315325e-15 0)
(3 -4.316425978e-15 0)
(3 -2.121195491e-15 0)
(3 -2.517553162e-15 0)
(3 -3.935758954e-15 0)
(3 -2.8973446e-15 0)
(3 -7.365409116e-16 0)
(3 1.011961853e-15 0)
(3 3.290939523e-15 0)
(3 3.12101573e-15 0)
(3 1.588592813e-15 0)
(3 -1.78857887e-15 0)
(3 -2.83421946e-15 0)
(3 -3.054103426e-15 0)
(3 -4.979622538e-15 0)
(3 -4.636989971e-15 0)
(3 -2.056432985e-15 0)
(3 3.121223574e-16 0)
(3 2.813495793e-15 0)
(3 6.072746078e-15 0)
(3 6.992710346e-15 0)
(3 6.703245569e-15 0)
(3 5.531951347e-15 0)
(3 3.462198722e-15 0)
(3 2.594627964e-15 0)
(3 2.128208936e-15 0)
(3 2.019944412e-15 0)
(3 8.013079981e-16 0)
(3 -2.545986037e-16 0)
(3 -2.226615963e-15 0)
(3 -2.674260449e-15 0)
(3 -2.570812466e-15 0)
(3 -3.938289355e-15 0)
(3 -4.281014548e-15 0)
(3 -3.119683292e-15 0)
(3 -1.068284326e-15 0)
(3 -2.310517898e-15 0)
(3 -3.58871531e-15 0)
)
;

boundaryField
{
    inlet
    {
        type            fixedValue;
        value           nonuniform 0();
    }
    outlet
    {
        type            inletOutlet;
        inletValue      nonuniform 0();
        value           nonuniform 0();
    }
    bottom
    {
        type            slip;
    }
    top
    {
        type            slip;
    }
    obstacle
    {
        type            slip;
    }
    defaultFaces
    {
        type            empty;
    }
    procBoundary19to13
    {
        type            processor;
        value           nonuniform List<vector> 
35
(
(3 -6.513777454e-15 0)
(3 -2.887196014e-15 0)
(3 -5.326427462e-15 0)
(3 -7.732464339e-15 0)
(3 -8.814334504e-15 0)
(3 -6.484130571e-15 0)
(3 -3.982572047e-15 0)
(3 1.312657343e-16 0)
(3 2.055592122e-15 0)
(3 2.086392911e-15 0)
(3 2.108346147e-15 0)
(3 2.63446831e-15 0)
(3 2.06254866e-15 0)
(3 1.310215327e-15 0)
(3 1.921619097e-15 0)
(3 3.217111304e-15 0)
(3 4.958198077e-15 0)
(3 6.54780461e-15 0)
(3 8.644433783e-15 0)
(3 9.865030916e-15 0)
(3 9.090840476e-15 0)
(3 6.437541764e-15 0)
(3 3.583136331e-15 0)
(3 3.171841478e-15 0)
(3 3.323653803e-15 0)
(3 4.999450122e-15 0)
(3 6.264582267e-15 0)
(3 3.982048817e-15 0)
(3 3.129360832e-15 0)
(3 -2.526251678e-16 0)
(3 -4.049282272e-15 0)
(3 -5.013009307e-15 0)
(3 -5.847985354e-15 0)
(3 -5.847985354e-15 0)
(2.926887203 -0.003615768192 0)
)
;
    }
    procBoundary19to18
    {
        type            processor;
        value           nonuniform List<vector> 
33
(
(3 -3.340659475e-15 0)
(3 -4.935995825e-15 0)
(3 -4.163044984e-15 0)
(3 7.306647523e-17 0)
(3 1.681379477e-15 0)
(3 7.499157785e-16 0)
(3 -1.521514719e-15 0)
(3 -1.851055407e-15 0)
(3 2.416009327e-15 0)
(3 1.204111585e-15 0)
(3 -6.559937732e-17 0)
(3 2.368356982e-15 0)
(3 4.99517019e-15 0)
(3 3.168257606e-15 0)
(3 6.015408303e-16 0)
(3 -4.457566202e-16 0)
(3 -2.328911983e-15 0)
(3 -1.274215504e-15 0)
(3 -2.480877977e-15 0)
(3 -3.707546154e-15 0)
(3 -3.398540897e-15 0)
(3 -1.487513531e-15 0)
(3 3.728539881e-16 0)
(3 3.313643988e-15 0)
(3 5.797325988e-15 0)
(3 5.116936534e-15 0)
(3 2.166669433e-15 0)
(3 1.862123077e-15 0)
(3 2.159648977e-15 0)
(3 8.890616354e-16 0)
(3 -1.250972829e-15 0)
(3 -3.243911155e-15 0)
(3 -5.334753691e-15 0)
)
;
    }
    procBoundary19to20
    {
        type            processor;
        value           nonuniform List<vector> 
33
(
(2.865137459 0.2660552638 0)
(2.8766838 0.2608739606 0)
(2.886246866 0.2747329488 0)
(2.887216289 0.2812047606 0)
(2.894424484 0.2676019571 0)
(2.889427249 0.2794852319 0)
(2.920767096 0.1910159147 0)
(2.970128805 0.06447357288 0)
(2.996888732 0.006005918968 0)
(2.999935528 0.0001128240691 0)
(2.999999808 3.095854785e-07 0)
(3 5.878687567e-11 0)
(3 -1.969990092e-14 0)
(3 -9.835213347e-15 0)
(3 -4.270960226e-15 0)
(3 3.710423467e-17 0)
(3 1.849727596e-15 0)
(3 7.34287775e-15 0)
(3 8.037708634e-15 0)
(3 7.667421617e-15 0)
(3 7.149892493e-15 0)
(3 7.016291122e-15 0)
(3 6.816915761e-15 0)
(3 5.609810358e-15 0)
(3 3.812868454e-15 0)
(3 -8.45063578e-16 0)
(3 -9.783985491e-16 0)
(3 -2.685617019e-15 0)
(3 -3.305817646e-15 0)
(3 -2.911105965e-15 0)
(3 -4.533421486e-15 0)
(3 -4.273915071e-15 0)
(3 -7.751408065e-15 0)
)
;
    }
    procBoundary19to24
    {
        type            processor;
        value           uniform (3 -3.734506921e-15 0);
    }
    procBoundary19to25
    {
        type            processor;
        value           nonuniform List<vector> 
67
(
(3 -1.927379979e-16 0)
(3 5.513350824e-16 0)
(3 1.808778779e-15 0)
(3 1.517929764e-15 0)
(3 3.016517481e-15 0)
(3 3.686142877e-15 0)
(3 4.950278652e-15 0)
(3 5.134580153e-15 0)
(3 5.218932938e-15 0)
(3 4.665990007e-15 0)
(3 4.204832172e-15 0)
(3 4.681854269e-15 0)
(3 4.959026208e-15 0)
(3 4.652457295e-15 0)
(3 4.361055923e-15 0)
(3 1.986850423e-15 0)
(3 -8.651420667e-16 0)
(3 -1.712799472e-15 0)
(3 -3.820904501e-15 0)
(3 -3.900170087e-15 0)
(3 -3.533711667e-15 0)
(3 -3.819584722e-15 0)
(3 -4.800032391e-15 0)
(3 -1.130501656e-14 0)
(3 -1.205332189e-14 0)
(3 -1.29384235e-14 0)
(3 -1.276545129e-14 0)
(3 -1.253660728e-14 0)
(3 -1.171666073e-14 0)
(3 -9.993999773e-15 0)
(3 -9.221363938e-15 0)
(3 -4.760105216e-15 0)
(3 -1.927379979e-16 0)
(3 -1.618204903e-15 0)
(3 -2.347096833e-15 0)
(3 -1.346309624e-15 0)
(3 3.19541106e-16 0)
(3 1.795517097e-15 0)
(3 2.072298486e-15 0)
(3 1.834849573e-15 0)
(3 3.037183307e-16 0)
(3 -2.603993906e-15 0)
(3 -4.171217153e-15 0)
(3 -5.398693787e-15 0)
(3 -3.900787043e-15 0)
(3 -3.021510382e-15 0)
(3 -1.854154784e-15 0)
(3 -3.178357284e-16 0)
(3 2.144024843e-15 0)
(3 4.691300931e-15 0)
(3 5.128859871e-15 0)
(3 7.001302509e-15 0)
(3 8.54968513e-15 0)
(3 7.931058153e-15 0)
(3 6.969454365e-15 0)
(3 6.251801201e-15 0)
(3 4.443880238e-15 0)
(3 2.40309179e-15 0)
(3 -6.137672521e-16 0)
(3 -3.943513697e-15 0)
(3 -5.16638858e-15 0)
(3 -4.508570337e-15 0)
(3 -2.015015941e-15 0)
(3 -1.020773647e-16 0)
(3 -2.670186454e-16 0)
(3 -3.209516677e-15 0)
(3 -8.650203146e-15 0)
)
;
    }
}


// ************************************************************************* //
