/*--------------------------------*- C++ -*----------------------------------*\
  =========                 |
  \\      /  F ield         | OpenFOAM: The Open Source CFD Toolbox
   \\    /   O peration     | Website:  https://openfoam.org
    \\  /    A nd           | Version:  7
     \\/     M anipulation  |
\*---------------------------------------------------------------------------*/
FoamFile
{
    version     2.0;
    format      ascii;
    class       volVectorField;
    location    "1.2";
    object      U;
}
// * * * * * * * * * * * * * * * * * * * * * * * * * * * * * * * * * * * * * //

dimensions      [0 1 -1 0 0 0 0];

internalField   nonuniform List<vector> 
2222
(
(3 -1.827807e-15 0)
(2.987308404 0.003557856551 0)
(2.973895969 0.004636886548 0)
(2.960562809 0.01462355199 0)
(2.947157584 0.03991893408 0)
(2.935703699 0.04375280046 0)
(2.929700602 0.04612908863 0)
(2.915738051 0.08319548807 0)
(2.907618723 0.102418363 0)
(2.908044207 0.09998628046 0)
(2.892501749 0.1244910792 0)
(2.883802162 0.1481263148 0)
(2.886650471 0.1587834066 0)
(2.874808917 0.1771995898 0)
(2.868075603 0.1897540361 0)
(2.867297697 0.2057380007 0)
(2.862763205 0.2201323499 0)
(2.858193955 0.2359435728 0)
(2.854301607 0.2468722038 0)
(2.853216791 0.2507264613 0)
(2.8564761 0.2572104302 0)
(2.859349355 0.2644527857 0)
(2.859536175 0.2644424368 0)
(2.859707574 0.2627589308 0)
(2.860913589 0.2636137345 0)
(2.86273548 0.2622883852 0)
(2.863278718 0.2611767478 0)
(2.863561728 0.2618675501 0)
(2.863548627 0.2618941447 0)
(2.865076011 0.2596551657 0)
(2.866818351 0.2580585647 0)
(2.868036044 0.2575956926 0)
(2.869983265 0.2581740477 0)
(2.871885193 0.2576192008 0)
(2.9986074 0.002168293631 0)
(2.995485475 0.007625221057 0)
(2.989909437 0.01825280258 0)
(2.983899944 0.0315888013 0)
(2.973563744 0.05701436897 0)
(2.965547903 0.07903470182 0)
(2.957555243 0.1000048919 0)
(2.941031388 0.1406907684 0)
(2.936375814 0.1649294383 0)
(2.923882217 0.1963932654 0)
(2.910429445 0.2299477018 0)
(2.909666848 0.2436578891 0)
(2.891626441 0.2783912619 0)
(2.88321329 0.2994676803 0)
(2.879674363 0.301957809 0)
(2.871278016 0.3137853508 0)
(2.867016156 0.3185582061 0)
(2.861552866 0.3096241331 0)
(2.859739008 0.2959328102 0)
(2.858948729 0.292493061 0)
(2.857959896 0.2914165951 0)
(2.86306551 0.2836310625 0)
(2.865745953 0.2791488515 0)
(2.868490544 0.2764862589 0)
(2.873355723 0.2736602957 0)
(2.875985501 0.2702588141 0)
(2.877025898 0.2684929042 0)
(2.878207353 0.2667268431 0)
(2.879910305 0.2628597341 0)
(2.881183639 0.2585993788 0)
(2.881629949 0.2554201093 0)
(2.882616975 0.2548350644 0)
(2.883599569 0.2555466899 0)
(2.99999066 1.528783921e-05 0)
(2.999949788 8.447318354e-05 0)
(2.999795703 0.0003572230472 0)
(2.99937065 0.001210624172 0)
(2.99872151 0.002740088614 0)
(2.997602336 0.005493442571 0)
(2.995288042 0.0106291042 0)
(2.992386335 0.01840233318 0)
(2.989572028 0.0278723793 0)
(2.985475041 0.04029405714 0)
(2.98020859 0.05750672359 0)
(2.975648218 0.07268001568 0)
(2.968643322 0.09690489503 0)
(2.964233511 0.1209481916 0)
(2.963965987 0.1302567452 0)
(2.954846696 0.1608082427 0)
(2.946777693 0.1898343018 0)
(2.950656167 0.1955822636 0)
(2.93476305 0.2180125703 0)
(2.923474994 0.2374706089 0)
(2.920568647 0.2423801801 0)
(2.910631025 0.2542176008 0)
(2.904577748 0.2626868407 0)
(2.901819266 0.2639574948 0)
(2.900186076 0.2639094231 0)
(2.8988608 0.2643532701 0)
(2.897539655 0.26681352 0)
(2.895646199 0.2685919832 0)
(2.894043189 0.2699326731 0)
(2.893105711 0.270291753 0)
(2.892965048 0.2693404151 0)
(2.892967819 0.2681312809 0)
(2.893709072 0.2677529223 0)
(2.999999994 9.665652053e-09 0)
(2.999999925 1.210937528e-07 0)
(2.999999348 1.069642445e-06 0)
(2.999996265 6.327810934e-06 0)
(2.999985131 2.816259144e-05 0)
(2.999950415 9.55576494e-05 0)
(2.99985076 0.0002817621617 0)
(2.999621462 0.0007640952059 0)
(2.999181559 0.001777301195 0)
(2.998410689 0.003561653988 0)
(2.996973709 0.007034166387 0)
(2.994756402 0.0126115948 0)
(2.991739682 0.02029442492 0)
(2.987012886 0.0343341712 0)
(2.982974476 0.04870098308 0)
(2.975225975 0.07035972516 0)
(2.966145783 0.1004181463 0)
(2.96496367 0.1203835734 0)
(2.951892125 0.1604390491 0)
(2.94379058 0.1889116233 0)
(2.945312093 0.1955547856 0)
(2.927589433 0.2324857014 0)
(2.919168566 0.2568714381 0)
(2.919096264 0.253554813 0)
(2.911969811 0.2632151435 0)
(2.902847597 0.2789926528 0)
(2.898588617 0.2802040653 0)
(2.895797538 0.2824811375 0)
(2.895686429 0.2842400491 0)
(2.894863712 0.2828566998 0)
(2.8939149 0.2783772754 0)
(2.892543887 0.2719996682 0)
(2.89372424 0.2704112311 0)
(3 5.793726784e-13 0)
(3 1.676797151e-12 0)
(3 1.828958586e-10 0)
(2.999999998 3.06791047e-09 0)
(2.999999982 2.854645232e-08 0)
(2.999999879 1.884419495e-07 0)
(2.999999354 1.030590602e-06 0)
(2.999997253 4.547149572e-06 0)
(2.999990438 1.647040738e-05 0)
(2.99997034 5.273464276e-05 0)
(2.999917194 0.0001484573617 0)
(2.999792238 0.0003865086742 0)
(2.999517737 0.0009193271006 0)
(2.99900032 0.001962494328 0)
(2.998058188 0.00403902125 0)
(2.996439583 0.00732135383 0)
(2.99372748 0.01347046773 0)
(2.989963798 0.02282131238 0)
(2.984923686 0.03464298663 0)
(2.977719704 0.05408060341 0)
(2.970510139 0.07419991693 0)
(2.960054231 0.1005178044 0)
(2.951406901 0.1267800536 0)
(2.947999886 0.1412292668 0)
(2.931503549 0.1794637178 0)
(2.923378167 0.206956597 0)
(2.925457456 0.1992876641 0)
(2.91971575 0.212419831 0)
(2.911510298 0.2384974856 0)
(2.911014867 0.2382099149 0)
(2.908918392 0.2429647087 0)
(2.902892086 0.249177714 0)
(2.900986725 0.2516620872 0)
(3 -9.582225732e-15 0)
(3 -4.991501644e-15 0)
(3 -1.77495914e-14 0)
(3 3.210946957e-13 0)
(3 -9.636252235e-14 0)
(3 2.200265059e-11 0)
(3 3.032796858e-10 0)
(2.999999998 2.956412854e-09 0)
(2.999999987 1.966017373e-08 0)
(2.999999931 1.055799746e-07 0)
(2.999999677 5.065983938e-07 0)
(2.999998731 2.027471272e-06 0)
(2.999995531 7.350763136e-06 0)
(2.999985808 2.387649069e-05 0)
(2.999959932 6.842422696e-05 0)
(2.999892695 0.0001891539674 0)
(2.999740125 0.0004614004198 0)
(2.999404332 0.001085871224 0)
(2.998723227 0.002367067915 0)
(2.997428241 0.004914665745 0)
(2.995208722 0.009548650163 0)
(2.99195987 0.01592300712 0)
(2.986461104 0.02831709208 0)
(2.979748276 0.04450383324 0)
(2.972333452 0.05961292157 0)
(2.960095891 0.08934040196 0)
(2.952737198 0.1122712478 0)
(2.940029487 0.1415627242 0)
(2.925123791 0.1793505943 0)
(2.925773732 0.1851454583 0)
(2.917535872 0.2085411823 0)
(2.903775406 0.2469242816 0)
(2.900868636 0.2503780061 0)
(3 -8.844642495e-15 0)
(3 -7.226164525e-15 0)
(3 -8.724046092e-15 0)
(3 -8.54620016e-15 0)
(3 -9.853402458e-15 0)
(3 -8.038676958e-15 0)
(3 2.402842394e-14 0)
(3 -2.91789851e-13 0)
(3 1.146745173e-12 0)
(3 1.279099337e-11 0)
(3 1.479211318e-10 0)
(2.999999999 1.20372261e-09 0)
(2.999999995 7.291345884e-09 0)
(2.999999975 3.924069434e-08 0)
(2.999999884 1.82063e-07 0)
(2.999999539 7.361355447e-07 0)
(2.999998279 2.810084699e-06 0)
(2.999994303 9.32339927e-06 0)
(2.999982083 3.021323989e-05 0)
(2.999947947 8.828244981e-05 0)
(2.999862114 0.0002387854962 0)
(2.999648793 0.0006297006721 0)
(2.999202797 0.001432098996 0)
(2.998329147 0.00312606344 0)
(2.996662407 0.006376765587 0)
(2.993886689 0.01190075283 0)
(2.989834101 0.02104767283 0)
(2.984242894 0.03225674711 0)
(2.975897668 0.05038278761 0)
(2.967238886 0.07246551887 0)
(2.956810597 0.09581705036 0)
(2.945303822 0.1250231463 0)
(2.941780407 0.1366559108 0)
(3 -8.646803913e-15 0)
(3 -7.39692413e-15 0)
(3 -7.539541423e-15 0)
(3 -7.973405039e-15 0)
(3 -6.365734033e-15 0)
(3 -4.538804578e-15 0)
(3 -4.604101415e-15 0)
(3 -2.59005085e-15 0)
(3 -2.389285195e-15 0)
(3 -2.757711582e-15 0)
(3 -2.493723063e-14 0)
(3 1.47263288e-13 0)
(3 2.496839548e-13 0)
(3 2.832186922e-12 0)
(3 4.092808207e-11 0)
(3 3.047675685e-10 0)
(2.999999999 1.974120239e-09 0)
(2.999999993 1.129641475e-08 0)
(2.999999966 5.310441963e-08 0)
(2.999999846 2.475930444e-07 0)
(2.999999373 1.022777733e-06 0)
(2.999997657 3.837221865e-06 0)
(2.999991659 1.402116396e-05 0)
(2.999974056 4.425283691e-05 0)
(2.999924582 0.0001318722345 0)
(2.999798874 0.0003577650424 0)
(2.999513218 0.0008950108029 0)
(2.998907768 0.002060150348 0)
(2.997737925 0.004307912801 0)
(2.995615896 0.008743485938 0)
(2.992513103 0.01487019156 0)
(2.987478755 0.02538986547 0)
(2.980051067 0.04377107826 0)
(3 -1.002045401e-14 0)
(3 -9.833884342e-15 0)
(3 -9.359403267e-15 0)
(3 -8.106496244e-15 0)
(3 -6.088369565e-15 0)
(3 -5.632421421e-15 0)
(3 -5.421179354e-15 0)
(3 -5.190132377e-15 0)
(3 -5.091939594e-15 0)
(3 -6.389267972e-15 0)
(3 -7.948117354e-15 0)
(3 -6.06827523e-15 0)
(3 -3.646892307e-15 0)
(3 -4.327312181e-15 0)
(3 -7.322186934e-15 0)
(3 4.149310172e-14 0)
(3 -1.919133366e-13 0)
(3 7.166766629e-13 0)
(3 6.468055977e-12 0)
(3 5.708648543e-11 0)
(3 4.552690971e-10 0)
(2.999999998 2.943898747e-09 0)
(2.999999989 1.723077657e-08 0)
(2.999999943 9.075103272e-08 0)
(2.999999748 4.083230662e-07 0)
(2.999998939 1.765777473e-06 0)
(2.999996086 6.559850704e-06 0)
(2.999986814 2.27668119e-05 0)
(2.999958639 7.264017314e-05 0)
(2.999885417 0.0002026675316 0)
(2.999699256 0.0005561956405 0)
(2.999284828 0.001326041884 0)
(2.998485472 0.002884570092 0)
(3 -9.695596055e-15 0)
(3 -1.068238795e-14 0)
(3 -1.109110826e-14 0)
(3 -1.096976061e-14 0)
(3 -1.210974474e-14 0)
(3 -1.334464814e-14 0)
(3 -1.512605088e-14 0)
(3 -1.465793603e-14 0)
(3 -1.3561722e-14 0)
(3 -1.323350588e-14 0)
(3 -1.180223663e-14 0)
(3 -8.967250076e-15 0)
(3 -6.388610805e-15 0)
(3 -6.906744297e-15 0)
(3 -7.702708215e-15 0)
(3 -7.183466081e-15 0)
(3 -5.196590285e-15 0)
(3 -8.039046513e-16 0)
(3 1.910537468e-15 0)
(3 -6.713484472e-15 0)
(3 4.864684898e-14 0)
(3 1.825854709e-13 0)
(3 2.878530587e-13 0)
(3 1.231400601e-11 0)
(3 1.195362591e-10 0)
(2.999999999 8.824103131e-10 0)
(2.999999996 6.181124933e-09 0)
(2.999999979 3.348844924e-08 0)
(2.999999893 1.722586198e-07 0)
(2.999999514 8.025565202e-07 0)
(2.999998107 3.146395648e-06 0)
(2.999992969 1.200644823e-05 0)
(2.999977011 4.00630669e-05 0)
(3 -2.639294809e-15 0)
(3 -3.475248631e-15 0)
(3 -5.377330008e-15 0)
(3 -6.85949006e-15 0)
(3 -1.09498444e-14 0)
(3 -1.217067788e-14 0)
(3 -1.13590178e-14 0)
(3 -8.57337922e-15 0)
(3 -7.562890176e-15 0)
(3 -7.706536525e-15 0)
(3 -7.812359405e-15 0)
(3 -9.320545413e-15 0)
(3 -1.04529266e-14 0)
(3 -9.035464483e-15 0)
(3 -7.89777362e-15 0)
(3 -5.173244876e-15 0)
(3 -3.470168898e-15 0)
(3 -3.956197492e-15 0)
(3 -5.443490703e-15 0)
(3 -6.45028348e-15 0)
(3 -5.086965266e-15 0)
(3 -7.397383626e-15 0)
(3 -1.115123128e-14 0)
(3 -1.097431807e-14 0)
(3 1.136272479e-14 0)
(3 -1.046669529e-13 0)
(3 1.17035052e-13 0)
(3 2.910229879e-12 0)
(3 2.997015777e-11 0)
(3 2.956962753e-10 0)
(2.999999999 2.186064932e-09 0)
(2.999999991 1.352787853e-08 0)
(2.999999953 7.626788589e-08 0)
(3 5.116173223e-15 0)
(3 2.908530431e-15 0)
(3 1.84452942e-15 0)
(3 8.791020159e-16 0)
(3 -8.949732157e-16 0)
(3 -2.627984508e-15 0)
(3 -3.136796376e-15 0)
(3 -4.012091426e-15 0)
(3 -5.635837572e-15 0)
(3 -4.741776623e-15 0)
(3 -5.207670648e-15 0)
(3 -5.849362901e-15 0)
(3 -4.726088971e-15 0)
(3 -3.542786792e-15 0)
(3 -1.01024835e-15 0)
(3 2.388928414e-15 0)
(3 4.306711999e-15 0)
(3 3.960744627e-15 0)
(3 2.526591608e-15 0)
(3 1.42485622e-15 0)
(3 1.015052445e-15 0)
(3 -1.378663703e-15 0)
(3 -3.051030223e-15 0)
(3 -3.738651885e-15 0)
(3 -3.938743636e-15 0)
(3 -3.451716997e-15 0)
(3 -8.84812892e-16 0)
(3 1.364066964e-15 0)
(3 1.63282051e-15 0)
(3 -2.86753373e-14 0)
(3 4.165911621e-13 0)
(3 1.108370331e-13 0)
(3 7.965519394e-12 0)
(3 8.287476252e-15 0)
(3 8.41072879e-15 0)
(3 7.895737348e-15 0)
(3 7.420337272e-15 0)
(3 6.397535194e-15 0)
(3 3.83203081e-15 0)
(3 -7.003353941e-16 0)
(3 -3.143119011e-15 0)
(3 -2.9613662e-15 0)
(3 -3.179152343e-15 0)
(3 -4.153887126e-15 0)
(3 -2.455549166e-15 0)
(3 -1.827703981e-15 0)
(3 -1.39623676e-15 0)
(3 -9.673969245e-16 0)
(3 -3.904575244e-16 0)
(3 -5.330840957e-16 0)
(3 2.011546508e-16 0)
(3 5.962679732e-16 0)
(3 1.71387904e-16 0)
(3 6.116750955e-16 0)
(3 1.105746033e-15 0)
(3 1.12309718e-15 0)
(3 1.809079754e-15 0)
(3 2.042801295e-15 0)
(3 1.369074656e-15 0)
(3 -1.473295033e-16 0)
(3 1.63968442e-16 0)
(3 1.592631545e-15 0)
(3 4.077261104e-15 0)
(3 3.670889024e-15 0)
(3 8.665968851e-16 0)
(3 -7.021045303e-16 0)
(3 9.706072066e-15 0)
(3 8.8903347e-15 0)
(3 8.028255818e-15 0)
(3 6.138533053e-15 0)
(3 4.770184557e-15 0)
(3 3.310468741e-15 0)
(3 1.396612396e-15 0)
(3 4.083662985e-16 0)
(3 3.993311266e-16 0)
(3 -1.072919828e-15 0)
(3 -1.088218123e-15 0)
(3 -5.331360312e-16 0)
(3 -2.996556283e-15 0)
(3 -4.459522878e-15 0)
(3 -5.213436608e-15 0)
(3 -6.693968988e-15 0)
(3 -8.371346933e-15 0)
(3 -8.435219311e-15 0)
(3 -6.991100074e-15 0)
(3 -3.762620111e-15 0)
(3 -1.866623981e-15 0)
(3 -2.905472257e-16 0)
(3 -7.820767927e-17 0)
(3 -7.257242078e-16 0)
(3 -7.629794905e-16 0)
(3 -4.453389039e-16 0)
(3 8.155471087e-16 0)
(3 2.150343633e-15 0)
(3 2.406264384e-15 0)
(3 4.503530226e-15 0)
(3 4.512958083e-15 0)
(3 4.219272564e-15 0)
(3 3.174199036e-15 0)
(3 1.243228297e-14 0)
(3 9.256993562e-15 0)
(3 7.639683585e-15 0)
(3 6.544641065e-15 0)
(3 5.771270778e-15 0)
(3 4.005759423e-15 0)
(3 2.602491187e-15 0)
(3 1.075685033e-15 0)
(3 -1.38073613e-15 0)
(3 -2.301000962e-15 0)
(3 -1.465990765e-15 0)
(3 -1.235076968e-15 0)
(3 -1.571031009e-15 0)
(3 -1.313285e-15 0)
(3 -2.037570871e-15 0)
(3 -5.724814549e-15 0)
(3 -9.101755268e-15 0)
(3 -9.667876433e-15 0)
(3 -8.27650938e-15 0)
(3 -5.248531216e-15 0)
(3 -4.130444178e-15 0)
(3 -4.565139196e-15 0)
(3 -4.064043069e-15 0)
(3 -2.879575631e-15 0)
(3 -1.249665814e-15 0)
(3 2.122518768e-15 0)
(3 3.85050014e-15 0)
(3 5.29916179e-15 0)
(3 5.020438254e-15 0)
(3 4.609030841e-15 0)
(3 1.207880344e-15 0)
(3 -1.164981456e-15 0)
(3 -3.157525998e-15 0)
(3 9.034263443e-15 0)
(3 8.766860803e-15 0)
(3 9.117565259e-15 0)
(3 9.348929422e-15 0)
(3 8.982111065e-15 0)
(3 8.256083302e-15 0)
(3 4.591117355e-15 0)
(3 3.135132374e-15 0)
(3 2.590467872e-15 0)
(3 2.348558031e-15 0)
(3 2.327342623e-15 0)
(3 2.785255393e-15 0)
(3 3.915688642e-15 0)
(3 7.226624686e-15 0)
(3 7.172999898e-15 0)
(3 4.902087244e-15 0)
(3 2.286376323e-15 0)
(3 -1.039481399e-15 0)
(3 -2.836724366e-15 0)
(3 -4.569994472e-15 0)
(3 -5.108603702e-15 0)
(3 -3.513129646e-15 0)
(3 -2.758491987e-15 0)
(3 -8.774832052e-16 0)
(3 2.202216958e-15 0)
(3 3.20248566e-15 0)
(3 3.246170769e-15 0)
(3 1.98769561e-15 0)
(3 2.352877637e-15 0)
(3 6.825608616e-16 0)
(3 -3.693251613e-15 0)
(3 -1.065756571e-14 0)
(3 -1.172031324e-14 0)
(3 9.528311085e-15 0)
(3 1.392139016e-14 0)
(3 1.390331041e-14 0)
(3 1.319803195e-14 0)
(3 1.015683237e-14 0)
(3 5.61989066e-15 0)
(3 4.140099272e-15 0)
(3 4.221620425e-15 0)
(3 8.37776521e-15 0)
(3 9.015336982e-15 0)
(3 8.587320281e-15 0)
(3 7.613274172e-15 0)
(3 6.517224808e-15 0)
(3 5.710128453e-15 0)
(3 4.150114967e-15 0)
(3 2.884796312e-15 0)
(3 2.49205871e-15 0)
(3 1.408599601e-15 0)
(3 1.808693703e-15 0)
(3 7.203680068e-16 0)
(3 3.069745546e-16 0)
(3 4.00565251e-16 0)
(3 -1.405977718e-17 0)
(3 -6.680786929e-16 0)
(3 -1.590099476e-17 0)
(3 -1.833611746e-15 0)
(3 -3.080364576e-15 0)
(3 -5.506526989e-15 0)
(3 -6.601131914e-15 0)
(3 -9.332446408e-15 0)
(3 -1.19348147e-14 0)
(3 -1.35852236e-14 0)
(3 -1.460742179e-14 0)
(3 1.188238271e-14 0)
(3 1.148213542e-14 0)
(3 1.052062322e-14 0)
(3 8.319127691e-15 0)
(3 6.885836998e-15 0)
(3 4.864684938e-15 0)
(3 3.804166088e-15 0)
(3 5.003315012e-15 0)
(3 8.339255845e-15 0)
(3 7.98199178e-15 0)
(3 9.048322693e-15 0)
(3 8.272113303e-15 0)
(3 6.569996583e-15 0)
(3 5.151671864e-15 0)
(3 3.406336635e-15 0)
(3 2.777017945e-15 0)
(3 2.346268992e-15 0)
(3 1.949430431e-15 0)
(3 -6.128711463e-16 0)
(3 -2.583605155e-15 0)
(3 -3.812625248e-15 0)
(3 -5.649317542e-15 0)
(3 -7.223925301e-15 0)
(3 -7.276215539e-15 0)
(3 -6.983309261e-15 0)
(3 -7.181028739e-15 0)
(3 -7.581434072e-15 0)
(3 -9.645893602e-15 0)
(3 -1.455791591e-14 0)
(3 -1.629292721e-14 0)
(3 -1.583618424e-14 0)
(3 -1.413516838e-14 0)
(3 -1.126094621e-14 0)
(3 7.898919014e-15 0)
(3 5.478548988e-15 0)
(3 2.337850375e-15 0)
(3 1.210758806e-15 0)
(3 9.519154711e-16 0)
(3 1.254339103e-15 0)
(3 4.191678572e-16 0)
(3 2.362007361e-15 0)
(3 9.439985746e-15 0)
(3 1.226955773e-14 0)
(3 1.266785446e-14 0)
(3 1.172027028e-14 0)
(3 1.006862841e-14 0)
(3 8.619321189e-15 0)
(3 5.670134807e-15 0)
(3 2.250578459e-15 0)
(3 1.983054098e-15 0)
(3 2.017807206e-15 0)
(3 1.336710564e-15 0)
(3 -7.986782181e-16 0)
(3 -3.678863179e-15 0)
(3 -5.867666352e-15 0)
(3 -8.418302927e-15 0)
(3 -9.505148909e-15 0)
(3 -1.053669325e-14 0)
(3 -1.128879361e-14 0)
(3 -1.032913517e-14 0)
(3 -1.119884767e-14 0)
(3 -1.048687831e-14 0)
(3 -1.071766981e-14 0)
(3 -1.065128141e-14 0)
(3 -1.070261908e-14 0)
(3 -1.250919421e-14 0)
(3 3.635340666e-15 0)
(3 -7.375538147e-16 0)
(3 -2.610261226e-15 0)
(3 -3.330674942e-15 0)
(3 -2.329503161e-15 0)
(3 -1.723924589e-15 0)
(3 -3.663380222e-16 0)
(3 1.462523174e-15 0)
(3 7.14293597e-15 0)
(3 1.067805044e-14 0)
(3 1.200852329e-14 0)
(3 1.223866356e-14 0)
(3 1.061186971e-14 0)
(3 7.395225623e-15 0)
(3 4.800637886e-15 0)
(3 1.655353084e-15 0)
(3 -1.156284049e-15 0)
(3 -1.30823413e-15 0)
(3 6.892674784e-17 0)
(3 3.151653986e-15 0)
(3 2.469688429e-15 0)
(3 2.868041113e-15 0)
(3 1.552237817e-15 0)
(3 -2.04995649e-15 0)
(3 -6.158080872e-15 0)
(3 -8.51894261e-15 0)
(3 -1.070971279e-14 0)
(3 -1.074692947e-14 0)
(3 -9.083405789e-15 0)
(3 -1.298447125e-14 0)
(3 -1.460928411e-14 0)
(3 -1.640207176e-14 0)
(3 -1.658640253e-14 0)
(3 2.465943187e-15 0)
(3 -1.736807812e-15 0)
(3 -3.560605835e-15 0)
(3 -3.921915269e-15 0)
(3 -2.810244264e-15 0)
(3 2.553101604e-17 0)
(3 -1.820415691e-16 0)
(3 -2.736368673e-16 0)
(3 2.729221568e-15 0)
(3 4.226629953e-15 0)
(3 4.070848177e-15 0)
(3 3.716399333e-15 0)
(3 3.164336079e-15 0)
(3 2.702307909e-15 0)
(3 1.824762871e-15 0)
(3 3.126716608e-15 0)
(3 3.141665417e-15 0)
(3 2.759060498e-15 0)
(3 3.50181963e-15 0)
(3 6.347757315e-15 0)
(3 1.035638857e-14 0)
(3 1.145723896e-14 0)
(3 1.307908317e-14 0)
(3 7.611265451e-15 0)
(3 6.636813846e-15 0)
(3 5.569898247e-15 0)
(3 1.247013712e-15 0)
(3 -2.377618401e-15 0)
(3 -4.075265069e-15 0)
(3 -7.673715256e-15 0)
(3 -8.190880632e-15 0)
(3 -9.047663361e-15 0)
(3 -9.135554067e-15 0)
(3 3.812937508e-15 0)
(3 2.758312458e-15 0)
(3 1.26585049e-15 0)
(3 2.057847312e-15 0)
(3 4.680767491e-15 0)
(3 7.241556421e-15 0)
(3 6.66805222e-15 0)
(3 4.855038806e-15 0)
(3 2.165754112e-17 0)
(3 -3.559165201e-15 0)
(3 -4.16223444e-15 0)
(3 -3.802993605e-15 0)
(3 -2.564151131e-15 0)
(3 -3.368276968e-15 0)
(3 -4.209681002e-15 0)
(3 -3.556392944e-15 0)
(3 -2.133189854e-15 0)
(3 5.534042017e-17 0)
(3 3.26406812e-15 0)
(3 6.807455357e-15 0)
(3 1.065003663e-14 0)
(3 1.565983205e-14 0)
(3 1.821378476e-14 0)
(3 1.727898371e-14 0)
(3 1.52692621e-14 0)
(3 1.099428859e-14 0)
(3 8.61906074e-15 0)
(3 5.773799184e-15 0)
(3 1.511100931e-15 0)
(3 1.042871341e-15 0)
(3 2.125892572e-15 0)
(3 2.014279131e-15 0)
(3 -5.371894885e-16 0)
(3 -3.438107654e-16 0)
(3 5.314868267e-16 0)
(3 -8.158686345e-16 0)
(3 -2.405795561e-15 0)
(3 -2.098068386e-16 0)
(3 1.474538455e-15 0)
(3 1.120361564e-15 0)
(3 7.213087883e-16 0)
(3 -5.406558443e-15 0)
(3 -8.830714029e-15 0)
(3 -1.028760622e-14 0)
(3 -9.165633489e-15 0)
(3 -7.533507259e-15 0)
(3 -7.066282279e-15 0)
(3 -4.909515683e-15 0)
(3 -4.198969766e-15 0)
(3 -1.105534294e-15 0)
(3 1.991434523e-15 0)
(3 6.614809308e-15 0)
(3 7.93023511e-15 0)
(3 7.866854957e-15 0)
(3 8.131088872e-15 0)
(3 9.476228901e-15 0)
(3 1.151782985e-14 0)
(3 1.318619895e-14 0)
(3 1.288258333e-14 0)
(3 1.118636599e-14 0)
(3 9.304629863e-15 0)
(3 6.236027592e-15 0)
(3 3.536212381e-15 0)
(3 1.909114802e-15 0)
(3 8.235587583e-16 0)
(3 6.705319435e-16 0)
(3 -4.656303702e-15 0)
(3 -5.18356685e-15 0)
(3 -7.495132495e-15 0)
(3 -8.701538248e-15 0)
(3 -9.192499981e-15 0)
(3 -8.467765822e-15 0)
(3 -7.567244813e-15 0)
(3 -6.543536661e-15 0)
(3 -7.657645723e-15 0)
(3 -1.113172407e-14 0)
(3 -1.168265933e-14 0)
(3 -1.224889276e-14 0)
(3 -1.095528589e-14 0)
(3 -9.360068984e-15 0)
(3 -5.127081956e-15 0)
(3 9.460547829e-16 0)
(3 2.874936018e-15 0)
(3 5.251024516e-15 0)
(3 6.432096604e-15 0)
(3 7.823433268e-15 0)
(3 8.779593343e-15 0)
(3 8.306437819e-15 0)
(3 5.473677562e-15 0)
(3 4.245079613e-15 0)
(3 4.356011013e-15 0)
(3 4.201264664e-15 0)
(3 2.578281102e-15 0)
(3 1.184932624e-15 0)
(3 1.262965738e-15 0)
(3 1.578843981e-15 0)
(3 2.578852776e-15 0)
(3 7.088598265e-15 0)
(3 9.593214457e-15 0)
(3 -1.51710985e-14 0)
(3 -1.309365431e-14 0)
(3 -1.165490298e-14 0)
(3 -9.031655532e-15 0)
(3 -7.849342792e-15 0)
(3 -7.111107425e-15 0)
(3 -4.801979905e-15 0)
(3 -4.098761758e-15 0)
(3 -2.245994551e-15 0)
(3 -6.78563428e-15 0)
(3 -1.023713616e-14 0)
(3 -1.05734869e-14 0)
(3 -1.044639662e-14 0)
(3 -7.607993419e-15 0)
(3 -6.014521828e-15 0)
(3 -3.757700019e-15 0)
(3 -3.886862263e-15 0)
(3 -3.262892092e-15 0)
(3 -1.880948989e-15 0)
(3 1.583622532e-15 0)
(3 6.838113614e-15 0)
(3 8.7118777e-15 0)
(3 7.144495274e-15 0)
(3 4.113072164e-15 0)
(3 5.045748843e-16 0)
(3 2.398019988e-16 0)
(3 2.266439611e-16 0)
(3 7.639719244e-16 0)
(3 3.792388515e-15 0)
(3 7.348884464e-15 0)
(3 7.751616006e-15 0)
(3 9.052860195e-15 0)
(3 1.08437461e-14 0)
(3 -2.056894043e-14 0)
(3 -1.910778964e-14 0)
(3 -1.770036601e-14 0)
(3 -1.571719438e-14 0)
(3 -1.475951034e-14 0)
(3 -1.367232397e-14 0)
(3 -1.147387635e-14 0)
(3 -8.662838812e-15 0)
(3 -8.364554918e-15 0)
(3 -5.052267041e-15 0)
(3 -4.412625755e-15 0)
(3 -1.462860538e-15 0)
(3 1.150517007e-15 0)
(3 3.523871506e-15 0)
(3 3.656539382e-15 0)
(3 2.435662692e-15 0)
(3 1.205496801e-15 0)
(3 7.027279593e-16 0)
(3 3.059284109e-15 0)
(3 4.211294671e-15 0)
(3 3.809782305e-15 0)
(3 5.082185748e-15 0)
(3 5.231151591e-15 0)
(3 1.492568034e-15 0)
(3 1.26776259e-15 0)
(3 1.668304022e-15 0)
(3 1.734782084e-15 0)
(3 4.14707273e-15 0)
(3 5.689050809e-15 0)
(3 7.161479746e-15 0)
(3 7.997201729e-15 0)
(3 9.474665543e-15 0)
(3 1.023173569e-14 0)
(3 -1.350985533e-14 0)
(3 -1.123285928e-14 0)
(3 -9.716021687e-15 0)
(3 -9.786488052e-15 0)
(3 -1.040751914e-14 0)
(3 -1.010170955e-14 0)
(3 -9.563586171e-15 0)
(3 -6.413632778e-15 0)
(3 -4.703066609e-15 0)
(3 -2.940380604e-15 0)
(3 -3.344329257e-15 0)
(3 -3.974546351e-15 0)
(3 -3.841363373e-15 0)
(3 -3.116122461e-15 0)
(3 -1.008684918e-15 0)
(3 8.191431372e-16 0)
(3 2.790272134e-15 0)
(3 5.944773992e-16 0)
(3 -9.294471577e-16 0)
(3 -2.319881948e-15 0)
(3 -4.279650441e-15 0)
(3 -6.503568287e-15 0)
(3 -6.872794486e-15 0)
(3 -1.369707891e-15 0)
(3 1.362337829e-15 0)
(3 5.081425616e-16 0)
(3 1.110540246e-15 0)
(3 3.721539362e-15 0)
(3 5.478976807e-15 0)
(3 8.071606375e-15 0)
(3 8.718688778e-15 0)
(3 8.920776689e-15 0)
(3 9.006015709e-15 0)
(3 1.569414484e-17 0)
(3 3.884717981e-15 0)
(3 7.646107596e-15 0)
(3 7.467952099e-15 0)
(3 7.489884521e-15 0)
(3 7.327574092e-15 0)
(3 7.037430061e-15 0)
(3 5.832228944e-15 0)
(3 5.75005508e-15 0)
(3 7.032579466e-15 0)
(3 8.645370977e-15 0)
(3 6.543935918e-15 0)
(3 5.330859589e-15 0)
(3 5.123311044e-15 0)
(3 6.72683519e-15 0)
(3 6.242370915e-15 0)
(3 6.137073479e-15 0)
(3 2.836185082e-15 0)
(3 -3.155604973e-16 0)
(3 -2.421875479e-15 0)
(3 -2.879696156e-15 0)
(3 -2.816033508e-15 0)
(3 -1.992528e-15 0)
(3 -3.110045278e-16 0)
(3 -5.740896847e-16 0)
(3 1.156091329e-15 0)
(3 3.310809475e-15 0)
(3 4.193245412e-15 0)
(3 4.346040397e-15 0)
(3 5.230854939e-15 0)
(3 6.226552385e-15 0)
(3 6.684715223e-15 0)
(3 7.934087564e-15 0)
(3 3.957718525e-15 0)
(3 7.665411262e-15 0)
(3 1.21011722e-14 0)
(3 1.412955969e-14 0)
(3 1.771953781e-14 0)
(3 1.851053806e-14 0)
(3 1.794445021e-14 0)
(3 1.809334136e-14 0)
(3 1.987811319e-14 0)
(3 2.23029156e-14 0)
(3 2.572104243e-14 0)
(3 2.640136133e-14 0)
(3 2.347737845e-14 0)
(3 1.766456083e-14 0)
(3 1.497884027e-14 0)
(3 1.374132336e-14 0)
(3 1.114787041e-14 0)
(3 6.18898363e-15 0)
(3 4.892541186e-15 0)
(3 3.938330215e-15 0)
(3 2.292867925e-15 0)
(3 2.661786578e-15 0)
(3 3.782649578e-15 0)
(3 3.648294842e-15 0)
(3 2.99175488e-16 0)
(3 -1.345519162e-15 0)
(3 -1.171189863e-16 0)
(3 1.347533259e-15 0)
(3 2.653330115e-15 0)
(3 2.211405052e-15 0)
(3 2.576857182e-15 0)
(3 3.603384921e-15 0)
(3 4.903853665e-15 0)
(3 1.411676731e-14 0)
(3 1.700017592e-14 0)
(3 2.170537704e-14 0)
(3 2.366427569e-14 0)
(3 2.827175364e-14 0)
(3 3.363163057e-14 0)
(3 3.691833951e-14 0)
(3 3.624010155e-14 0)
(3 3.445038464e-14 0)
(3 3.167813086e-14 0)
(3 2.640389895e-14 0)
(3 2.477263624e-14 0)
(3 1.905591864e-14 0)
(3 1.822851472e-14 0)
(3 1.627066891e-14 0)
(3 1.531020357e-14 0)
(3 1.374761696e-14 0)
(3 1.496806589e-14 0)
(3 1.7016201e-14 0)
(3 1.45714452e-14 0)
(3 1.093057226e-14 0)
(3 8.607133815e-15 0)
(3 8.242284207e-15 0)
(3 8.430224344e-15 0)
(3 7.823645858e-15 0)
(3 6.269352985e-15 0)
(3 4.502012095e-15 0)
(3 2.077981868e-15 0)
(3 9.372333059e-16 0)
(3 -1.232298251e-15 0)
(3 -1.349346783e-15 0)
(3 -3.926250724e-16 0)
(3 1.487152814e-16 0)
(3 2.919592594e-14 0)
(3 3.192923437e-14 0)
(3 3.237749792e-14 0)
(3 3.228055737e-14 0)
(3 3.240515286e-14 0)
(3 3.510840011e-14 0)
(3 4.000908801e-14 0)
(3 3.831870844e-14 0)
(3 3.796787351e-14 0)
(3 3.841331169e-14 0)
(3 3.362353167e-14 0)
(3 3.23602475e-14 0)
(3 3.343034042e-14 0)
(3 3.418328763e-14 0)
(3 3.168109297e-14 0)
(3 3.104628125e-14 0)
(3 3.122748207e-14 0)
(3 2.990013189e-14 0)
(3 2.864795635e-14 0)
(3 2.246467596e-14 0)
(3 1.459889161e-14 0)
(3 1.192740487e-14 0)
(3 9.813679488e-15 0)
(3 1.02541649e-14 0)
(3 1.125047734e-14 0)
(3 1.260222169e-14 0)
(3 1.245850503e-14 0)
(3 8.815557104e-15 0)
(3 7.561680544e-15 0)
(3 5.676522234e-15 0)
(3 3.882538742e-15 0)
(3 2.251409358e-15 0)
(3 2.191809321e-16 0)
(3 3.554987811e-14 0)
(3 3.794463365e-14 0)
(3 3.632472586e-14 0)
(3 3.570648111e-14 0)
(3 3.375535303e-14 0)
(3 3.416020333e-14 0)
(3 3.351051846e-14 0)
(3 3.063715689e-14 0)
(3 3.121193021e-14 0)
(3 3.090338811e-14 0)
(3 3.060316272e-14 0)
(3 3.057242632e-14 0)
(3 3.111567285e-14 0)
(3 3.039816741e-14 0)
(3 2.784180597e-14 0)
(3 2.520569341e-14 0)
(3 2.816402516e-14 0)
(3 2.966822486e-14 0)
(3 3.067546933e-14 0)
(3 2.962985572e-14 0)
(3 2.454395064e-14 0)
(3 1.952842124e-14 0)
(3 1.761391156e-14 0)
(3 1.725097354e-14 0)
(3 1.922071325e-14 0)
(3 1.928899826e-14 0)
(3 1.762045839e-14 0)
(3 1.625660906e-14 0)
(3 1.282821732e-14 0)
(3 1.001888588e-14 0)
(3 6.00956365e-15 0)
(3 3.626171428e-16 0)
(3 -2.138384221e-15 0)
(3 2.110156095e-14 0)
(3 1.855565092e-14 0)
(3 1.696970151e-14 0)
(3 1.74100022e-14 0)
(3 1.636525021e-14 0)
(3 1.533182301e-14 0)
(3 1.368865834e-14 0)
(3 1.396126969e-14 0)
(3 1.31117365e-14 0)
(3 1.258854443e-14 0)
(3 1.421948921e-14 0)
(3 1.487036616e-14 0)
(3 1.435845369e-14 0)
(3 1.41926175e-14 0)
(3 1.421835974e-14 0)
(3 1.472225592e-14 0)
(3 2.001919352e-14 0)
(3 2.447835166e-14 0)
(3 2.517411511e-14 0)
(3 2.418486983e-14 0)
(3 2.235001469e-14 0)
(3 2.26927173e-14 0)
(3 2.325715057e-14 0)
(3 2.297600899e-14 0)
(3 2.07582478e-14 0)
(3 1.850211382e-14 0)
(3 1.7738124e-14 0)
(3 1.678913222e-14 0)
(3 1.355704116e-14 0)
(3 9.033789785e-15 0)
(3 3.976321306e-15 0)
(3 -1.099482377e-15 0)
(3 -6.428759143e-15 0)
(3 4.395274165e-15 0)
(3 2.770126029e-15 0)
(3 3.293614252e-15 0)
(3 1.06261421e-15 0)
(3 2.754333492e-15 0)
(3 4.519579134e-15 0)
(3 3.183814754e-15 0)
(3 2.779992862e-15 0)
(3 2.083422794e-15 0)
(3 2.948246727e-16 0)
(3 -1.096071826e-14 0)
(3 -7.378960835e-15 0)
(3 -8.629178922e-15 0)
(3 -9.984539764e-15 0)
(3 -8.620476281e-15 0)
(3 -6.53765679e-15 0)
(3 -1.532538741e-15 0)
(3 2.053475924e-15 0)
(3 2.436585474e-15 0)
(3 5.874564872e-16 0)
(3 2.42627873e-15 0)
(3 8.28358838e-15 0)
(3 8.031775669e-15 0)
(3 5.920672734e-15 0)
(3 3.753990537e-15 0)
(3 2.096800865e-15 0)
(3 -5.007400231e-16 0)
(3 -5.422018972e-15 0)
(3 -1.359849517e-14 0)
(3 -2.054155026e-14 0)
(3 -1.91786962e-14 0)
(3 -1.996974215e-14 0)
(3 -1.777861873e-14 0)
(3 -1.66731314e-14 0)
(3 -1.492213351e-14 0)
(3 -1.718527803e-14 0)
(3 -1.444857002e-14 0)
(3 -8.529045765e-15 0)
(3 -3.722650156e-15 0)
(3 -7.808610878e-16 0)
(3 1.125031026e-15 0)
(3 -2.65608635e-16 0)
(3 -2.569035239e-15 0)
(3 -8.106598875e-15 0)
(3 -7.265843717e-15 0)
(3 -8.422965331e-15 0)
(3 -1.09452858e-14 0)
(3 -1.061987725e-14 0)
(3 -7.675274414e-15 0)
(3 -4.83527232e-15 0)
(3 1.981102352e-15 0)
(3 1.108395483e-14 0)
(3 1.263724162e-14 0)
(3 1.261626051e-14 0)
(3 8.659361503e-15 0)
(3 8.649316138e-15 0)
(3 9.446613717e-15 0)
(3 8.412735618e-15 0)
(3 5.709037594e-15 0)
(3 -6.88729546e-16 0)
(3 -2.828107979e-15 0)
(3 -6.58391998e-15 0)
(3 -1.054612273e-14 0)
(3 -1.08711387e-14 0)
(3 -1.225687866e-14 0)
(3 -1.240476256e-14 0)
(3 -1.264599376e-14 0)
(3 -1.601854238e-14 0)
(3 -1.706524189e-14 0)
(3 -1.52331164e-14 0)
(3 -1.257875919e-14 0)
(3 -9.619261211e-15 0)
(3 -5.161669266e-15 0)
(3 -4.145076937e-17 0)
(3 3.038545924e-16 0)
(3 5.305565751e-16 0)
(3 -2.463190254e-15 0)
(3 -4.810591881e-15 0)
(3 -8.841088187e-15 0)
(3 -8.08188006e-15 0)
(3 -7.694618009e-15 0)
(3 -5.717126744e-15 0)
(3 -5.386593222e-15 0)
(3 -4.794972439e-15 0)
(3 -3.947055946e-15 0)
(3 -1.385662518e-15 0)
(3 -9.450676735e-16 0)
(3 -3.914809007e-16 0)
(3 3.994116742e-15 0)
(3 5.741081314e-15 0)
(3 5.013953862e-15 0)
(3 2.334353817e-15 0)
(3 -2.411105693e-15 0)
(3 -4.406390498e-15 0)
(3 -9.363788533e-15 0)
(3 -9.539158179e-15 0)
(3 -8.834198867e-15 0)
(3 -8.421761387e-15 0)
(3 -8.042021245e-15 0)
(3 -7.42335065e-15 0)
(3 -1.095037373e-14 0)
(3 -1.019849494e-14 0)
(3 -8.907364248e-15 0)
(3 -8.322602272e-15 0)
(3 -7.757848276e-15 0)
(3 -8.015193628e-15 0)
(3 -6.730753467e-15 0)
(3 -3.48356723e-15 0)
(3 -2.767035462e-15 0)
(3 1.096741696e-14 0)
(3 1.332025211e-14 0)
(3 1.247977212e-14 0)
(3 8.140134526e-15 0)
(3 6.497017582e-15 0)
(3 1.22306756e-15 0)
(3 -2.962434862e-15 0)
(3 -5.885317029e-15 0)
(3 -7.679271008e-15 0)
(3 -6.021755648e-15 0)
(3 -4.357943558e-15 0)
(3 -2.20403685e-16 0)
(3 2.418555575e-15 0)
(3 2.605375019e-15 0)
(3 4.240336014e-16 0)
(3 -2.065628492e-15 0)
(3 -6.229765998e-15 0)
(3 -1.017037923e-14 0)
(3 -9.311541212e-15 0)
(3 -9.994278016e-15 0)
(3 -5.244458233e-15 0)
(3 -4.35989041e-15 0)
(3 -3.862482545e-15 0)
(3 -3.017056778e-15 0)
(3 -2.967612628e-15 0)
(3 -2.115925177e-15 0)
(3 -2.211796213e-15 0)
(3 -1.706224066e-15 0)
(3 -1.321313396e-15 0)
(3 -2.087945827e-15 0)
(3 -1.595764019e-15 0)
(3 -2.597696868e-15 0)
(3 -4.452202829e-15 0)
(3 1.529593586e-14 0)
(3 2.097338514e-14 0)
(3 2.540455163e-14 0)
(3 2.044061673e-14 0)
(3 1.307868252e-14 0)
(3 5.194510607e-15 0)
(3 -3.618140864e-15 0)
(3 -1.861481393e-15 0)
(3 6.162334981e-16 0)
(3 2.253544153e-15 0)
(3 3.316457288e-15 0)
(3 2.782700416e-15 0)
(3 3.23838107e-15 0)
(3 2.531989601e-15 0)
(3 1.597063898e-15 0)
(3 -8.323098641e-16 0)
(3 -1.769668671e-15 0)
(3 -4.992541814e-15 0)
(3 -3.882869309e-16 0)
(3 4.40989423e-15 0)
(3 3.24767116e-15 0)
(3 1.70736969e-15 0)
(3 4.787428079e-16 0)
(3 -3.345180935e-16 0)
(3 -2.412372624e-16 0)
(3 -4.186317098e-18 0)
(3 -1.98154634e-16 0)
(3 -4.618729143e-16 0)
(3 -2.787825003e-15 0)
(3 -3.002360877e-15 0)
(3 -5.236693349e-15 0)
(3 -8.047093648e-15 0)
(3 -7.366405314e-15 0)
(3 1.728866938e-14 0)
(3 1.324880596e-14 0)
(3 1.167706927e-14 0)
(3 7.78758009e-15 0)
(3 -1.430016234e-15 0)
(3 -6.628360701e-15 0)
(3 -5.629510258e-15 0)
(3 4.144486403e-16 0)
(3 7.10773761e-15 0)
(3 5.080870456e-15 0)
(3 7.505342247e-15 0)
(3 6.134052147e-15 0)
(3 6.6726925e-15 0)
(3 4.996361126e-15 0)
(3 3.861298638e-15 0)
(3 2.4744803e-15 0)
(3 3.750044404e-15 0)
(3 2.633245152e-15 0)
(3 8.737069963e-15 0)
(3 1.340043867e-14 0)
(3 1.216862369e-14 0)
(3 7.640103048e-15 0)
(3 6.326576169e-15 0)
(3 4.083971487e-15 0)
(3 2.918083245e-15 0)
(3 4.386360665e-15 0)
(3 3.126676445e-15 0)
(3 -2.430416868e-15 0)
(3 -8.596015648e-15 0)
(3 -1.157138593e-14 0)
(3 -1.28707976e-14 0)
(3 -1.340508693e-14 0)
(3 -1.220644095e-14 0)
(3 2.011166889e-14 0)
(3 1.963065802e-14 0)
(3 1.833456572e-14 0)
(3 1.797273608e-14 0)
(3 1.498666232e-14 0)
(3 1.276408272e-14 0)
(3 1.225165077e-14 0)
(3 1.197335614e-14 0)
(3 8.269309564e-15 0)
(3 5.053563223e-15 0)
(3 2.795788249e-15 0)
(3 3.834565797e-15 0)
(3 4.604049162e-15 0)
(3 6.765772506e-15 0)
(3 6.3378251e-15 0)
(3 6.771320742e-15 0)
(3 6.187644559e-15 0)
(3 1.253290563e-14 0)
(3 1.729552589e-14 0)
(3 1.694667299e-14 0)
(3 1.788571704e-14 0)
(3 1.723049843e-14 0)
(3 1.325582653e-14 0)
(3 9.700658953e-15 0)
(3 6.383766187e-15 0)
(3 4.572237329e-15 0)
(3 1.923469886e-15 0)
(3 -4.934447108e-15 0)
(3 -1.441219078e-14 0)
(3 -1.85276737e-14 0)
(3 -1.786008969e-14 0)
(3 -1.397653396e-14 0)
(3 -1.098142677e-14 0)
(3 1.385168326e-14 0)
(3 1.751484464e-14 0)
(3 1.683340816e-14 0)
(3 1.512901869e-14 0)
(3 1.428385722e-14 0)
(3 1.186944202e-14 0)
(3 1.21656748e-14 0)
(3 1.005018042e-14 0)
(3 5.323786963e-15 0)
(3 4.255881518e-15 0)
(3 2.064539526e-15 0)
(3 1.737586686e-15 0)
(3 1.908128374e-15 0)
(3 4.411386881e-15 0)
(3 3.585523901e-15 0)
(3 4.64203092e-15 0)
(3 6.867915697e-15 0)
(3 1.431467777e-14 0)
(3 1.532327747e-14 0)
(3 1.385293229e-14 0)
(3 1.303393557e-14 0)
(3 1.400296788e-14 0)
(3 1.525438979e-14 0)
(3 1.899820243e-14 0)
(3 1.26178766e-14 0)
(3 6.550346817e-15 0)
(3 -3.886421667e-15 0)
(3 -9.247323857e-15 0)
(3 -1.394052415e-14 0)
(3 -1.814987678e-14 0)
(3 -1.761746715e-14 0)
(3 -1.56669748e-14 0)
(3 -1.107570493e-14 0)
(3 9.388834856e-15 0)
(3 1.10022533e-14 0)
(3 1.16699331e-14 0)
(3 9.623563384e-15 0)
(3 8.418952353e-15 0)
(3 5.467709216e-15 0)
(3 3.742770804e-15 0)
(3 1.435348107e-15 0)
(3 7.906802968e-16 0)
(3 -1.693934111e-16 0)
(3 -1.072139662e-15 0)
(3 -2.687999584e-15 0)
(3 -4.581329221e-15 0)
(3 -6.305462672e-15 0)
(3 -3.559831953e-15 0)
(3 -5.289619609e-15 0)
(3 -8.054175191e-16 0)
(3 -4.148939147e-16 0)
(3 4.990944604e-15 0)
(3 7.874715e-15 0)
(3 8.202243813e-15 0)
(3 9.388060436e-15 0)
(3 1.210849498e-14 0)
(3 1.54831748e-14 0)
(3 1.475878649e-14 0)
(3 8.370438449e-15 0)
(3 3.289146668e-15 0)
(3 -1.066340458e-15 0)
(3 -6.471173829e-15 0)
(3 -7.413022544e-15 0)
(3 -6.320910978e-15 0)
(3 -6.625997197e-15 0)
(3 -9.265549892e-15 0)
(3 4.093545438e-15 0)
(3 4.802930229e-15 0)
(3 9.98546183e-15 0)
(3 9.907338023e-15 0)
(3 7.512346092e-15 0)
(3 3.93943613e-15 0)
(3 -1.53010144e-15 0)
(3 -2.269716348e-15 0)
(3 -1.489166608e-15 0)
(3 -6.626562954e-16 0)
(3 -1.527202628e-15 0)
(3 -4.299923335e-15 0)
(3 -1.166834499e-14 0)
(3 -1.754509623e-14 0)
(3 -1.518089372e-14 0)
(3 -1.602877581e-14 0)
(3 -1.494564309e-14 0)
(3 -1.362253288e-14 0)
(3 -7.50437076e-15 0)
(3 -8.60160202e-16 0)
(3 6.939831843e-15 0)
(3 9.866984026e-15 0)
(3 9.577925644e-15 0)
(3 1.008679161e-14 0)
(3 1.156484136e-14 0)
(3 1.275488476e-14 0)
(3 8.486374429e-15 0)
(3 5.17989185e-15 0)
(3 1.485981414e-16 0)
(3 -8.206262718e-16 0)
(3 -2.901468957e-15 0)
(3 -3.896035919e-15 0)
(3 -8.54694569e-15 0)
(3 4.345055033e-15 0)
(3 5.794229236e-15 0)
(3 7.423713677e-15 0)
(3 1.162822142e-14 0)
(3 8.470802399e-15 0)
(3 5.997909224e-15 0)
(3 3.662828492e-16 0)
(3 -7.961091705e-16 0)
(3 -4.923439374e-15 0)
(3 -2.298192751e-15 0)
(3 -1.71709561e-15 0)
(3 -2.644405853e-15 0)
(3 -1.009744637e-14 0)
(3 -1.753492e-14 0)
(3 -2.160946854e-14 0)
(3 -1.70201894e-14 0)
(3 -1.91066848e-14 0)
(3 -1.730429622e-14 0)
(3 -1.414856232e-14 0)
(3 -5.635343795e-15 0)
(3 1.857983854e-16 0)
(3 5.753238864e-15 0)
(3 6.444271132e-15 0)
(3 5.415266095e-15 0)
(3 1.07196652e-14 0)
(3 1.161499404e-14 0)
(3 1.048839079e-14 0)
(3 1.169026018e-14 0)
(3 8.333216756e-15 0)
(3 6.184179667e-15 0)
(3 6.674023526e-16 0)
(3 -1.943838572e-15 0)
(3 -2.698655762e-15 0)
(3 3.511775245e-15 0)
(3 6.84832397e-15 0)
(3 7.037941609e-15 0)
(3 9.367018391e-15 0)
(3 1.192433237e-14 0)
(3 1.351527094e-14 0)
(3 1.316835931e-14 0)
(3 1.068721856e-14 0)
(3 8.44671003e-15 0)
(3 4.247267415e-15 0)
(3 1.818321247e-15 0)
(3 6.280167187e-16 0)
(3 -4.440285385e-15 0)
(3 -1.185440347e-14 0)
(3 -1.412261943e-14 0)
(3 -1.543395253e-14 0)
(3 -1.115366661e-14 0)
(3 -1.27845909e-14 0)
(3 -1.239220906e-14 0)
(3 -1.122129836e-14 0)
(3 -6.571700395e-15 0)
(3 3.42623509e-15 0)
(3 7.206621557e-15 0)
(3 6.60757516e-15 0)
(3 3.481721318e-15 0)
(3 4.163345262e-15 0)
(3 5.292259713e-15 0)
(3 1.017351071e-14 0)
(3 1.299103035e-14 0)
(3 1.30363509e-14 0)
(3 8.332773e-15 0)
(3 5.778712575e-15 0)
(3 5.230886004e-15 0)
(3 7.30249313e-15 0)
(3 1.238596667e-14 0)
(3 1.210326147e-14 0)
(3 1.438397626e-14 0)
(3 1.882721264e-14 0)
(3 2.125706989e-14 0)
(3 2.313304266e-14 0)
(3 2.451217164e-14 0)
(3 2.279294808e-14 0)
(3 1.460921285e-14 0)
(3 7.078432565e-15 0)
(3 1.674342009e-15 0)
(3 -2.398364307e-15 0)
(3 -4.003501994e-15 0)
(3 -5.462015267e-15 0)
(3 -8.316286135e-15 0)
(3 -8.99514841e-15 0)
(3 -1.08271066e-14 0)
(3 -1.46943754e-14 0)
(3 -1.386225478e-14 0)
(3 -1.201562885e-14 0)
(3 -1.034816584e-14 0)
(3 -7.400054645e-15 0)
(3 -7.078123834e-15 0)
(3 -3.026663225e-15 0)
(3 2.777812268e-15 0)
(3 6.63968743e-15 0)
(3 1.263766922e-14 0)
(3 2.011442597e-14 0)
(3 1.91174612e-14 0)
(3 1.500757286e-14 0)
(3 9.735042521e-15 0)
(3 7.938407755e-15 0)
(3 1.712059696e-14 0)
(3 2.039197125e-14 0)
(3 2.148034502e-14 0)
(3 2.39769267e-14 0)
(3 2.510397149e-14 0)
(3 2.420241911e-14 0)
(3 2.31037063e-14 0)
(3 2.357435591e-14 0)
(3 2.127332252e-14 0)
(3 1.882753641e-14 0)
(3 1.443450003e-14 0)
(3 7.429528385e-15 0)
(3 5.306369727e-15 0)
(3 7.029761122e-15 0)
(3 3.348911124e-15 0)
(3 1.72757824e-15 0)
(3 -2.820268256e-15 0)
(3 -5.734407052e-15 0)
(3 -6.547425754e-15 0)
(3 -4.395163907e-15 0)
(3 -2.949451839e-15 0)
(3 -3.372332364e-15 0)
(3 -4.979299901e-15 0)
(3 -6.848203825e-15 0)
(3 -2.713494326e-15 0)
(3 4.940654062e-16 0)
(3 5.784991997e-15 0)
(3 1.311540154e-14 0)
(3 1.785919657e-14 0)
(3 1.900882092e-14 0)
(3 1.755044856e-14 0)
(3 1.421963147e-14 0)
(3 1.024507177e-14 0)
(3 9.276114419e-15 0)
(3 1.284507285e-14 0)
(3 1.680675901e-14 0)
(3 1.609389639e-14 0)
(3 1.445713209e-14 0)
(3 1.618264784e-14 0)
(3 1.894594742e-14 0)
(3 1.975394993e-14 0)
(3 1.899429656e-14 0)
(3 1.433762021e-14 0)
(3 1.331324661e-14 0)
(3 1.170966088e-14 0)
(3 9.209275291e-15 0)
(3 1.337783204e-14 0)
(3 1.270799596e-14 0)
(3 5.066524594e-15 0)
(3 -8.030511459e-16 0)
(3 -9.558685344e-16 0)
(3 4.619650664e-15 0)
(3 4.15821281e-15 0)
(3 3.412519814e-15 0)
(3 3.016882042e-17 0)
(3 -3.084494723e-15 0)
(3 -3.280929288e-15 0)
(3 -1.717008401e-15 0)
(3 8.765330929e-16 0)
(3 1.872109883e-15 0)
(3 6.026337999e-15 0)
(3 7.546447585e-15 0)
(3 1.20950196e-14 0)
(3 1.499032644e-14 0)
(3 1.639542601e-14 0)
(3 1.466110632e-14 0)
(3 3.724643673e-15 0)
(3 4.321290486e-15 0)
(3 3.248049096e-15 0)
(3 -3.865925145e-15 0)
(3 -3.814882084e-15 0)
(3 -6.195511857e-16 0)
(3 7.742080712e-15 0)
(3 1.103578254e-14 0)
(3 1.355872618e-14 0)
(3 1.37034085e-14 0)
(3 8.371547895e-15 0)
(3 6.308303584e-15 0)
(3 9.809068768e-15 0)
(3 1.163472883e-14 0)
(3 1.078642557e-14 0)
(3 6.982730115e-15 0)
(3 1.486939996e-15 0)
(3 4.166003816e-16 0)
(3 3.342096247e-15 0)
(3 2.98760075e-15 0)
(3 -2.357631628e-15 0)
(3 -5.892375329e-15 0)
(3 -5.474039491e-15 0)
(3 -1.033252865e-15 0)
(3 -5.436713547e-16 0)
(3 -1.502131201e-15 0)
(3 -1.392796279e-15 0)
(3 -1.602463321e-15 0)
(3 -1.351576429e-15 0)
(3 3.487905522e-15 0)
(3 5.690227462e-15 0)
(3 6.623920412e-15 0)
(3 8.921159342e-15 0)
(3 9.048982271e-16 0)
(3 -1.535982665e-15 0)
(3 3.536745387e-16 0)
(3 -4.425097933e-15 0)
(3 -6.907289151e-15 0)
(3 -4.712663077e-15 0)
(3 -3.710765277e-15 0)
(3 -1.20302941e-15 0)
(3 2.614019495e-16 0)
(3 3.835070142e-15 0)
(3 4.789559222e-15 0)
(3 6.638934347e-15 0)
(3 1.178403789e-14 0)
(3 9.958728846e-15 0)
(3 1.045881712e-14 0)
(3 1.36252763e-14 0)
(3 1.398929917e-14 0)
(3 7.481532634e-15 0)
(3 -4.140536203e-15 0)
(3 -5.280822272e-15 0)
(3 -5.177797094e-15 0)
(3 -4.734352028e-15 0)
(3 -1.033677892e-15 0)
(3 -2.522395628e-16 0)
(3 -1.476742174e-15 0)
(3 -5.832810473e-15 0)
(3 -9.673943985e-15 0)
(3 -1.100120677e-14 0)
(3 -1.164842173e-14 0)
(3 -8.525587917e-15 0)
(3 -1.622777087e-15 0)
(3 2.19864135e-15 0)
(3 5.518662583e-15 0)
(3 -8.975945574e-15 0)
(3 -9.881777175e-15 0)
(3 -8.603606616e-15 0)
(3 -6.02729915e-15 0)
(3 -4.920479031e-15 0)
(3 -1.789164565e-15 0)
(3 -3.631938021e-16 0)
(3 -1.101352945e-15 0)
(3 -1.953790682e-15 0)
(3 -9.044212402e-16 0)
(3 3.480008983e-15 0)
(3 4.229273671e-15 0)
(3 5.348793744e-15 0)
(3 6.306834323e-15 0)
(3 6.017994932e-15 0)
(3 7.717806182e-15 0)
(3 6.85690068e-15 0)
(3 5.89275054e-15 0)
(3 -2.882648587e-15 0)
(3 -7.275633268e-15 0)
(3 -6.53244816e-15 0)
(3 -4.119766863e-15 0)
(3 -1.925607147e-15 0)
(3 -3.284948927e-15 0)
(3 -2.238942351e-16 0)
(3 -3.651134689e-17 0)
(3 -3.508243154e-16 0)
(3 -3.042506369e-15 0)
(3 -2.669825618e-15 0)
(3 -2.508536433e-15 0)
(3 3.994500099e-15 0)
(3 9.42126901e-15 0)
(3 1.164382562e-14 0)
(3 -1.060525555e-14 0)
(3 -1.066766643e-14 0)
(3 -1.176328773e-14 0)
(3 -1.061704264e-14 0)
(3 -7.951810534e-15 0)
(3 -7.045906036e-15 0)
(3 -7.675828598e-15 0)
(3 -8.234364965e-15 0)
(3 -1.001522701e-14 0)
(3 -8.883351963e-15 0)
(3 -7.390881125e-15 0)
(3 -5.283764022e-15 0)
(3 -1.941204592e-15 0)
(3 -5.578794926e-16 0)
(3 -1.692948361e-15 0)
(3 -1.269909384e-15 0)
(3 -8.318628619e-16 0)
(3 -3.796859804e-16 0)
(3 -2.089767492e-15 0)
(3 -6.606354181e-15 0)
(3 -8.66981808e-15 0)
(3 -6.944546985e-15 0)
(3 -4.0588077e-15 0)
(3 3.939893063e-17 0)
(3 3.394803245e-15 0)
(3 4.708107307e-15 0)
(3 7.777679047e-15 0)
(3 9.452240677e-15 0)
(3 9.593053244e-15 0)
(3 1.443533863e-14 0)
(3 1.401606586e-14 0)
(3 1.416837593e-14 0)
(3 1.152537859e-14 0)
(3 -9.652616286e-15 0)
(3 -1.011291882e-14 0)
(3 -1.119584273e-14 0)
(3 -1.242724367e-14 0)
(3 -1.185517229e-14 0)
(3 -1.245669345e-14 0)
(3 -1.362735826e-14 0)
(3 -1.502044004e-14 0)
(3 -1.506650372e-14 0)
(3 -1.606849517e-14 0)
(3 -1.513257961e-14 0)
(3 -1.000770728e-14 0)
(3 -9.258905775e-15 0)
(3 -6.484864693e-15 0)
(3 -4.090944093e-15 0)
(3 -3.197401498e-15 0)
(3 -2.763418081e-15 0)
(3 1.142861903e-16 0)
(3 3.018304897e-15 0)
(3 -5.165956202e-16 0)
(3 -3.335158721e-15 0)
(3 -3.225140113e-15 0)
(3 -1.478580439e-15 0)
(3 5.884677502e-15 0)
(3 5.217730493e-15 0)
(3 7.676639431e-15 0)
(3 1.263069669e-14 0)
(3 1.691309411e-14 0)
(3 2.118062314e-14 0)
(3 2.145090725e-14 0)
(3 2.004752833e-14 0)
(3 1.744181352e-14 0)
(3 1.074834728e-14 0)
(3 -4.072055925e-15 0)
(3 -6.184688986e-15 0)
(3 -7.153770784e-15 0)
(3 -6.944042742e-15 0)
(3 -5.304841991e-15 0)
(3 -5.542145187e-15 0)
(3 -6.221340729e-15 0)
(3 -1.102052677e-14 0)
(3 -1.509232558e-14 0)
(3 -1.535656502e-14 0)
(3 -1.278186383e-14 0)
(3 -9.207411263e-15 0)
(3 -7.869993981e-15 0)
(3 -2.330598266e-15 0)
(3 8.368053287e-16 0)
(3 2.100664964e-15 0)
(3 3.297107333e-15 0)
(3 6.415393367e-15 0)
(3 7.113389694e-15 0)
(3 5.511019009e-15 0)
(3 3.931049428e-15 0)
(3 5.12677823e-15 0)
(3 6.901463146e-15 0)
(3 7.891210439e-15 0)
(3 1.581020309e-14 0)
(3 1.784033595e-14 0)
(3 1.71505039e-14 0)
(3 1.756432969e-14 0)
(3 1.912485237e-14 0)
(3 1.711838081e-14 0)
(3 1.625331533e-14 0)
(3 1.369138951e-14 0)
(3 8.694210282e-15 0)
(3 -3.7459015e-15 0)
(3 -6.727659678e-15 0)
(3 -6.523756672e-15 0)
(3 -5.407663204e-15 0)
(3 -4.163684257e-15 0)
(3 -4.348740107e-15 0)
(3 -3.5390666e-15 0)
(3 -8.158618372e-15 0)
(3 -1.495208474e-14 0)
(3 -1.404615264e-14 0)
(3 -1.313515916e-14 0)
(3 -1.043335348e-14 0)
(3 -8.238003604e-15 0)
(3 -2.3262252e-15 0)
(3 7.498517057e-16 0)
(3 2.841068973e-15 0)
(3 4.14167591e-15 0)
(3 4.406030657e-15 0)
(3 5.271683419e-15 0)
(3 7.36253762e-15 0)
(3 6.181537863e-15 0)
(3 4.490555234e-15 0)
(3 5.603348726e-15 0)
(3 8.926577895e-15 0)
(3 1.727087568e-14 0)
(3 2.292648793e-14 0)
(3 2.377648857e-14 0)
(3 2.229673361e-14 0)
(3 2.062447133e-14 0)
(3 1.476191325e-14 0)
(3 1.062094109e-14 0)
(3 8.133607351e-15 0)
(3 4.787934823e-15 0)
(3 -6.408744076e-15 0)
(3 -7.189505233e-15 0)
(3 -9.257200429e-15 0)
(3 -9.40773826e-15 0)
(3 -1.039010127e-14 0)
(3 -1.204057488e-14 0)
(3 -1.22289647e-14 0)
(3 -9.940377435e-15 0)
(3 -8.35535316e-15 0)
(3 -1.101216719e-14 0)
(3 -1.029861616e-14 0)
(3 -6.433061985e-15 0)
(3 -4.607321236e-15 0)
(3 -4.696197569e-15 0)
(3 -4.80952959e-15 0)
(3 -4.93006907e-15 0)
(3 -4.712920633e-15 0)
(3 -2.081398744e-15 0)
(3 3.471161928e-15 0)
(3 6.511172573e-15 0)
(3 7.716073591e-15 0)
(3 8.178837193e-15 0)
(3 8.563617993e-15 0)
(3 8.577567503e-15 0)
(3 9.609910462e-15 0)
(3 1.659821476e-14 0)
(3 2.405024068e-14 0)
(3 2.287529619e-14 0)
(3 2.032710712e-14 0)
(3 9.802289183e-15 0)
(3 4.301008159e-15 0)
(3 1.885525827e-15 0)
(3 3.255580021e-16 0)
(3 -8.474308111e-15 0)
(3 -1.020697566e-14 0)
(3 -1.149613934e-14 0)
(3 -1.2734348e-14 0)
(3 -1.631989495e-14 0)
(3 -1.84695575e-14 0)
(3 -1.800484104e-14 0)
(3 -1.156749544e-14 0)
(3 -5.849455519e-15 0)
(3 -2.325155475e-15 0)
(3 -1.128271828e-15 0)
(3 5.405287638e-15 0)
(3 7.896648386e-15 0)
(3 6.022527732e-15 0)
(3 3.983026109e-15 0)
(3 2.928071545e-17 0)
(3 1.672168835e-15 0)
(3 2.88396721e-15 0)
(3 5.067013925e-15 0)
(3 6.0969008e-15 0)
(3 9.1768545e-15 0)
(3 1.430007724e-14 0)
(3 1.517750724e-14 0)
(3 9.098052287e-15 0)
(3 8.420663982e-15 0)
(3 8.07175832e-15 0)
(3 9.136044404e-15 0)
(3 1.201668067e-14 0)
(3 5.8539439e-15 0)
(3 -7.71206979e-16 0)
(3 -3.990010878e-15 0)
(3 -5.291605699e-15 0)
(3 -5.022824435e-15 0)
(3 -1.071411633e-14 0)
(3 -1.503682309e-14 0)
(3 -1.768491021e-14 0)
(3 -1.946991055e-14 0)
(3 -2.14057588e-14 0)
(3 -1.973200964e-14 0)
(3 -1.572103737e-14 0)
(3 -6.411942643e-15 0)
(3 4.024252845e-15 0)
(3 1.293515348e-14 0)
(3 1.655591898e-14 0)
(3 1.545079423e-14 0)
(3 1.194238674e-14 0)
(3 9.985112997e-15 0)
(3 9.727065621e-15 0)
(3 1.210966849e-14 0)
(3 1.630135684e-14 0)
(3 1.576888079e-14 0)
(3 1.520699704e-14 0)
(3 1.509006792e-14 0)
(3 1.714809159e-14 0)
(3 2.024321514e-14 0)
(3 2.141265797e-14 0)
(3 1.464153118e-14 0)
(3 1.116877856e-14 0)
(3 3.000521336e-16 0)
(3 -5.469195558e-15 0)
(3 -4.153497546e-15 0)
(3 -7.422114274e-15 0)
(3 -1.044259376e-14 0)
(3 -1.383323213e-14 0)
(3 -1.769031786e-14 0)
(3 -1.657641367e-14 0)
(3 -1.896013411e-14 0)
(3 -2.08832116e-14 0)
(3 -2.244232033e-14 0)
(3 -2.253186433e-14 0)
(3 -2.263518357e-14 0)
(3 -1.632530634e-14 0)
(3 -1.196130371e-14 0)
(3 -3.485569448e-15 0)
(3 3.647105927e-15 0)
(3 7.542433103e-15 0)
(3 1.301029304e-14 0)
(3 1.093368379e-14 0)
(3 8.402211507e-15 0)
(3 7.323215138e-15 0)
(3 1.431611805e-14 0)
(3 1.908441568e-14 0)
(3 2.286387066e-14 0)
(3 2.813370907e-14 0)
(3 2.745982242e-14 0)
(3 2.30442225e-14 0)
(3 1.720593375e-14 0)
(3 1.662583164e-14 0)
(3 1.574068372e-14 0)
(3 8.869370567e-15 0)
(3 2.715702798e-15 0)
(3 -3.570927124e-15 0)
(3 -1.056475264e-14 0)
(3 -1.410305899e-14 0)
(3 -1.701025561e-14 0)
(3 -1.939543838e-14 0)
(3 -2.210942267e-14 0)
(3 -2.584518399e-14 0)
(3 -2.463602346e-14 0)
(3 -1.32463648e-14 0)
(3 -1.5242831e-14 0)
(3 -1.886621401e-14 0)
(3 -2.13279352e-14 0)
(3 -2.378530787e-14 0)
(3 -2.01692756e-14 0)
(3 -1.787284422e-14 0)
(3 -9.212001766e-15 0)
(3 -2.971117444e-15 0)
(3 1.961990449e-15 0)
(3 2.227571289e-15 0)
(3 3.944015567e-15 0)
(3 6.971065271e-15 0)
(3 7.271313111e-15 0)
(3 1.279339239e-14 0)
(3 1.806686779e-14 0)
(3 1.811391124e-14 0)
(3 1.628895805e-14 0)
(3 1.611127419e-14 0)
(3 1.60392099e-14 0)
(3 1.084736529e-14 0)
(3 3.875746553e-15 0)
(3 2.768190572e-16 0)
(3 -5.624697903e-15 0)
(3 -1.072089755e-14 0)
(3 -1.244461851e-14 0)
(3 -1.681486204e-14 0)
(3 -2.037841304e-14 0)
(3 -2.635260668e-14 0)
(3 -2.773704902e-14 0)
(3 -2.51452756e-14 0)
(3 -2.350985371e-14 0)
(3 -1.939007655e-14 0)
(3 -1.088293471e-14 0)
(3 -8.320531977e-15 0)
(3 -6.650754803e-15 0)
(3 -6.677263763e-15 0)
(3 -1.232543921e-14 0)
(3 -1.097984257e-14 0)
(3 -7.914507177e-15 0)
(3 -1.585836368e-15 0)
(3 2.801076887e-15 0)
(3 2.377198619e-15 0)
(3 -4.912238106e-17 0)
(3 -2.835297864e-15 0)
(3 -2.909079711e-15 0)
(3 -2.152770624e-15 0)
(3 7.687611333e-15 0)
(3 9.579255787e-15 0)
(3 1.188193136e-14 0)
(3 1.80742326e-15 0)
(3 3.033995622e-16 0)
(3 1.088612526e-15 0)
(3 -1.649460117e-15 0)
(3 -5.084512503e-15 0)
(3 -7.027133693e-15 0)
(3 -7.142227343e-15 0)
(3 -1.491781575e-14 0)
(3 -2.035775458e-14 0)
(3 -2.638542983e-14 0)
(3 -2.932376735e-14 0)
(3 -3.353442027e-14 0)
(3 -3.115893443e-14 0)
(3 -3.167114987e-14 0)
(3 -2.007212599e-14 0)
(3 -6.391080137e-15 0)
(3 -1.342931651e-14 0)
(3 -8.12388405e-15 0)
(3 -6.921347261e-15 0)
(3 -6.327125661e-15 0)
(3 -5.966292805e-15 0)
(3 2.326515441e-15 0)
(3 6.763761858e-15 0)
(3 7.277081284e-15 0)
(3 7.512042055e-15 0)
(3 4.4398788e-15 0)
(3 2.666272904e-15 0)
(3 -1.735334556e-15 0)
(3 -3.24776888e-15 0)
(3 -4.074447157e-15 0)
(3 -3.447825613e-15 0)
(3 -1.844359665e-15 0)
(3 1.82527029e-15 0)
(3 -5.072762975e-16 0)
(3 -4.389037742e-15 0)
(3 -8.653866647e-15 0)
(3 -1.280901999e-14 0)
(3 -1.28888331e-14 0)
(3 -1.437381487e-14 0)
(3 -1.586147797e-14 0)
(3 -2.302284375e-14 0)
(3 -2.227762857e-14 0)
(3 -1.739731248e-14 0)
(3 -1.482798996e-14 0)
(3 -1.135063027e-14 0)
(3 -9.036878812e-15 0)
(3 -7.355840982e-15 0)
(3 -4.65861137e-15 0)
(3 1.412896841e-15 0)
(3 -4.208878171e-15 0)
(3 -1.522144942e-15 0)
(3 2.571370477e-15 0)
(3 1.13009559e-15 0)
(3 3.234643793e-15 0)
(3 1.003955226e-14 0)
(3 8.540226655e-15 0)
(3 8.00158866e-15 0)
(3 8.952210472e-15 0)
(3 1.171359912e-14 0)
(3 6.929761978e-15 0)
(3 4.635106605e-15 0)
(3 -9.491120721e-16 0)
(3 -6.193552521e-15 0)
(3 -8.541586818e-15 0)
(3 -7.235950788e-15 0)
(3 -1.191782482e-14 0)
(3 -1.187600404e-14 0)
(3 -1.409923254e-14 0)
(3 -1.626924426e-14 0)
(3 -1.356156695e-14 0)
(3 -1.023077996e-14 0)
(3 -8.998965897e-15 0)
(3 -1.278291753e-14 0)
(3 -1.579891479e-14 0)
(3 -1.303901167e-14 0)
(3 -9.401605251e-15 0)
(3 -5.302504149e-15 0)
(3 3.998735365e-15 0)
(3 8.477265287e-15 0)
(3 1.045595562e-14 0)
(3 8.895718564e-15 0)
(3 1.272698805e-14 0)
(3 4.506360197e-15 0)
(3 4.885245894e-15 0)
(3 3.780206058e-15 0)
(3 2.263822135e-15 0)
(3 3.444937878e-15 0)
(3 6.31766322e-15 0)
(3 8.987559247e-15 0)
(3 5.680682214e-15 0)
(3 5.140471926e-15 0)
(3 2.745587936e-15 0)
(3 -1.396948949e-16 0)
(3 -4.276760321e-15 0)
(3 -8.515714049e-15 0)
(3 -9.382972138e-15 0)
(3 -1.131174497e-14 0)
(3 -1.182921655e-14 0)
(3 -9.917406907e-15 0)
(3 -6.496438532e-15 0)
(3 -6.047117366e-15 0)
(3 -4.845974512e-15 0)
(3 -2.935161095e-15 0)
(3 -4.856135359e-15 0)
(3 -1.293336782e-15 0)
(3 4.252683448e-15 0)
(3 1.04779057e-14 0)
(3 1.355542701e-14 0)
(3 1.084931681e-14 0)
(3 1.055774062e-14 0)
(3 9.846357943e-15 0)
(3 1.128787031e-14 0)
(3 1.836260153e-14 0)
(3 1.893753247e-14 0)
(3 2.431810812e-14 0)
(3 3.497005532e-15 0)
(3 2.886616422e-15 0)
(3 1.046742593e-15 0)
(3 1.3323693e-15 0)
(3 1.55690775e-15 0)
(3 1.077770373e-15 0)
(3 1.832422624e-15 0)
(3 -1.102500371e-15 0)
(3 -3.67407794e-15 0)
(3 -7.830817211e-15 0)
(3 -9.641278547e-15 0)
(3 -1.084047768e-14 0)
(3 -1.024381138e-14 0)
(3 -7.325160776e-15 0)
(3 -6.785442718e-15 0)
(3 -1.082485415e-14 0)
(3 -1.806432568e-14 0)
(3 -1.709026743e-14 0)
(3 -1.526860578e-14 0)
(3 -1.274473149e-14 0)
(3 -1.384800308e-14 0)
(3 -1.161665827e-14 0)
(3 -5.560156185e-15 0)
(3 -1.985497956e-15 0)
(3 5.166380011e-15 0)
(3 1.161055414e-14 0)
(3 1.690111201e-14 0)
(3 1.90387789e-14 0)
(3 1.46882346e-14 0)
(3 1.046552988e-14 0)
(3 1.389191548e-14 0)
(3 2.301319748e-14 0)
(3 3.220590369e-14 0)
(3 -5.569169397e-15 0)
(3 7.060587664e-16 0)
(3 1.42158866e-15 0)
(3 1.016600833e-15 0)
(3 1.606017081e-15 0)
(3 4.688570182e-15 0)
(3 5.69502277e-15 0)
(3 1.599622532e-15 0)
(3 -1.737976644e-15 0)
(3 1.390016886e-15 0)
(3 -4.877591878e-15 0)
(3 -8.849997874e-15 0)
(3 -9.486754857e-15 0)
(3 -7.880135067e-15 0)
(3 -8.119331005e-15 0)
(3 -1.002255824e-14 0)
(3 -1.346758892e-14 0)
(3 -1.624021847e-14 0)
(3 -7.49809305e-15 0)
(3 -3.915602689e-15 0)
(3 -2.288414792e-15 0)
(3 2.308818754e-15 0)
(3 6.784178345e-15 0)
(3 1.029553346e-14 0)
(3 1.286265992e-14 0)
(3 1.277460955e-14 0)
(3 1.102731025e-14 0)
(3 8.763337664e-15 0)
(3 9.658826103e-15 0)
(3 6.14937966e-15 0)
(3 1.194408322e-14 0)
(3 1.662833568e-14 0)
(3 2.218078092e-14 0)
(3 -9.012068881e-15 0)
(3 -7.90027025e-15 0)
(3 -6.885482838e-15 0)
(3 -3.946745093e-15 0)
(3 3.580584166e-17 0)
(3 6.98267717e-15 0)
(3 8.01953047e-15 0)
(3 6.047544941e-15 0)
(3 7.881588767e-15 0)
(3 1.342242198e-14 0)
(3 1.067838017e-14 0)
(3 1.036136416e-14 0)
(3 6.884474029e-15 0)
(3 5.288752871e-15 0)
(3 4.838594109e-15 0)
(3 5.024349743e-15 0)
(3 6.237444997e-15 0)
(3 5.118102868e-15 0)
(3 6.411917304e-15 0)
(3 6.582572688e-15 0)
(3 5.424861132e-15 0)
(3 5.671954394e-15 0)
(3 5.162778661e-15 0)
(3 7.407488419e-15 0)
(3 5.493846988e-15 0)
(3 4.721793679e-15 0)
(3 1.562978767e-15 0)
(3 -1.124902956e-15 0)
(3 -1.368122088e-15 0)
(3 -1.64056532e-15 0)
(3 3.031472424e-15 0)
(3 6.170067353e-15 0)
(3 5.322512068e-15 0)
)
;

boundaryField
{
    inlet
    {
        type            fixedValue;
        value           nonuniform 0();
    }
    outlet
    {
        type            inletOutlet;
        inletValue      nonuniform 0();
        value           nonuniform 0();
    }
    bottom
    {
        type            slip;
    }
    top
    {
        type            slip;
    }
    obstacle
    {
        type            slip;
    }
    defaultFaces
    {
        type            empty;
    }
    procBoundary19to13
    {
        type            processor;
        value           nonuniform List<vector> 
35
(
(3 8.214788348e-16 0)
(3 -1.035318252e-14 0)
(3 -1.165503057e-14 0)
(3 -1.416476633e-14 0)
(3 -1.607029581e-14 0)
(3 -1.588238439e-14 0)
(3 -1.445688227e-14 0)
(3 -9.299775645e-15 0)
(3 -7.455111841e-15 0)
(3 -4.630128141e-15 0)
(3 1.301199997e-15 0)
(3 4.639408996e-15 0)
(3 1.072093796e-14 0)
(3 1.093229204e-14 0)
(3 9.955569954e-15 0)
(3 6.266812851e-15 0)
(3 3.43293881e-15 0)
(3 1.837651671e-16 0)
(3 -7.406626997e-15 0)
(3 -1.528493521e-14 0)
(3 -2.633146642e-14 0)
(3 -3.161217905e-14 0)
(3 -3.003681375e-14 0)
(3 -2.778999972e-14 0)
(3 -2.292711743e-14 0)
(3 -1.681114854e-14 0)
(3 -1.595442537e-14 0)
(3 -1.414936089e-14 0)
(3 -1.039423289e-14 0)
(3 -7.174572915e-15 0)
(3 -4.583782205e-15 0)
(3 -4.834720625e-15 0)
(3 -4.330454602e-15 0)
(3 -4.330454602e-15 0)
(2.987308393 -0.003557767445 0)
)
;
    }
    procBoundary19to18
    {
        type            processor;
        value           nonuniform List<vector> 
33
(
(3 -1.521492676e-14 0)
(3 -1.353560211e-14 0)
(3 -2.503292525e-15 0)
(3 8.303859918e-15 0)
(3 1.353508168e-14 0)
(3 2.406416477e-14 0)
(3 2.12617667e-14 0)
(3 1.34442187e-14 0)
(3 7.623946049e-15 0)
(3 2.266899724e-15 0)
(3 3.62243652e-15 0)
(3 2.662603897e-16 0)
(3 3.157579498e-16 0)
(3 9.908300288e-15 0)
(3 7.266946138e-15 0)
(3 3.998220736e-15 0)
(3 1.398402962e-15 0)
(3 -7.29527264e-15 0)
(3 -8.319225672e-15 0)
(3 -8.743735945e-15 0)
(3 -4.39102764e-15 0)
(3 -1.161595164e-15 0)
(3 -5.323432806e-15 0)
(3 -1.042000837e-14 0)
(3 -8.419420794e-15 0)
(3 -1.198889901e-14 0)
(3 -9.617920977e-15 0)
(3 -1.381759e-14 0)
(3 -1.471829927e-14 0)
(3 -3.559971744e-15 0)
(3 2.611676266e-15 0)
(3 7.176460933e-16 0)
(3 -1.075298189e-14 0)
)
;
    }
    procBoundary19to20
    {
        type            processor;
        value           nonuniform List<vector> 
33
(
(2.872427005 0.2566147726 0)
(2.884492756 0.2535454985 0)
(2.89399437 0.2667166855 0)
(2.895312336 0.2692962748 0)
(2.900048192 0.2535763069 0)
(2.901160861 0.2532505107 0)
(2.929857202 0.1628517577 0)
(2.97298667 0.05773247995 0)
(2.996930317 0.006090506218 0)
(2.999932641 0.0001202705612 0)
(2.99999978 3.583681783e-07 0)
(3 9.915433358e-11 0)
(3 1.671501069e-14 0)
(3 1.977129657e-15 0)
(3 -6.086115897e-15 0)
(3 -1.282722297e-14 0)
(3 -1.443905332e-14 0)
(3 -1.083467584e-14 0)
(3 -1.378505383e-14 0)
(3 -1.701729944e-14 0)
(3 -1.058917597e-14 0)
(3 -2.667094034e-15 0)
(3 -1.793622595e-15 0)
(3 8.709803186e-15 0)
(3 1.410302119e-14 0)
(3 1.180631646e-14 0)
(3 8.171326117e-15 0)
(3 9.1619182e-15 0)
(3 4.309374731e-15 0)
(3 -1.377049298e-15 0)
(3 -4.894980943e-15 0)
(3 -6.131798226e-15 0)
(3 -8.957549836e-15 0)
)
;
    }
    procBoundary19to24
    {
        type            processor;
        value           uniform (3 -9.586696667e-15 0);
    }
    procBoundary19to25
    {
        type            processor;
        value           nonuniform List<vector> 
67
(
(3 2.08975562e-15 0)
(3 3.77237214e-15 0)
(3 5.302470626e-15 0)
(3 7.514265623e-15 0)
(3 8.337863852e-15 0)
(3 1.15200597e-14 0)
(3 1.679387522e-14 0)
(3 1.734955824e-14 0)
(3 1.91571236e-14 0)
(3 2.08045748e-14 0)
(3 2.142377336e-14 0)
(3 2.15416801e-14 0)
(3 2.318469703e-14 0)
(3 2.218713881e-14 0)
(3 2.163807998e-14 0)
(3 2.098477847e-14 0)
(3 2.059574898e-14 0)
(3 1.920044271e-14 0)
(3 1.826482857e-14 0)
(3 1.556637062e-14 0)
(3 8.927797822e-15 0)
(3 4.119190787e-15 0)
(3 -4.375625475e-16 0)
(3 -9.825910314e-15 0)
(3 -8.469484188e-15 0)
(3 -7.582070269e-15 0)
(3 -8.893292885e-15 0)
(3 -8.890602155e-15 0)
(3 -7.380034271e-15 0)
(3 -7.30931214e-15 0)
(3 -7.726884324e-15 0)
(3 -8.090985139e-15 0)
(3 2.08975562e-15 0)
(3 -9.2979505e-15 0)
(3 -1.225635526e-14 0)
(3 -1.383785656e-14 0)
(3 -1.133910882e-14 0)
(3 -6.186837573e-15 0)
(3 3.278316259e-15 0)
(3 3.408087089e-15 0)
(3 5.058024376e-15 0)
(3 5.839395099e-15 0)
(3 6.311645773e-15 0)
(3 1.000748496e-14 0)
(3 1.441319762e-14 0)
(3 1.858651278e-14 0)
(3 1.824891142e-14 0)
(3 1.439006118e-14 0)
(3 1.675136445e-14 0)
(3 2.152314571e-14 0)
(3 2.477629419e-14 0)
(3 2.345198603e-14 0)
(3 1.689952579e-14 0)
(3 1.414553248e-14 0)
(3 7.697133005e-15 0)
(3 4.361679139e-15 0)
(3 1.376295361e-15 0)
(3 -2.031874178e-15 0)
(3 -1.269718758e-15 0)
(3 -2.093197705e-15 0)
(3 -1.460142527e-15 0)
(3 -9.378910315e-16 0)
(3 -2.006012674e-15 0)
(3 -3.415594929e-15 0)
(3 -6.048834344e-15 0)
(3 -8.404809753e-15 0)
(3 -9.693337223e-15 0)
)
;
    }
}


// ************************************************************************* //
