/*--------------------------------*- C++ -*----------------------------------*\
  =========                 |
  \\      /  F ield         | OpenFOAM: The Open Source CFD Toolbox
   \\    /   O peration     | Website:  https://openfoam.org
    \\  /    A nd           | Version:  7
     \\/     M anipulation  |
\*---------------------------------------------------------------------------*/
FoamFile
{
    version     2.0;
    format      ascii;
    class       volVectorField;
    location    "0.2";
    object      U;
}
// * * * * * * * * * * * * * * * * * * * * * * * * * * * * * * * * * * * * * //

dimensions      [0 1 -1 0 0 0 0];

internalField   nonuniform List<vector> 
2222
(
(3 -7.103730068e-15 0)
(3 -8.71611324e-15 0)
(3 -1.083788759e-14 0)
(3 -8.890185281e-15 0)
(3 -5.885485729e-15 0)
(3 -4.232675184e-15 0)
(3 -2.293473084e-15 0)
(3 -1.666213875e-15 0)
(3 -2.075868736e-15 0)
(3 -3.041283265e-15 0)
(3 -4.935764938e-15 0)
(3 -9.263193854e-15 0)
(3 -1.144726964e-14 0)
(3 -1.14018763e-14 0)
(3 -9.301866243e-15 0)
(3 -7.924308181e-15 0)
(3 -7.089171426e-15 0)
(3 -5.621869622e-15 0)
(3 -3.200266211e-15 0)
(3 -2.896647599e-15 0)
(3 -4.220454152e-15 0)
(3 -4.894353917e-15 0)
(3 -6.377949014e-15 0)
(3 -7.537962821e-15 0)
(3 -7.596401119e-15 0)
(3 -7.63035688e-15 0)
(3 -7.725405558e-15 0)
(3 -8.14819273e-15 0)
(3 -7.574584235e-15 0)
(3 -6.951640255e-15 0)
(3 -6.501545602e-15 0)
(3 -6.523456236e-15 0)
(3 -6.789195935e-15 0)
(3 -6.586574576e-15 0)
(3 -2.536362618e-15 0)
(3 -1.069668744e-15 0)
(3 1.13586375e-16 0)
(3 1.911102302e-15 0)
(3 3.095750766e-15 0)
(3 3.559878205e-15 0)
(3 5.053183985e-15 0)
(3 6.869667556e-15 0)
(3 6.845937137e-15 0)
(3 5.916983422e-15 0)
(3 5.846518621e-15 0)
(3 6.147004938e-15 0)
(3 7.511415224e-15 0)
(3 9.022981508e-15 0)
(3 7.792204399e-15 0)
(3 8.42881734e-15 0)
(3 8.142826178e-15 0)
(3 7.350468646e-15 0)
(3 6.95195685e-15 0)
(3 4.513276377e-15 0)
(3 3.547664675e-15 0)
(3 -8.941911258e-15 0)
(3 -8.41600271e-15 0)
(3 -8.260210576e-15 0)
(3 -6.532283564e-15 0)
(3 -2.535314364e-15 0)
(3 3.609972564e-18 0)
(3 2.323137142e-15 0)
(3 2.790734253e-15 0)
(3 2.188265819e-15 0)
(3 2.308346305e-15 0)
(3 1.09386274e-15 0)
(3 -2.819579042e-15 0)
(3 -4.30359149e-15 0)
(3 -4.656721688e-15 0)
(3 -3.038443576e-15 0)
(3 -2.108663461e-15 0)
(3 -1.442130005e-15 0)
(3 -1.363822317e-15 0)
(3 1.063295819e-16 0)
(3 1.296033841e-15 0)
(3 1.348417748e-15 0)
(3 -6.566948941e-16 0)
(3 -2.126325362e-15 0)
(3 -2.198420139e-15 0)
(3 -2.460666422e-15 0)
(3 -3.213501858e-15 0)
(3 -4.581822937e-15 0)
(3 -5.867376252e-15 0)
(3 -7.45932691e-15 0)
(3 -8.524862106e-15 0)
(3 -9.102375253e-15 0)
(3 -1.135490945e-14 0)
(3 -1.15452492e-14 0)
(3 -9.808374752e-15 0)
(3 -5.797076848e-15 0)
(3 -2.774942202e-15 0)
(3 -2.140524314e-15 0)
(3 2.515015108e-16 0)
(3 1.993592038e-15 0)
(3 3.269831232e-15 0)
(3 4.089648616e-15 0)
(3 5.049225832e-15 0)
(3 5.564125111e-15 0)
(3 4.806682188e-15 0)
(3 5.115698113e-15 0)
(3 5.323104416e-15 0)
(3 5.384044707e-15 0)
(3 5.773760877e-15 0)
(3 4.88903147e-15 0)
(3 3.105812362e-15 0)
(3 2.967448517e-15 0)
(3 3.360675056e-15 0)
(3 3.875233059e-15 0)
(3 3.026898531e-15 0)
(3 2.444137323e-15 0)
(3 1.377673187e-15 0)
(3 8.557761298e-16 0)
(3 8.421072936e-16 0)
(3 -6.862952273e-17 0)
(3 -1.566731156e-15 0)
(3 -1.787497849e-15 0)
(3 -3.853798511e-15 0)
(3 -5.980386154e-15 0)
(3 -6.297214655e-15 0)
(3 -8.864556043e-15 0)
(3 -9.416436886e-15 0)
(3 -9.968763736e-15 0)
(3 -3.305601563e-15 0)
(3 -4.76600313e-16 0)
(3 1.957775609e-15 0)
(3 1.294461656e-15 0)
(3 2.128076374e-15 0)
(3 3.529610476e-15 0)
(3 4.876544646e-15 0)
(3 6.234472462e-15 0)
(3 8.354520755e-15 0)
(3 8.776895321e-15 0)
(3 1.006312752e-14 0)
(3 1.15296482e-14 0)
(3 9.707323386e-15 0)
(3 6.325494005e-15 0)
(3 3.506562271e-15 0)
(3 3.593029387e-15 0)
(3 5.392697878e-15 0)
(3 5.98537321e-15 0)
(3 5.106502271e-15 0)
(3 5.276029026e-15 0)
(3 6.381257691e-15 0)
(3 5.420417969e-15 0)
(3 5.370940614e-15 0)
(3 4.905859109e-15 0)
(3 4.207003681e-15 0)
(3 3.060468349e-15 0)
(3 2.834559438e-17 0)
(3 -3.07409031e-15 0)
(3 -6.256062044e-15 0)
(3 -7.488076675e-15 0)
(3 -8.685967161e-15 0)
(3 -8.129255307e-15 0)
(3 -8.218966901e-15 0)
(3 -8.309793775e-15 0)
(3 -8.596655422e-15 0)
(3 -7.0479572e-15 0)
(3 -7.086932642e-15 0)
(3 -4.994848417e-15 0)
(3 -2.788996175e-15 0)
(3 7.724505049e-16 0)
(3 3.127763493e-15 0)
(3 4.810020063e-15 0)
(3 4.205967879e-15 0)
(3 4.693010437e-15 0)
(3 5.222066218e-15 0)
(3 4.22570271e-15 0)
(3 2.063248251e-15 0)
(3 3.162743839e-15 0)
(3 3.845497012e-15 0)
(3 1.781822024e-15 0)
(3 4.262862331e-16 0)
(3 8.655429587e-16 0)
(3 6.995307001e-16 0)
(3 8.489828703e-16 0)
(3 8.326532332e-16 0)
(3 7.565361415e-16 0)
(3 1.832612739e-16 0)
(3 -6.978573125e-16 0)
(3 -2.218680096e-15 0)
(3 -4.064420209e-15 0)
(3 -4.964023783e-15 0)
(3 -6.960385747e-15 0)
(3 -9.096841646e-15 0)
(3 -9.889671898e-15 0)
(3 -1.005310237e-14 0)
(3 -8.872019901e-15 0)
(3 -7.566990684e-15 0)
(3 2.25117531e-15 0)
(3 4.029198409e-15 0)
(3 5.912310935e-15 0)
(3 8.353613162e-15 0)
(3 7.940986833e-15 0)
(3 8.652328826e-15 0)
(3 9.592074323e-15 0)
(3 1.110286955e-14 0)
(3 1.316202748e-14 0)
(3 1.391245964e-14 0)
(3 1.463284705e-14 0)
(3 1.572275717e-14 0)
(3 1.491263986e-14 0)
(3 1.284981163e-14 0)
(3 1.231963944e-14 0)
(3 1.077063484e-14 0)
(3 1.02676082e-14 0)
(3 9.86646162e-15 0)
(3 8.752117058e-15 0)
(3 8.057930864e-15 0)
(3 8.552808551e-15 0)
(3 7.332972184e-15 0)
(3 5.34967108e-15 0)
(3 2.805754997e-15 0)
(3 1.436090579e-15 0)
(3 9.063561676e-16 0)
(3 -3.596118388e-17 0)
(3 -3.875816394e-15 0)
(3 -6.115369257e-15 0)
(3 -7.624352435e-15 0)
(3 -6.208474094e-15 0)
(3 -5.405637272e-15 0)
(3 -5.160859519e-15 0)
(3 -5.152673918e-15 0)
(3 -4.240231228e-15 0)
(3 -2.669453901e-15 0)
(3 -2.272232644e-15 0)
(3 -8.057006193e-16 0)
(3 7.33531996e-16 0)
(3 2.987312347e-15 0)
(3 4.582647493e-15 0)
(3 5.466692492e-15 0)
(3 5.604554919e-15 0)
(3 6.604986097e-15 0)
(3 3.963688947e-15 0)
(3 2.398213265e-15 0)
(3 4.808132217e-16 0)
(3 1.666293033e-16 0)
(3 -4.206563808e-16 0)
(3 -1.255550565e-15 0)
(3 -2.429711976e-15 0)
(3 -3.023560459e-15 0)
(3 -3.644249599e-15 0)
(3 -4.385334014e-15 0)
(3 -4.402177318e-15 0)
(3 -3.729854741e-15 0)
(3 -3.884943262e-15 0)
(3 -4.806581929e-15 0)
(3 -4.901730187e-15 0)
(3 -5.588212478e-15 0)
(3 -5.981314067e-15 0)
(3 -6.721951047e-15 0)
(3 -6.861602651e-15 0)
(3 -9.825402889e-15 0)
(3 -1.152147701e-14 0)
(3 -1.253734831e-14 0)
(3 -1.135495367e-14 0)
(3 5.43527586e-15 0)
(3 1.041455401e-14 0)
(3 1.207987623e-14 0)
(3 1.381196097e-14 0)
(3 1.358084172e-14 0)
(3 1.313575416e-14 0)
(3 1.280083396e-14 0)
(3 1.289899899e-14 0)
(3 1.260469788e-14 0)
(3 1.457593526e-14 0)
(3 1.544475681e-14 0)
(3 1.70735844e-14 0)
(3 1.662255694e-14 0)
(3 1.64843041e-14 0)
(3 1.655042709e-14 0)
(3 1.752560231e-14 0)
(3 1.457614351e-14 0)
(3 1.276405295e-14 0)
(3 1.05322071e-14 0)
(3 6.70007448e-15 0)
(3 4.740883227e-15 0)
(3 1.488121324e-16 0)
(3 -6.027725909e-15 0)
(3 -9.434786123e-15 0)
(3 -8.613885701e-15 0)
(3 -7.94255281e-15 0)
(3 -6.157403481e-15 0)
(3 -3.520957567e-15 0)
(3 -2.696936294e-15 0)
(3 -2.001408491e-15 0)
(3 -1.901430465e-15 0)
(3 -2.208640965e-15 0)
(3 -1.862519784e-15 0)
(3 -1.844794534e-15 0)
(3 -1.816422115e-15 0)
(3 -6.589510288e-16 0)
(3 8.104579706e-16 0)
(3 1.000229044e-15 0)
(3 1.608212654e-15 0)
(3 3.26153924e-15 0)
(3 2.636299186e-15 0)
(3 1.816846144e-15 0)
(3 4.001510777e-15 0)
(3 4.885062365e-15 0)
(3 4.100483409e-15 0)
(3 3.343218742e-15 0)
(3 2.177962877e-15 0)
(3 1.1374615e-16 0)
(3 -3.888830802e-15 0)
(3 -4.730422626e-15 0)
(3 -4.890826701e-15 0)
(3 -4.094793993e-15 0)
(3 -4.847775759e-15 0)
(3 -4.045756483e-15 0)
(3 -3.94445462e-15 0)
(3 -3.121347488e-15 0)
(3 -2.785706976e-15 0)
(3 -3.442950801e-15 0)
(3 -5.584166428e-15 0)
(3 -7.161290303e-15 0)
(3 -9.293327351e-15 0)
(3 -1.198653718e-14 0)
(3 -1.179025014e-14 0)
(3 -1.121241364e-14 0)
(3 -1.226798899e-14 0)
(3 -1.35870275e-14 0)
(3 -1.477297083e-14 0)
(3 9.509581631e-15 0)
(3 1.457152981e-14 0)
(3 1.519519654e-14 0)
(3 1.657648122e-14 0)
(3 1.727313073e-14 0)
(3 1.651153631e-14 0)
(3 1.599666034e-14 0)
(3 1.512479136e-14 0)
(3 1.533946233e-14 0)
(3 1.528294739e-14 0)
(3 1.444494453e-14 0)
(3 1.407517875e-14 0)
(3 1.520884005e-14 0)
(3 1.632114855e-14 0)
(3 1.610150928e-14 0)
(3 1.529778874e-14 0)
(3 1.31165416e-14 0)
(3 1.051778637e-14 0)
(3 4.138653956e-15 0)
(3 9.753605648e-16 0)
(3 -3.946355418e-15 0)
(3 -5.951451721e-15 0)
(3 -7.837902577e-15 0)
(3 -8.305627232e-15 0)
(3 -8.120252122e-15 0)
(3 -7.184357809e-15 0)
(3 -6.990281465e-15 0)
(3 -5.188502605e-15 0)
(3 -2.554579644e-15 0)
(3 -1.207273843e-15 0)
(3 -1.434018138e-15 0)
(3 -1.414333392e-15 0)
(3 -1.660953731e-15 0)
(3 -1.84035497e-15 0)
(3 -2.312178666e-15 0)
(3 -2.110250383e-15 0)
(3 -1.394256804e-15 0)
(3 -1.072282985e-15 0)
(3 -1.017423185e-15 0)
(3 -1.22775093e-15 0)
(3 -2.280132984e-15 0)
(3 -1.315899207e-15 0)
(3 2.201545118e-15 0)
(3 5.436210398e-15 0)
(3 5.21455435e-15 0)
(3 4.20285282e-15 0)
(3 1.716598265e-15 0)
(3 6.886481973e-16 0)
(3 4.36284161e-16 0)
(3 2.26673503e-16 0)
(3 1.763880804e-16 0)
(3 3.245170374e-16 0)
(3 2.826084945e-17 0)
(3 -5.599974826e-16 0)
(3 -1.576705942e-15 0)
(3 -3.279459482e-15 0)
(3 -5.862991089e-15 0)
(3 -8.718124773e-15 0)
(3 -1.16289801e-14 0)
(3 -1.150395583e-14 0)
(3 -1.078709952e-14 0)
(3 -1.064164368e-14 0)
(3 -1.110404652e-14 0)
(3 -9.902900507e-15 0)
(3 -9.817617174e-15 0)
(3 -9.353175991e-15 0)
(3 -8.79040886e-15 0)
(3 1.105834014e-14 0)
(3 1.175706714e-14 0)
(3 1.228756506e-14 0)
(3 1.35872725e-14 0)
(3 1.408992007e-14 0)
(3 1.650118709e-14 0)
(3 1.688548505e-14 0)
(3 1.576013708e-14 0)
(3 1.513546053e-14 0)
(3 1.263952842e-14 0)
(3 1.046386024e-14 0)
(3 1.011346348e-14 0)
(3 8.88034102e-15 0)
(3 8.551650096e-15 0)
(3 8.488102753e-15 0)
(3 6.347318783e-15 0)
(3 6.118503342e-15 0)
(3 2.178585967e-15 0)
(3 -1.036586233e-16 0)
(3 -1.829128531e-15 0)
(3 -2.48476934e-15 0)
(3 -2.927244183e-15 0)
(3 -4.567290238e-15 0)
(3 -6.18058592e-15 0)
(3 -4.231805983e-15 0)
(3 -1.02390773e-15 0)
(3 3.503603809e-16 0)
(3 5.967341287e-16 0)
(3 4.947295806e-16 0)
(3 1.314586969e-15 0)
(3 2.753537876e-15 0)
(3 4.02773234e-15 0)
(3 3.897588146e-15 0)
(3 3.411047746e-15 0)
(3 2.499681941e-15 0)
(3 6.912115954e-16 0)
(3 -2.51280263e-15 0)
(3 -3.23662072e-15 0)
(3 -3.513764336e-15 0)
(3 -3.253419018e-15 0)
(3 -2.215857067e-15 0)
(3 -1.116808216e-15 0)
(3 2.619968249e-16 0)
(3 1.846583407e-15 0)
(3 1.5263798e-15 0)
(3 1.599823774e-16 0)
(3 -9.133975694e-16 0)
(3 -1.362245843e-15 0)
(3 -1.635085859e-15 0)
(3 -1.442363056e-15 0)
(3 -2.054946448e-15 0)
(3 -2.863798209e-15 0)
(3 -3.061966269e-15 0)
(3 -4.083276589e-15 0)
(3 -3.938272748e-15 0)
(3 -4.74220523e-15 0)
(3 -7.660132037e-15 0)
(3 -1.111360693e-14 0)
(3 -1.153802526e-14 0)
(3 -1.160389192e-14 0)
(3 -9.587624301e-15 0)
(3 -7.487902957e-15 0)
(3 -6.705760155e-15 0)
(3 -6.245167376e-15 0)
(3 -6.407905073e-15 0)
(3 -6.141210281e-15 0)
(3 -5.413858796e-15 0)
(3 3.640423154e-15 0)
(3 4.238409314e-15 0)
(3 5.468485277e-15 0)
(3 6.676093657e-15 0)
(3 6.95180029e-15 0)
(3 6.295882466e-15 0)
(3 6.749606045e-15 0)
(3 7.57519648e-15 0)
(3 6.846850659e-15 0)
(3 5.273416377e-15 0)
(3 5.147384148e-15 0)
(3 5.717086957e-15 0)
(3 6.13749489e-15 0)
(3 4.023957449e-15 0)
(3 1.782891532e-15 0)
(3 -2.120369748e-16 0)
(3 -2.131806427e-15 0)
(3 -5.249216961e-15 0)
(3 -7.196583853e-15 0)
(3 -7.181585502e-15 0)
(3 -6.237524828e-15 0)
(3 -3.175102395e-15 0)
(3 -1.295104736e-15 0)
(3 -8.08722868e-16 0)
(3 -1.152934996e-15 0)
(3 2.6604026e-15 0)
(3 5.204693169e-15 0)
(3 5.834495421e-15 0)
(3 7.75349039e-15 0)
(3 9.001427726e-15 0)
(3 1.094068249e-14 0)
(3 1.19921224e-14 0)
(3 1.167978379e-14 0)
(3 1.096783598e-14 0)
(3 1.032594285e-14 0)
(3 8.915786764e-15 0)
(3 6.400975099e-15 0)
(3 2.722985008e-15 0)
(3 -4.887721624e-16 0)
(3 -1.544195665e-15 0)
(3 -1.571499264e-15 0)
(3 -8.500168554e-16 0)
(3 -1.089266073e-15 0)
(3 -1.126485677e-15 0)
(3 -2.901555799e-15 0)
(3 -5.625158545e-15 0)
(3 -6.028042299e-15 0)
(3 -6.909345103e-15 0)
(3 -7.841592382e-15 0)
(3 -7.124254068e-15 0)
(3 -6.948383629e-15 0)
(3 -8.283030882e-15 0)
(3 -8.958420363e-15 0)
(3 -8.208935718e-15 0)
(3 -8.419565214e-15 0)
(3 -9.108489128e-15 0)
(3 -1.125025462e-14 0)
(3 -1.395712407e-14 0)
(3 -1.559519153e-14 0)
(3 -1.341013292e-14 0)
(3 -1.101156731e-14 0)
(3 -1.12028611e-14 0)
(3 -1.054229935e-14 0)
(3 -9.780577045e-15 0)
(3 -8.239755592e-15 0)
(3 -5.857487984e-15 0)
(3 -5.525325415e-15 0)
(3 -7.406932525e-15 0)
(3 -7.299189959e-15 0)
(3 -7.606302015e-15 0)
(3 -7.589289111e-15 0)
(3 -7.361080088e-15 0)
(3 -7.704009531e-15 0)
(3 -5.776734648e-15 0)
(3 -6.096192584e-15 0)
(3 -4.570228464e-15 0)
(3 -1.689122587e-15 0)
(3 -1.096719754e-15 0)
(3 -7.566628491e-16 0)
(3 -1.213887268e-15 0)
(3 -2.593397437e-15 0)
(3 -3.749472261e-15 0)
(3 -5.517163917e-15 0)
(3 -6.387195756e-15 0)
(3 -6.247432045e-15 0)
(3 -5.453926489e-15 0)
(3 -3.964069603e-15 0)
(3 -3.833337884e-15 0)
(3 -9.089469593e-16 0)
(3 2.750367578e-15 0)
(3 5.628278293e-15 0)
(3 4.266570535e-15 0)
(3 5.688830989e-15 0)
(3 7.744680943e-15 0)
(3 8.436869562e-15 0)
(3 1.027454569e-14 0)
(3 1.20141604e-14 0)
(3 1.31015536e-14 0)
(3 1.339949256e-14 0)
(3 1.412151184e-14 0)
(3 1.384630512e-14 0)
(3 1.291839361e-14 0)
(3 1.259092588e-14 0)
(3 1.216100115e-14 0)
(3 1.199957419e-14 0)
(3 1.008295316e-14 0)
(3 7.138348703e-15 0)
(3 3.276462789e-15 0)
(3 5.052966131e-16 0)
(3 -3.993236204e-15 0)
(3 -6.48868024e-15 0)
(3 -8.073401324e-15 0)
(3 -8.626799628e-15 0)
(3 -8.790852938e-15 0)
(3 -9.907838878e-15 0)
(3 -1.004495832e-14 0)
(3 -1.236869393e-14 0)
(3 -1.403927884e-14 0)
(3 -1.407077649e-14 0)
(3 -1.419896347e-14 0)
(3 -1.458173528e-14 0)
(3 -1.549691005e-14 0)
(3 -1.594609689e-14 0)
(3 -1.569869359e-14 0)
(3 -1.636647353e-14 0)
(3 -1.629124976e-14 0)
(3 -1.144673824e-14 0)
(3 -1.05217059e-14 0)
(3 -1.033188356e-14 0)
(3 -1.053136257e-14 0)
(3 -6.837293159e-15 0)
(3 -4.994281872e-15 0)
(3 -4.588193994e-15 0)
(3 -4.557260793e-15 0)
(3 -6.836796259e-15 0)
(3 -8.210945935e-15 0)
(3 -9.685149059e-15 0)
(3 -1.030919927e-14 0)
(3 -1.018488905e-14 0)
(3 -9.974355381e-15 0)
(3 -9.567540624e-15 0)
(3 -9.463873548e-15 0)
(3 -7.723096678e-15 0)
(3 -4.710267313e-15 0)
(3 -4.221222474e-15 0)
(3 -3.050738233e-15 0)
(3 -2.547820958e-15 0)
(3 -3.20042273e-15 0)
(3 -4.354297124e-15 0)
(3 -4.962784204e-15 0)
(3 -6.282473487e-15 0)
(3 -6.005690767e-15 0)
(3 -4.445337383e-15 0)
(3 -3.088846957e-15 0)
(3 -5.090961251e-16 0)
(3 2.18625398e-15 0)
(3 4.210853407e-15 0)
(3 7.416100816e-15 0)
(3 7.648003949e-15 0)
(3 6.888285898e-15 0)
(3 7.898534659e-15 0)
(3 9.176843395e-15 0)
(3 9.628347264e-15 0)
(3 9.488120868e-15 0)
(3 1.142154002e-14 0)
(3 1.385178402e-14 0)
(3 1.58319016e-14 0)
(3 1.510335231e-14 0)
(3 1.377460286e-14 0)
(3 1.164852516e-14 0)
(3 1.149744953e-14 0)
(3 1.193403451e-14 0)
(3 1.170531663e-14 0)
(3 1.004163823e-14 0)
(3 4.375229317e-15 0)
(3 -2.230546727e-16 0)
(3 -6.656614116e-15 0)
(3 -1.066625966e-14 0)
(3 -1.188176261e-14 0)
(3 -1.229876636e-14 0)
(3 -1.250714286e-14 0)
(3 -1.266877408e-14 0)
(3 -1.337390157e-14 0)
(3 -1.368133856e-14 0)
(3 -1.431327304e-14 0)
(3 -1.464851753e-14 0)
(3 -1.572306848e-14 0)
(3 -1.799730362e-14 0)
(3 -1.891806084e-14 0)
(3 -1.766865844e-14 0)
(3 -1.433101516e-14 0)
(3 -1.147461614e-14 0)
(3 -8.489539565e-15 0)
(3 -7.274153917e-15 0)
(3 -6.314863592e-15 0)
(3 -3.798349512e-15 0)
(3 -9.341841236e-16 0)
(3 -4.8233001e-16 0)
(3 -4.547643818e-16 0)
(3 3.331149497e-16 0)
(3 1.108204551e-15 0)
(3 -8.584136628e-15 0)
(3 -1.037670299e-14 0)
(3 -1.002893621e-14 0)
(3 -1.064971755e-14 0)
(3 -9.577949773e-15 0)
(3 -8.966474331e-15 0)
(3 -8.715137643e-15 0)
(3 -6.991392372e-15 0)
(3 -5.155211926e-15 0)
(3 -2.760814932e-15 0)
(3 -2.085040718e-15 0)
(3 -2.191650439e-15 0)
(3 -1.464419742e-15 0)
(3 -1.269174782e-15 0)
(3 -1.509659131e-15 0)
(3 -1.437799799e-15 0)
(3 -2.534243516e-15 0)
(3 -2.156088849e-15 0)
(3 -2.794750386e-15 0)
(3 -2.287343537e-15 0)
(3 -5.489291444e-16 0)
(3 7.92168204e-16 0)
(3 4.17044778e-15 0)
(3 5.538811043e-15 0)
(3 6.033596948e-15 0)
(3 5.80789579e-15 0)
(3 5.398634757e-15 0)
(3 5.007531312e-15 0)
(3 5.270136893e-15 0)
(3 4.257408473e-15 0)
(3 4.861605517e-15 0)
(3 6.668905385e-15 0)
(3 9.28147115e-15 0)
(3 9.97640163e-15 0)
(3 1.089378993e-14 0)
(3 1.098152857e-14 0)
(3 1.03996917e-14 0)
(3 7.389576604e-15 0)
(3 5.279492721e-15 0)
(3 2.298941246e-15 0)
(3 -7.309289358e-16 0)
(3 -4.512623947e-15 0)
(3 -5.866250139e-15 0)
(3 -8.698493607e-15 0)
(3 -1.074298871e-14 0)
(3 -1.215708987e-14 0)
(3 -1.298928938e-14 0)
(3 -1.308763794e-14 0)
(3 -1.370724542e-14 0)
(3 -1.456127759e-14 0)
(3 -1.507199084e-14 0)
(3 -1.521803245e-14 0)
(3 -1.520053186e-14 0)
(3 -1.501404025e-14 0)
(3 -1.459213071e-14 0)
(3 -1.320835796e-14 0)
(3 -8.655523126e-15 0)
(3 -5.557383981e-15 0)
(3 -3.995831208e-15 0)
(3 -1.692255906e-15 0)
(3 2.348084822e-15 0)
(3 4.089859064e-15 0)
(3 3.955691898e-15 0)
(3 2.429844346e-15 0)
(3 1.56058937e-15 0)
(3 2.254726201e-15 0)
(3 4.81727068e-15 0)
(3 -8.874246419e-15 0)
(3 -7.36613476e-15 0)
(3 -6.010491745e-15 0)
(3 -4.959852936e-15 0)
(3 -5.501806023e-15 0)
(3 -6.616549757e-15 0)
(3 -6.161205684e-15 0)
(3 -5.429437845e-15 0)
(3 -6.188177961e-15 0)
(3 -6.016978885e-15 0)
(3 -5.154217231e-15 0)
(3 -3.700046076e-15 0)
(3 -2.698752137e-15 0)
(3 -4.976690726e-16 0)
(3 1.526684291e-15 0)
(3 3.463264701e-15 0)
(3 4.573108364e-15 0)
(3 4.451045367e-15 0)
(3 4.669636026e-15 0)
(3 4.652719444e-15 0)
(3 5.366069197e-15 0)
(3 6.628981513e-15 0)
(3 6.222735409e-15 0)
(3 5.486469015e-15 0)
(3 6.779523273e-15 0)
(3 6.747178761e-15 0)
(3 5.970247739e-15 0)
(3 3.447734048e-15 0)
(3 2.839246126e-15 0)
(3 3.410665597e-15 0)
(3 1.548174089e-15 0)
(3 3.223792804e-16 0)
(3 5.017002234e-16 0)
(3 4.135563337e-15 0)
(3 5.927861653e-15 0)
(3 6.448345068e-15 0)
(3 4.543854362e-15 0)
(3 3.054117979e-15 0)
(3 1.192697431e-15 0)
(3 -1.199761282e-15 0)
(3 -2.848323804e-15 0)
(3 -3.115164832e-15 0)
(3 -4.831731645e-15 0)
(3 -9.12804696e-15 0)
(3 -1.221385509e-14 0)
(3 -1.242242256e-14 0)
(3 -1.211402267e-14 0)
(3 -1.291770486e-14 0)
(3 -1.373599032e-14 0)
(3 -1.513970698e-14 0)
(3 -1.567565393e-14 0)
(3 -1.473045707e-14 0)
(3 -1.086021244e-14 0)
(3 -7.92054465e-15 0)
(3 -4.088836586e-15 0)
(3 3.284481284e-18 0)
(3 2.443945027e-15 0)
(3 2.564762811e-15 0)
(3 3.908908437e-15 0)
(3 5.644831305e-15 0)
(3 7.910190387e-15 0)
(3 8.181413423e-15 0)
(3 7.596880626e-15 0)
(3 6.940516967e-15 0)
(3 7.148502809e-15 0)
(3 6.890825596e-15 0)
(3 8.370547617e-15 0)
(3 -2.047212207e-15 0)
(3 -2.272366436e-15 0)
(3 -1.377785403e-15 0)
(3 -2.3737775e-15 0)
(3 -2.3641978e-15 0)
(3 -1.838321591e-15 0)
(3 -1.695705501e-15 0)
(3 -2.988720235e-15 0)
(3 -6.251919112e-15 0)
(3 -7.410880167e-15 0)
(3 -6.901932004e-15 0)
(3 -3.140283906e-15 0)
(3 -8.531831078e-16 0)
(3 1.786868711e-15 0)
(3 4.620923827e-15 0)
(3 7.999419559e-15 0)
(3 9.08023831e-15 0)
(3 9.105396882e-15 0)
(3 8.225943209e-15 0)
(3 8.553990251e-15 0)
(3 9.084456652e-15 0)
(3 9.972696172e-15 0)
(3 9.593795406e-15 0)
(3 9.217314476e-15 0)
(3 9.602714223e-15 0)
(3 1.218462098e-14 0)
(3 1.197973952e-14 0)
(3 9.434359563e-15 0)
(3 3.975569775e-15 0)
(3 2.923426571e-15 0)
(3 1.895403269e-15 0)
(3 7.008043789e-17 0)
(3 -6.750665863e-16 0)
(3 -1.369000264e-15 0)
(3 -2.313551664e-15 0)
(3 -2.314184892e-15 0)
(3 -1.988410737e-15 0)
(3 -2.161765677e-16 0)
(3 -3.886068437e-16 0)
(3 -9.361484013e-16 0)
(3 -1.96681737e-15 0)
(3 -3.722469499e-15 0)
(3 -6.013227429e-15 0)
(3 -9.588639511e-15 0)
(3 -1.414820473e-14 0)
(3 -1.554406638e-14 0)
(3 -1.506169195e-14 0)
(3 -1.430286804e-14 0)
(3 -1.379725932e-14 0)
(3 -1.318238441e-14 0)
(3 -1.237459395e-14 0)
(3 -6.800409762e-15 0)
(3 -2.289250813e-15 0)
(3 9.089742783e-16 0)
(3 2.533990326e-15 0)
(3 5.542959253e-15 0)
(3 7.190748173e-15 0)
(3 8.32681185e-15 0)
(3 9.6457743e-15 0)
(3 1.007771699e-14 0)
(3 1.027326142e-14 0)
(3 1.157776346e-14 0)
(3 1.391594065e-14 0)
(3 1.174965267e-14 0)
(3 1.046617434e-14 0)
(3 8.899382081e-15 0)
(3 7.740413727e-15 0)
(3 -4.393575423e-15 0)
(3 -2.043631749e-15 0)
(3 -1.297493888e-15 0)
(3 -2.124921112e-15 0)
(3 -2.73231774e-15 0)
(3 -2.697400861e-15 0)
(3 -3.439161149e-15 0)
(3 -4.568479815e-15 0)
(3 -6.197914167e-15 0)
(3 -7.109822507e-15 0)
(3 -7.075673358e-15 0)
(3 -5.906945699e-15 0)
(3 -3.540090832e-15 0)
(3 -1.970482093e-15 0)
(3 -1.601933879e-15 0)
(3 7.661786185e-16 0)
(3 1.973052344e-15 0)
(3 2.731912623e-15 0)
(3 2.785345846e-15 0)
(3 4.52453949e-15 0)
(3 5.805470614e-15 0)
(3 6.32095688e-15 0)
(3 6.264263918e-15 0)
(3 7.598254753e-15 0)
(3 9.411554087e-15 0)
(3 1.153259051e-14 0)
(3 1.194838074e-14 0)
(3 1.199136803e-14 0)
(3 8.874931897e-15 0)
(3 7.271705652e-15 0)
(3 4.478020539e-15 0)
(3 2.642669159e-15 0)
(3 -5.709023605e-16 0)
(3 -3.604269485e-15 0)
(3 -8.46655554e-15 0)
(3 -8.957971449e-15 0)
(3 -7.220632067e-15 0)
(3 -6.59975058e-15 0)
(3 -6.477980756e-15 0)
(3 -5.986663072e-15 0)
(3 -4.596987778e-15 0)
(3 -5.145060093e-15 0)
(3 -5.608148417e-15 0)
(3 -5.552328753e-15 0)
(3 -8.53040059e-15 0)
(3 -9.025691362e-15 0)
(3 -9.747271811e-15 0)
(3 -9.144315572e-15 0)
(3 -7.689148203e-15 0)
(3 -5.997908811e-15 0)
(3 -3.68607166e-15 0)
(3 -1.010164229e-15 0)
(3 4.788097255e-15 0)
(3 8.591933445e-15 0)
(3 1.110124396e-14 0)
(3 1.172854859e-14 0)
(3 1.261635964e-14 0)
(3 1.386329547e-14 0)
(3 1.394678923e-14 0)
(3 1.411548716e-14 0)
(3 1.446984267e-14 0)
(3 1.474137556e-14 0)
(3 1.441255264e-14 0)
(3 1.4116296e-14 0)
(3 1.003805695e-14 0)
(3 9.517978316e-15 0)
(3 6.444007568e-15 0)
(3 -1.244574826e-15 0)
(3 6.489400632e-16 0)
(3 9.141630321e-16 0)
(3 1.227009895e-15 0)
(3 4.065385064e-16 0)
(3 -1.712910888e-15 0)
(3 -5.310717922e-15 0)
(3 -6.905236235e-15 0)
(3 -7.71388931e-15 0)
(3 -8.130595366e-15 0)
(3 -8.729527047e-15 0)
(3 -1.019627668e-14 0)
(3 -1.169714949e-14 0)
(3 -1.247640332e-14 0)
(3 -1.257423178e-14 0)
(3 -1.185330056e-14 0)
(3 -9.189850945e-15 0)
(3 -7.336054842e-15 0)
(3 -3.831865625e-15 0)
(3 4.455104802e-16 0)
(3 2.778707895e-15 0)
(3 4.212099388e-15 0)
(3 4.981603978e-15 0)
(3 6.000362177e-15 0)
(3 5.610818712e-15 0)
(3 6.893443954e-15 0)
(3 8.011034898e-15 0)
(3 9.405940932e-15 0)
(3 9.931439182e-15 0)
(3 8.184396267e-15 0)
(3 5.135167093e-15 0)
(3 3.377807158e-15 0)
(3 3.574553666e-15 0)
(3 1.260519715e-15 0)
(3 -4.204776903e-15 0)
(3 -7.015037778e-15 0)
(3 -8.520407186e-15 0)
(3 -8.834503531e-15 0)
(3 -7.092396485e-15 0)
(3 -5.83871181e-15 0)
(3 -3.003794509e-15 0)
(3 -1.056211436e-15 0)
(3 -1.243102744e-15 0)
(3 -2.434109344e-15 0)
(3 -3.968612919e-15 0)
(3 -6.242805749e-15 0)
(3 -5.87124543e-15 0)
(3 -5.676337339e-15 0)
(3 -2.878463755e-15 0)
(3 8.640047677e-16 0)
(3 5.847985225e-15 0)
(3 7.242890438e-15 0)
(3 9.81162492e-15 0)
(3 1.181032992e-14 0)
(3 1.267366419e-14 0)
(3 1.449443131e-14 0)
(3 1.772294395e-14 0)
(3 1.800728841e-14 0)
(3 1.738865699e-14 0)
(3 1.730720097e-14 0)
(3 1.627276554e-14 0)
(3 1.623985666e-14 0)
(3 1.515064233e-14 0)
(3 1.456271936e-14 0)
(3 1.382572938e-14 0)
(3 1.217391822e-14 0)
(3 9.176543318e-15 0)
(3 -1.503949808e-16 0)
(3 -6.108879994e-16 0)
(3 -1.311463306e-15 0)
(3 -2.019703917e-15 0)
(3 -2.342508647e-15 0)
(3 -3.418752487e-15 0)
(3 -5.452568251e-15 0)
(3 -5.381835114e-15 0)
(3 -3.295295277e-15 0)
(3 -2.186147798e-15 0)
(3 -2.698731106e-15 0)
(3 -5.456421594e-15 0)
(3 -8.249412234e-15 0)
(3 -8.788753161e-15 0)
(3 -9.321951291e-15 0)
(3 -1.017776531e-14 0)
(3 -7.520039712e-15 0)
(3 -3.738570342e-15 0)
(3 -9.730832467e-16 0)
(3 4.211105996e-16 0)
(3 2.012025998e-16 0)
(3 1.362816596e-15 0)
(3 2.935859912e-15 0)
(3 2.932436672e-15 0)
(3 1.434400395e-15 0)
(3 7.356182162e-16 0)
(3 1.105033703e-15 0)
(3 2.043112669e-15 0)
(3 3.589947273e-15 0)
(3 5.393764118e-15 0)
(3 6.205903363e-15 0)
(3 5.534124957e-15 0)
(3 5.213035735e-15 0)
(3 3.551769689e-15 0)
(3 5.760847022e-17 0)
(3 -4.933828805e-15 0)
(3 -6.190471308e-15 0)
(3 -5.6187477e-15 0)
(3 -5.110117323e-15 0)
(3 -3.410289386e-15 0)
(3 -2.300311305e-15 0)
(3 -7.966004614e-16 0)
(3 5.765933962e-16 0)
(3 2.570068147e-16 0)
(3 2.220927202e-15 0)
(3 6.747795997e-16 0)
(3 2.76490634e-15 0)
(3 6.686764931e-15 0)
(3 9.893585206e-15 0)
(3 1.040954953e-14 0)
(3 1.018602018e-14 0)
(3 9.970035214e-15 0)
(3 1.103928546e-14 0)
(3 1.174530023e-14 0)
(3 1.146659534e-14 0)
(3 1.347111093e-14 0)
(3 1.334813277e-14 0)
(3 1.436236859e-14 0)
(3 1.42107115e-14 0)
(3 1.343174319e-14 0)
(3 1.296201053e-14 0)
(3 1.340995678e-14 0)
(3 1.391369354e-14 0)
(3 1.361462322e-14 0)
(3 1.28409426e-14 0)
(3 1.169273089e-14 0)
(3 8.315578409e-15 0)
(3 -2.308832935e-15 0)
(3 -3.845680735e-15 0)
(3 -6.02887371e-15 0)
(3 -6.4683297e-15 0)
(3 -7.35932984e-15 0)
(3 -6.066520896e-15 0)
(3 -2.567541067e-15 0)
(3 5.993321984e-16 0)
(3 2.806332671e-15 0)
(3 2.967564769e-15 0)
(3 3.111275525e-15 0)
(3 1.193810322e-15 0)
(3 -3.554576945e-15 0)
(3 -5.400683552e-15 0)
(3 -7.389395943e-15 0)
(3 -9.123659508e-15 0)
(3 -9.922352924e-15 0)
(3 -7.955132162e-15 0)
(3 -7.835470679e-15 0)
(3 -1.098920554e-14 0)
(3 -1.073300465e-14 0)
(3 -8.617535712e-15 0)
(3 -5.960645351e-15 0)
(3 -4.927760009e-15 0)
(3 -8.430065138e-15 0)
(3 -1.088754052e-14 0)
(3 -1.023200156e-14 0)
(3 -8.767065374e-15 0)
(3 -7.564755243e-15 0)
(3 -3.475656921e-15 0)
(3 2.258442798e-16 0)
(3 2.582102963e-15 0)
(3 2.558202732e-15 0)
(3 2.743034427e-15 0)
(3 -2.507292473e-16 0)
(3 -3.817874885e-15 0)
(3 -3.429432739e-15 0)
(3 -2.449314519e-15 0)
(3 -2.003690353e-15 0)
(3 -2.133174784e-15 0)
(3 -2.967293172e-15 0)
(3 -1.533381104e-15 0)
(3 9.572051711e-16 0)
(3 5.424805541e-15 0)
(3 8.666589061e-15 0)
(3 7.973574241e-15 0)
(3 7.915024517e-15 0)
(3 1.101967052e-14 0)
(3 1.206467175e-14 0)
(3 1.262226603e-14 0)
(3 1.188023341e-14 0)
(3 1.139826118e-14 0)
(3 1.034363075e-14 0)
(3 9.574092391e-15 0)
(3 1.070277225e-14 0)
(3 1.013696702e-14 0)
(3 6.52914684e-15 0)
(3 5.541842028e-15 0)
(3 5.999779002e-15 0)
(3 6.890282553e-15 0)
(3 7.619273443e-15 0)
(3 8.259471723e-15 0)
(3 8.425623911e-15 0)
(3 9.044133733e-15 0)
(3 8.820074258e-15 0)
(3 9.03781001e-15 0)
(3 7.182727385e-15 0)
(3 -5.489771533e-15 0)
(3 -5.744020899e-15 0)
(3 -4.739422479e-15 0)
(3 -4.598079804e-15 0)
(3 -4.785841426e-15 0)
(3 7.403464685e-16 0)
(3 4.371317942e-15 0)
(3 4.976573018e-15 0)
(3 3.545616443e-15 0)
(3 5.239451694e-15 0)
(3 7.339975073e-15 0)
(3 7.368370597e-15 0)
(3 6.406657786e-15 0)
(3 3.776135273e-15 0)
(3 6.413779326e-17 0)
(3 -2.018322606e-15 0)
(3 -6.558197905e-15 0)
(3 -1.367138685e-14 0)
(3 -1.519329459e-14 0)
(3 -1.546129142e-14 0)
(3 -1.631824189e-14 0)
(3 -1.660791242e-14 0)
(3 -1.413638468e-14 0)
(3 -1.190778076e-14 0)
(3 -9.87974846e-15 0)
(3 -9.599678109e-15 0)
(3 -1.097732917e-14 0)
(3 -1.078878592e-14 0)
(3 -8.849592837e-15 0)
(3 -5.680094072e-15 0)
(3 -3.701936466e-15 0)
(3 -2.763832529e-15 0)
(3 -4.446464678e-15 0)
(3 -3.813935257e-15 0)
(3 -3.019703762e-15 0)
(3 -2.609749021e-15 0)
(3 -3.288935627e-15 0)
(3 -3.073223918e-15 0)
(3 -1.303250198e-15 0)
(3 5.838111331e-16 0)
(3 6.674368437e-16 0)
(3 2.163448283e-15 0)
(3 5.090576809e-15 0)
(3 7.743360409e-15 0)
(3 1.141866221e-14 0)
(3 1.464492304e-14 0)
(3 1.625691668e-14 0)
(3 1.563888679e-14 0)
(3 1.416811635e-14 0)
(3 1.270302613e-14 0)
(3 1.217280236e-14 0)
(3 1.114503814e-14 0)
(3 8.010443914e-15 0)
(3 7.249962604e-15 0)
(3 7.846487199e-15 0)
(3 5.281757701e-15 0)
(3 2.561285637e-15 0)
(3 2.250091415e-15 0)
(3 2.847360238e-15 0)
(3 3.71341486e-15 0)
(3 4.580727799e-15 0)
(3 6.119789715e-15 0)
(3 6.981375855e-15 0)
(3 6.518765804e-15 0)
(3 5.432252193e-15 0)
(3 6.011283065e-15 0)
(3 5.588842801e-15 0)
(3 -1.167741034e-14 0)
(3 -1.103585258e-14 0)
(3 -9.721918008e-15 0)
(3 -8.566460477e-15 0)
(3 -5.758818879e-15 0)
(3 2.892522324e-16 0)
(3 5.064028763e-15 0)
(3 8.19149403e-15 0)
(3 1.034766415e-14 0)
(3 1.152309212e-14 0)
(3 1.219356653e-14 0)
(3 1.388587727e-14 0)
(3 1.364169081e-14 0)
(3 1.011080408e-14 0)
(3 5.386482649e-15 0)
(3 3.225579927e-15 0)
(3 1.220276516e-15 0)
(3 -4.212481531e-15 0)
(3 -1.025791541e-14 0)
(3 -1.179500115e-14 0)
(3 -1.265544164e-14 0)
(3 -1.245479834e-14 0)
(3 -1.320162547e-14 0)
(3 -1.402294832e-14 0)
(3 -1.211189577e-14 0)
(3 -1.103496682e-14 0)
(3 -1.133648496e-14 0)
(3 -1.155348336e-14 0)
(3 -1.243331599e-14 0)
(3 -1.366112518e-14 0)
(3 -1.536783764e-14 0)
(3 -1.199880478e-14 0)
(3 -8.826923643e-15 0)
(3 -6.90788524e-15 0)
(3 -1.1279164e-15 0)
(3 1.272509279e-15 0)
(3 1.062418183e-15 0)
(3 -1.694191144e-16 0)
(3 2.437192236e-15 0)
(3 4.330121574e-15 0)
(3 5.819260668e-15 0)
(3 6.029839878e-15 0)
(3 8.286272901e-15 0)
(3 1.287832302e-14 0)
(3 1.605332152e-14 0)
(3 1.973536114e-14 0)
(3 2.080136499e-14 0)
(3 2.050073694e-14 0)
(3 1.987110944e-14 0)
(3 1.693269541e-14 0)
(3 1.522314837e-14 0)
(3 1.23426503e-14 0)
(3 1.149669633e-14 0)
(3 1.017182569e-14 0)
(3 8.408336175e-15 0)
(3 5.942922156e-15 0)
(3 4.665618883e-15 0)
(3 3.293646193e-15 0)
(3 2.223402829e-15 0)
(3 1.537108371e-15 0)
(3 5.072833677e-16 0)
(3 7.829381177e-16 0)
(3 2.410421262e-15 0)
(3 3.304048582e-15 0)
(3 4.202254212e-15 0)
(3 5.918450172e-15 0)
(3 6.801878254e-15 0)
(3 -1.265894598e-14 0)
(3 -1.043945461e-14 0)
(3 -6.966309818e-15 0)
(3 -4.947381396e-15 0)
(3 -2.953096802e-15 0)
(3 6.035811062e-16 0)
(3 3.964568193e-15 0)
(3 8.089639668e-15 0)
(3 1.078775108e-14 0)
(3 9.330435492e-15 0)
(3 8.818912504e-15 0)
(3 8.899356607e-15 0)
(3 8.886195563e-15 0)
(3 9.855786121e-15 0)
(3 9.163545025e-15 0)
(3 7.728496107e-15 0)
(3 7.026910447e-15 0)
(3 4.961523363e-15 0)
(3 1.534814701e-15 0)
(3 -4.264938163e-16 0)
(3 -3.638135964e-15 0)
(3 -4.408969242e-15 0)
(3 -5.645187452e-15 0)
(3 -7.660992068e-15 0)
(3 -1.059012011e-14 0)
(3 -1.085230539e-14 0)
(3 -1.029133468e-14 0)
(3 -1.093716927e-14 0)
(3 -1.22378285e-14 0)
(3 -1.439682949e-14 0)
(3 -1.468087686e-14 0)
(3 -1.345325903e-14 0)
(3 -9.900472497e-15 0)
(3 -3.698221102e-15 0)
(3 -7.709839393e-16 0)
(3 1.295500283e-15 0)
(3 2.503820109e-15 0)
(3 4.066579656e-15 0)
(3 4.724095304e-15 0)
(3 5.653067433e-15 0)
(3 6.722579156e-15 0)
(3 8.970128615e-15 0)
(3 1.167549933e-14 0)
(3 1.301890232e-14 0)
(3 1.508000394e-14 0)
(3 1.660584359e-14 0)
(3 1.959668317e-14 0)
(3 1.949088225e-14 0)
(3 1.87110717e-14 0)
(3 1.899003678e-14 0)
(3 1.6664857e-14 0)
(3 1.437471534e-14 0)
(3 1.018076595e-14 0)
(3 5.849317828e-15 0)
(3 4.5277117e-15 0)
(3 4.801037026e-15 0)
(3 4.038734317e-15 0)
(3 2.251755514e-15 0)
(3 -4.868601415e-16 0)
(3 -2.28728199e-15 0)
(3 -1.916428684e-15 0)
(3 -3.025550622e-16 0)
(3 1.011608648e-17 0)
(3 2.063327996e-15 0)
(3 4.902036935e-15 0)
(3 4.280373374e-15 0)
(3 2.861149227e-15 0)
(3 -4.537117348e-15 0)
(3 -3.113340738e-15 0)
(3 -3.465965339e-15 0)
(3 -3.594445093e-15 0)
(3 -1.199584726e-15 0)
(3 5.469110714e-16 0)
(3 2.763138994e-15 0)
(3 2.99280875e-15 0)
(3 4.956466823e-15 0)
(3 5.869150304e-15 0)
(3 8.730811396e-15 0)
(3 1.028650634e-14 0)
(3 1.253199437e-14 0)
(3 1.225399616e-14 0)
(3 1.303750614e-14 0)
(3 1.335723623e-14 0)
(3 1.422862288e-14 0)
(3 1.636253101e-14 0)
(3 1.419028449e-14 0)
(3 9.20838261e-15 0)
(3 3.849119874e-15 0)
(3 -8.784247327e-16 0)
(3 -1.811989031e-15 0)
(3 -1.450899415e-15 0)
(3 -4.305161851e-15 0)
(3 -8.069784188e-15 0)
(3 -7.55830056e-15 0)
(3 -6.610710036e-15 0)
(3 -7.872830071e-15 0)
(3 -1.148524007e-14 0)
(3 -1.067497374e-14 0)
(3 -9.400906768e-15 0)
(3 -7.072199002e-15 0)
(3 -3.929930569e-15 0)
(3 6.971287389e-16 0)
(3 4.879406395e-15 0)
(3 5.834842677e-15 0)
(3 5.849986497e-15 0)
(3 5.409715874e-15 0)
(3 5.17890748e-15 0)
(3 7.196492921e-15 0)
(3 8.04737465e-15 0)
(3 8.157848613e-15 0)
(3 6.900475546e-15 0)
(3 6.081253061e-15 0)
(3 5.769650338e-15 0)
(3 8.383161999e-15 0)
(3 8.098399305e-15 0)
(3 7.101613926e-15 0)
(3 8.21701126e-15 0)
(3 7.947709372e-15 0)
(3 6.28435902e-15 0)
(3 4.311212468e-15 0)
(3 3.121422693e-15 0)
(3 2.367565614e-15 0)
(3 3.469557107e-15 0)
(3 4.160867829e-15 0)
(3 3.585785145e-15 0)
(3 3.165501215e-15 0)
(3 3.110955783e-15 0)
(3 4.07733727e-15 0)
(3 4.365290269e-15 0)
(3 4.085513573e-15 0)
(3 4.772142479e-15 0)
(3 6.853806356e-15 0)
(3 5.488210657e-15 0)
(3 4.319776981e-15 0)
(3 2.937110954e-15 0)
(3 4.460971627e-16 0)
(3 -4.40106241e-15 0)
(3 -7.146762685e-15 0)
(3 -6.695175134e-15 0)
(3 -5.372470274e-15 0)
(3 -3.040718777e-15 0)
(3 -1.40762838e-15 0)
(3 8.863626671e-16 0)
(3 4.240329143e-15 0)
(3 6.199242433e-15 0)
(3 6.571113936e-15 0)
(3 7.390097783e-15 0)
(3 8.131547204e-15 0)
(3 9.507693697e-15 0)
(3 1.239697639e-14 0)
(3 1.56982321e-14 0)
(3 1.695448196e-14 0)
(3 1.281456389e-14 0)
(3 9.964605943e-15 0)
(3 7.542447992e-15 0)
(3 6.592072817e-15 0)
(3 7.500314491e-15 0)
(3 7.221486209e-15 0)
(3 2.688074088e-15 0)
(3 -2.312169918e-15 0)
(3 -3.022707021e-15 0)
(3 -1.581065215e-15 0)
(3 -1.512295313e-15 0)
(3 -1.815268239e-15 0)
(3 -5.069942781e-16 0)
(3 -4.427728943e-16 0)
(3 1.963867587e-16 0)
(3 2.390516109e-15 0)
(3 5.321890919e-15 0)
(3 5.041659065e-15 0)
(3 3.357303505e-15 0)
(3 4.749632637e-15 0)
(3 5.361887745e-15 0)
(3 7.092397405e-15 0)
(3 8.384021642e-15 0)
(3 7.892470403e-15 0)
(3 8.271057165e-15 0)
(3 7.858079578e-15 0)
(3 7.140284573e-15 0)
(3 5.518272583e-15 0)
(3 5.147842135e-15 0)
(3 1.891006739e-15 0)
(3 1.19479867e-15 0)
(3 1.21677611e-15 0)
(3 1.933284675e-15 0)
(3 2.21029888e-15 0)
(3 2.661376858e-15 0)
(3 3.670299212e-15 0)
(3 4.288472013e-15 0)
(3 4.883295119e-15 0)
(3 5.761865873e-15 0)
(3 7.487788765e-15 0)
(3 9.477840972e-15 0)
(3 1.177590193e-14 0)
(3 1.128574321e-14 0)
(3 7.783804844e-15 0)
(3 7.779250128e-15 0)
(3 6.016787066e-15 0)
(3 4.298485752e-15 0)
(3 4.075148616e-15 0)
(3 3.570890775e-15 0)
(3 5.874725185e-15 0)
(3 2.914065702e-15 0)
(3 -1.779965306e-15 0)
(3 -6.051182967e-15 0)
(3 -6.685238687e-15 0)
(3 -5.097402903e-15 0)
(3 -4.327198377e-15 0)
(3 -3.438155679e-15 0)
(3 2.564088896e-16 0)
(3 2.756787424e-15 0)
(3 2.90588349e-15 0)
(3 1.404050669e-15 0)
(3 2.388456842e-15 0)
(3 5.273720384e-15 0)
(3 6.584072531e-15 0)
(3 1.030618002e-14 0)
(3 1.29641763e-14 0)
(3 1.334517893e-14 0)
(3 1.217208794e-14 0)
(3 1.531364534e-14 0)
(3 1.786682273e-14 0)
(3 2.141865394e-14 0)
(3 2.153676854e-14 0)
(3 1.840795461e-14 0)
(3 1.443555606e-14 0)
(3 1.113470468e-14 0)
(3 6.117227203e-15 0)
(3 2.851059418e-15 0)
(3 2.101945197e-15 0)
(3 4.760719651e-15 0)
(3 5.517953812e-15 0)
(3 6.664695105e-15 0)
(3 7.134200267e-15 0)
(3 7.547335555e-15 0)
(3 6.394753399e-15 0)
(3 3.59893766e-15 0)
(3 1.381394481e-16 0)
(3 -6.983259543e-16 0)
(3 1.564628123e-15 0)
(3 3.081519126e-15 0)
(3 1.723326761e-15 0)
(3 5.986065e-16 0)
(3 9.138283511e-16 0)
(3 7.004764511e-16 0)
(3 3.216940259e-16 0)
(3 -1.61203768e-15 0)
(3 -2.530389992e-15 0)
(3 -2.632280293e-15 0)
(3 -2.436030282e-15 0)
(3 -1.987228065e-15 0)
(3 -1.535765265e-15 0)
(3 -1.183431174e-15 0)
(3 -1.860255991e-15 0)
(3 3.822138704e-16 0)
(3 7.125200701e-15 0)
(3 1.007765642e-14 0)
(3 1.087002698e-14 0)
(3 1.200080908e-14 0)
(3 1.236268473e-14 0)
(3 1.237517566e-14 0)
(3 1.256621018e-14 0)
(3 1.327833539e-14 0)
(3 1.161917481e-14 0)
(3 8.109929504e-15 0)
(3 4.860101201e-15 0)
(3 3.369239411e-15 0)
(3 3.936431183e-15 0)
(3 4.09553717e-15 0)
(3 3.131569124e-15 0)
(3 2.81670937e-15 0)
(3 -3.013114401e-18 0)
(3 -1.500486571e-15 0)
(3 -1.495148513e-15 0)
(3 -2.65300544e-15 0)
(3 -3.306359605e-15 0)
(3 -3.117559858e-15 0)
(3 -2.76911388e-15 0)
(3 -2.537244377e-15 0)
(3 -2.113841765e-15 0)
(3 -1.181283186e-15 0)
(3 -5.804276721e-16 0)
(3 1.086406285e-15 0)
(3 3.374785486e-15 0)
(3 6.555715834e-15 0)
(3 9.034192143e-15 0)
(3 1.128986297e-14 0)
(3 1.613018087e-14 0)
(3 1.816534865e-14 0)
(3 1.74757018e-14 0)
(3 1.619641346e-14 0)
(3 1.560191464e-14 0)
(3 1.508407269e-14 0)
(3 1.434627566e-14 0)
(3 1.466571329e-14 0)
(3 1.127914078e-14 0)
(3 7.229249432e-15 0)
(3 7.391290321e-15 0)
(3 9.876340324e-15 0)
(3 9.712636665e-15 0)
(3 9.079083717e-15 0)
(3 4.901568e-15 0)
(3 6.650361004e-16 0)
(3 -1.499106309e-15 0)
(3 -2.167909971e-15 0)
(3 -5.076892893e-15 0)
(3 -4.612251685e-15 0)
(3 -6.012644097e-15 0)
(3 -5.751232899e-15 0)
(3 -3.95757693e-15 0)
(3 -2.007505137e-15 0)
(3 -1.764799364e-15 0)
(3 -1.352812421e-15 0)
(3 -1.405909906e-15 0)
(3 -1.531454226e-15 0)
(3 -1.099509125e-15 0)
(3 2.160692391e-16 0)
(3 2.742996128e-15 0)
(3 2.31444679e-15 0)
(3 2.270399912e-15 0)
(3 5.117721411e-15 0)
(3 9.64492581e-15 0)
(3 1.220832547e-14 0)
(3 1.162649906e-14 0)
(3 1.167795301e-14 0)
(3 1.147555528e-14 0)
(3 1.143746403e-14 0)
(3 1.125643201e-14 0)
(3 1.098797864e-14 0)
(3 1.163222381e-14 0)
(3 9.96184816e-15 0)
(3 5.548157091e-15 0)
(3 4.370169251e-15 0)
(3 4.36005087e-15 0)
(3 4.640039861e-15 0)
(3 4.157044882e-15 0)
(3 4.569159645e-15 0)
(3 4.230184903e-15 0)
(3 2.405792535e-15 0)
(3 2.060530133e-15 0)
(3 -1.042147605e-16 0)
(3 -1.196642845e-15 0)
(3 -3.359591074e-15 0)
(3 -5.669370578e-15 0)
(3 -5.39637799e-15 0)
(3 -5.399886706e-15 0)
(3 -4.837471751e-15 0)
(3 -5.392919199e-15 0)
(3 -5.613956116e-15 0)
(3 -5.590320554e-15 0)
(3 -4.333100579e-15 0)
(3 -2.712511994e-15 0)
(3 8.825101369e-16 0)
(3 5.03854693e-15 0)
(3 9.037202602e-15 0)
(3 1.238137039e-14 0)
(3 1.810417924e-14 0)
(3 1.850852684e-14 0)
(3 1.855183785e-14 0)
(3 1.90985307e-14 0)
(3 2.164449658e-14 0)
(3 2.426307754e-14 0)
(3 2.601589553e-14 0)
(3 2.163708364e-14 0)
(3 1.890012765e-14 0)
(3 1.447448936e-14 0)
(3 1.070676155e-14 0)
(3 7.156718917e-15 0)
(3 7.901629511e-16 0)
(3 -3.942564559e-15 0)
(3 -4.840603215e-15 0)
(3 -3.619410553e-15 0)
(3 -3.68110186e-15 0)
(3 -4.246971382e-15 0)
(3 -4.415712159e-15 0)
(3 -4.295954147e-15 0)
(3 -4.040820355e-15 0)
(3 -7.076237128e-16 0)
(3 2.073212188e-15 0)
(3 2.453048931e-15 0)
(3 3.328662921e-15 0)
(3 3.391477231e-15 0)
(3 4.869029979e-15 0)
(3 1.03741578e-14 0)
(3 1.125405734e-14 0)
(3 1.145653696e-14 0)
(3 1.180159288e-14 0)
(3 1.204082897e-14 0)
(3 1.248548955e-14 0)
(3 1.219116208e-14 0)
(3 1.137320867e-14 0)
(3 1.003693061e-14 0)
(3 8.475663625e-15 0)
(3 7.580296201e-15 0)
(3 7.309234344e-15 0)
(3 6.845280013e-15 0)
(3 6.927247401e-15 0)
(3 4.377896992e-15 0)
(3 1.877700383e-15 0)
(3 1.59094738e-15 0)
(3 1.418912966e-15 0)
(3 1.605841765e-15 0)
(3 3.786105356e-15 0)
(3 6.190247901e-15 0)
(3 4.483914536e-15 0)
(3 2.028323229e-15 0)
(3 3.307322254e-16 0)
(3 -2.160958465e-15 0)
(3 -1.973257347e-15 0)
(3 -3.286010494e-15 0)
(3 -5.716978293e-15 0)
(3 -8.503596839e-15 0)
(3 -9.467638635e-15 0)
(3 -1.120329335e-14 0)
(3 -1.062560251e-14 0)
(3 -1.078976003e-14 0)
(3 -9.33070014e-15 0)
(3 -8.56942379e-15 0)
(3 -5.807485809e-15 0)
(3 -4.140397277e-15 0)
(3 6.80023776e-16 0)
(3 5.521436297e-15 0)
(3 9.963690752e-15 0)
(3 1.29131055e-14 0)
(3 1.410496811e-14 0)
(3 1.545094682e-14 0)
(3 1.59078452e-14 0)
(3 1.978905381e-14 0)
(3 2.144071991e-14 0)
(3 2.25759716e-14 0)
(3 2.145092687e-14 0)
(3 1.915267345e-14 0)
(3 1.31946391e-14 0)
(3 8.080191577e-15 0)
(3 5.542909222e-15 0)
(3 3.720523674e-17 0)
(3 -4.910798489e-15 0)
(3 -4.926357933e-15 0)
(3 -2.262509268e-15 0)
(3 -6.105730913e-16 0)
(3 1.61387767e-15 0)
(3 2.258695612e-15 0)
(3 1.786020322e-15 0)
(3 1.815687519e-15 0)
(3 2.209178144e-15 0)
(3 1.968831654e-15 0)
(3 1.16718087e-15 0)
(3 2.210071924e-15 0)
(3 5.304305091e-15 0)
(3 8.507691538e-15 0)
(3 9.467129677e-15 0)
(3 1.001825363e-14 0)
(3 1.110784879e-14 0)
(3 1.246779942e-14 0)
(3 1.269872989e-14 0)
(3 1.02127293e-14 0)
(3 7.267554272e-15 0)
(3 7.055925307e-15 0)
(3 5.385521874e-15 0)
(3 4.191861633e-15 0)
(3 2.465166655e-15 0)
(3 2.484499727e-15 0)
(3 1.516548553e-15 0)
(3 -7.871709382e-16 0)
(3 -1.889517757e-15 0)
(3 -1.800430033e-15 0)
(3 -1.72588621e-15 0)
(3 -2.428592451e-15 0)
(3 -1.77451199e-15 0)
(3 -4.705908891e-16 0)
(3 3.243935359e-16 0)
(3 6.94925099e-16 0)
(3 4.906653356e-16 0)
(3 -1.86616291e-15 0)
(3 -3.909389318e-15 0)
(3 -3.641933324e-15 0)
(3 -4.564655035e-15 0)
(3 -7.971516008e-15 0)
(3 -1.207619005e-14 0)
(3 -1.351492366e-14 0)
(3 -1.408799921e-14 0)
(3 -1.297027643e-14 0)
(3 -1.005174663e-14 0)
(3 -8.253103854e-15 0)
(3 -7.741546056e-15 0)
(3 -6.766561669e-15 0)
(3 -6.156675604e-15 0)
(3 -3.312967518e-15 0)
(3 5.597094793e-16 0)
(3 2.745310426e-15 0)
(3 2.144761657e-15 0)
(3 6.132731303e-15 0)
(3 9.812774832e-15 0)
(3 1.139987396e-14 0)
(3 1.455190079e-14 0)
(3 1.676373726e-14 0)
(3 1.655560896e-14 0)
(3 1.456767807e-14 0)
(3 1.248934491e-14 0)
(3 8.877782303e-15 0)
(3 7.140589346e-15 0)
(3 5.216031866e-15 0)
(3 3.511101524e-15 0)
(3 2.741864111e-15 0)
(3 2.721068071e-15 0)
(3 1.144256579e-15 0)
(3 1.825426252e-15 0)
(3 3.007258429e-15 0)
(3 4.061094917e-15 0)
(3 4.351440226e-15 0)
(3 5.60865113e-15 0)
(3 6.845968403e-15 0)
(3 6.891583397e-15 0)
(3 7.364229954e-15 0)
(3 8.85694212e-15 0)
(3 8.680855231e-15 0)
(3 8.408602418e-15 0)
(3 8.336471302e-15 0)
(3 8.152339602e-15 0)
(3 9.325835675e-15 0)
(3 1.029315328e-14 0)
(3 1.00731113e-14 0)
(3 6.568424774e-15 0)
(3 4.504063333e-15 0)
(3 4.053240582e-15 0)
(3 1.488932261e-15 0)
(3 -1.218195244e-15 0)
(3 -2.276203828e-15 0)
(3 -3.597134346e-15 0)
(3 -3.863988244e-15 0)
(3 -4.102972622e-15 0)
(3 -4.624278455e-15 0)
(3 -4.343924792e-15 0)
(3 -6.07187022e-15 0)
(3 -8.384686167e-15 0)
(3 -8.70737248e-15 0)
(3 7.995877511e-16 0)
(3 -2.155252977e-16 0)
(3 -6.765803317e-16 0)
(3 -9.235984639e-16 0)
(3 -1.756016085e-15 0)
(3 -3.788864619e-15 0)
(3 -9.556200158e-15 0)
(3 -1.011653784e-14 0)
(3 -9.73261499e-15 0)
(3 -8.803409351e-15 0)
(3 -9.094778238e-15 0)
(3 -7.594265357e-15 0)
(3 -7.41860882e-15 0)
(3 -8.661160216e-15 0)
(3 -7.880949925e-15 0)
(3 -8.574238352e-15 0)
(3 -8.578828647e-15 0)
(3 -1.028316343e-14 0)
(3 -1.025113638e-14 0)
(3 -1.188609165e-14 0)
(3 -9.062516162e-15 0)
(3 -7.823156266e-15 0)
(3 -6.836023079e-15 0)
(3 -4.758642871e-15 0)
(3 -1.11349424e-15 0)
(3 2.089156996e-15 0)
(3 3.003730795e-15 0)
(3 5.685751221e-15 0)
(3 7.299190174e-15 0)
(3 7.008749047e-15 0)
(3 7.316567886e-15 0)
(3 7.671959762e-15 0)
(3 7.508717112e-15 0)
(3 8.443223386e-15 0)
(3 8.301443395e-15 0)
(3 8.914317913e-15 0)
(3 9.590778331e-15 0)
(3 9.56062786e-15 0)
(3 8.950835916e-15 0)
(3 9.921290035e-15 0)
(3 1.044471013e-14 0)
(3 1.082116063e-14 0)
(3 1.102314965e-14 0)
(3 1.187412882e-14 0)
(3 1.187235712e-14 0)
(3 1.118725735e-14 0)
(3 1.073909467e-14 0)
(3 9.812451931e-15 0)
(3 9.412636346e-15 0)
(3 6.551901808e-15 0)
(3 6.045213509e-15 0)
(3 7.404422479e-15 0)
(3 6.781561579e-15 0)
(3 4.894148014e-15 0)
(3 3.661415761e-15 0)
(3 2.751587998e-15 0)
(3 -1.310430111e-15 0)
(3 -3.872557525e-15 0)
(3 -5.272155135e-15 0)
(3 -5.015823143e-15 0)
(3 -6.037804518e-15 0)
(3 -7.151617858e-15 0)
(3 -8.120224117e-15 0)
(3 -1.053549932e-14 0)
(3 -1.187787461e-14 0)
(3 -1.184331577e-14 0)
(3 -1.068724373e-14 0)
(3 1.821163614e-15 0)
(3 4.390658387e-16 0)
(3 -3.399002173e-16 0)
(3 -1.952874286e-15 0)
(3 -2.399751886e-15 0)
(3 -4.215412106e-15 0)
(3 -7.683875406e-15 0)
(3 -8.679462917e-15 0)
(3 -9.942233775e-15 0)
(3 -9.042321482e-15 0)
(3 -7.844223967e-15 0)
(3 -5.862888679e-15 0)
(3 -5.725260288e-15 0)
(3 -5.825263459e-15 0)
(3 -6.090864736e-15 0)
(3 -6.532456087e-15 0)
(3 -8.624175615e-15 0)
(3 -1.046263048e-14 0)
(3 -1.378106318e-14 0)
(3 -1.877649657e-14 0)
(3 -1.957945102e-14 0)
(3 -1.872241727e-14 0)
(3 -1.477143805e-14 0)
(3 -1.295513234e-14 0)
(3 -1.510917036e-14 0)
(3 -1.696791365e-14 0)
(3 -1.656412729e-14 0)
(3 -1.135011368e-14 0)
(3 -1.702601877e-15 0)
(3 3.168243831e-15 0)
(3 4.193011912e-15 0)
(3 5.564534076e-15 0)
(3 7.67031432e-15 0)
(3 1.05669314e-14 0)
(3 1.296849388e-14 0)
(3 1.237234582e-14 0)
(3 1.283194181e-14 0)
(3 1.379347735e-14 0)
(3 1.314931351e-14 0)
(3 1.33934026e-14 0)
(3 1.362325305e-14 0)
(3 1.213315341e-14 0)
(3 9.93542025e-15 0)
(3 9.234656964e-15 0)
(3 9.125550591e-15 0)
(3 8.035515029e-15 0)
(3 8.770024303e-15 0)
(3 9.335365173e-15 0)
(3 8.554848392e-15 0)
(3 6.743701681e-15 0)
(3 4.940890771e-15 0)
(3 3.576795021e-15 0)
(3 1.662837996e-15 0)
(3 2.966437932e-15 0)
(3 -1.225980323e-16 0)
(3 -2.503084413e-15 0)
(3 -6.336163795e-15 0)
(3 -7.470601578e-15 0)
(3 -9.393482524e-15 0)
(3 -1.245740541e-14 0)
(3 -1.467275512e-14 0)
(3 -1.449823398e-14 0)
(3 -1.41208318e-14 0)
(3 -1.442328956e-14 0)
(3 -1.341205245e-14 0)
(3 -1.198793057e-14 0)
(3 -1.06902388e-14 0)
(3 4.922860163e-15 0)
(3 2.291089516e-15 0)
(3 -1.697893336e-15 0)
(3 -4.867082347e-15 0)
(3 -4.519634171e-15 0)
(3 -2.782959635e-15 0)
(3 -3.588125569e-17 0)
(3 -3.614464546e-15 0)
(3 -4.471618891e-15 0)
(3 -5.823303605e-15 0)
(3 -4.294005401e-15 0)
(3 -3.42947778e-15 0)
(3 -2.38617051e-15 0)
(3 -9.72551135e-16 0)
(3 -8.869399987e-16 0)
(3 -1.620502563e-15 0)
(3 -3.803265084e-15 0)
(3 -6.509921808e-15 0)
(3 -1.105481644e-14 0)
(3 -1.500696697e-14 0)
(3 -1.716868101e-14 0)
(3 -1.726840465e-14 0)
(3 -1.584088401e-14 0)
(3 -1.846981377e-14 0)
(3 -2.209534516e-14 0)
(3 -2.182290814e-14 0)
(3 -1.960204251e-14 0)
(3 -1.672565504e-14 0)
(3 -9.216641321e-15 0)
(3 -7.520452654e-16 0)
(3 5.856880038e-15 0)
(3 7.898918071e-15 0)
(3 9.041612325e-15 0)
(3 9.994079972e-15 0)
(3 1.019926601e-14 0)
(3 1.053857338e-14 0)
(3 1.177027442e-14 0)
(3 1.345876618e-14 0)
(3 1.341598465e-14 0)
(3 1.38960854e-14 0)
(3 1.437073003e-14 0)
(3 1.298751544e-14 0)
(3 1.280233714e-14 0)
(3 1.183544432e-14 0)
(3 1.086107742e-14 0)
(3 9.68001743e-15 0)
(3 6.127848992e-15 0)
(3 4.53079642e-15 0)
(3 3.492348814e-15 0)
(3 2.098243293e-15 0)
(3 1.932151334e-15 0)
(3 2.849415314e-16 0)
(3 -1.316824728e-15 0)
(3 -2.741344436e-15 0)
(3 -4.738847076e-15 0)
(3 -5.117432067e-15 0)
(3 -7.826860489e-15 0)
(3 -9.5357337e-15 0)
(3 -1.225010399e-14 0)
(3 -1.399709558e-14 0)
(3 -1.424359604e-14 0)
(3 -1.391148114e-14 0)
(3 -1.343688567e-14 0)
(3 -1.379694147e-14 0)
(3 -1.412573482e-14 0)
(3 -1.466945533e-14 0)
(3 -1.443809785e-14 0)
(3 2.238156409e-15 0)
(3 1.627248966e-15 0)
(3 -9.499580606e-16 0)
(3 1.313722151e-15 0)
(3 5.93380313e-16 0)
(3 2.159927111e-15 0)
(3 1.580948619e-15 0)
(3 3.093393461e-16 0)
(3 -2.317252844e-16 0)
(3 1.301789326e-15 0)
(3 1.685092609e-15 0)
(3 3.055647584e-15 0)
(3 5.133612259e-15 0)
(3 5.383852137e-15 0)
(3 3.321265511e-15 0)
(3 6.398352002e-16 0)
(3 -3.302765183e-15 0)
(3 -6.980129183e-15 0)
(3 -8.976420007e-15 0)
(3 -1.206469201e-14 0)
(3 -1.357425408e-14 0)
(3 -1.573412419e-14 0)
(3 -1.841219733e-14 0)
(3 -1.944411543e-14 0)
(3 -1.890432884e-14 0)
(3 -1.84900884e-14 0)
(3 -1.785339443e-14 0)
(3 -1.760696531e-14 0)
(3 -1.734703442e-14 0)
(3 -9.400847856e-15 0)
(3 2.331193151e-16 0)
(3 2.292767021e-15 0)
(3 2.48411678e-15 0)
(3 2.328770083e-15 0)
(3 1.580806196e-15 0)
(3 3.23384112e-15 0)
(3 6.807677111e-15 0)
(3 9.351204591e-15 0)
(3 1.157774417e-14 0)
(3 1.26865078e-14 0)
(3 1.492184589e-14 0)
(3 1.623283222e-14 0)
(3 1.539007982e-14 0)
(3 1.531298825e-14 0)
(3 1.384935352e-14 0)
(3 1.040267357e-14 0)
(3 7.75732186e-15 0)
(3 5.050596315e-15 0)
(3 2.100896619e-15 0)
(3 -1.049483688e-15 0)
(3 -3.042640883e-15 0)
(3 -3.39848221e-15 0)
(3 -2.660240888e-15 0)
(3 -2.709685447e-15 0)
(3 -2.887022407e-15 0)
(3 -4.602915786e-15 0)
(3 -6.141319575e-15 0)
(3 -9.16471733e-15 0)
(3 -1.249034391e-14 0)
(3 -1.592287057e-14 0)
(3 -1.730788788e-14 0)
(3 -1.798164927e-14 0)
(3 -1.825017401e-14 0)
(3 -1.73225211e-14 0)
(3 -1.643467485e-14 0)
(3 -1.465046487e-14 0)
(3 -1.334515903e-14 0)
(3 -4.581874758e-15 0)
(3 -4.050534555e-15 0)
(3 2.448926814e-15 0)
(3 5.826432252e-15 0)
(3 9.655220849e-15 0)
(3 1.017808544e-14 0)
(3 8.202835467e-15 0)
(3 1.069613856e-14 0)
(3 1.18728933e-14 0)
(3 1.271412847e-14 0)
(3 1.192775456e-14 0)
(3 1.049404233e-14 0)
(3 7.874343473e-15 0)
(3 5.814348196e-15 0)
(3 3.81890027e-15 0)
(3 -5.471520509e-16 0)
(3 -1.461297309e-15 0)
(3 -3.570317094e-15 0)
(3 -5.861854839e-15 0)
(3 -6.621334084e-15 0)
(3 -8.07948629e-15 0)
(3 -1.064734625e-14 0)
(3 -1.305665084e-14 0)
(3 -1.435089362e-14 0)
(3 -1.496125073e-14 0)
(3 -1.465987609e-14 0)
(3 -1.493820189e-14 0)
(3 -1.640189839e-14 0)
(3 -1.727122762e-14 0)
(3 -1.66277029e-14 0)
(3 -1.553288777e-14 0)
(3 -1.110863252e-14 0)
(3 -5.938976392e-15 0)
(3 -1.440609488e-15 0)
(3 -2.526554154e-16 0)
(3 4.452357568e-15 0)
(3 5.917021517e-15 0)
(3 7.973364005e-15 0)
(3 1.141731739e-14 0)
(3 1.301114475e-14 0)
(3 1.597339508e-14 0)
(3 1.88117245e-14 0)
(3 1.856345043e-14 0)
(3 1.737030558e-14 0)
(3 1.337150774e-14 0)
(3 9.807210514e-15 0)
(3 8.210520384e-15 0)
(3 7.115141189e-15 0)
(3 4.733243634e-15 0)
(3 2.746395855e-15 0)
(3 1.183966815e-15 0)
(3 -6.379415343e-16 0)
(3 -1.418813623e-15 0)
(3 -1.911088768e-15 0)
(3 -1.112551305e-15 0)
(3 -1.034261961e-15 0)
(3 -1.870416677e-15 0)
(3 -4.719912056e-15 0)
(3 -5.904239061e-15 0)
(3 -7.959462353e-15 0)
(3 -8.923657513e-15 0)
(3 -9.339450957e-15 0)
(3 -1.035431255e-14 0)
(3 -1.089454556e-14 0)
(3 -1.016860638e-14 0)
(3 -8.845039188e-15 0)
(3 -6.181233949e-15 0)
(3 1.730185177e-14 0)
(3 1.700387156e-14 0)
(3 1.508123572e-14 0)
(3 1.09714842e-14 0)
(3 6.779888443e-15 0)
(3 5.773254328e-15 0)
(3 5.88350357e-15 0)
(3 4.745869897e-15 0)
(3 3.65177572e-15 0)
(3 4.168994111e-15 0)
(3 4.365263513e-15 0)
(3 1.541681015e-15 0)
(3 -1.666987296e-15 0)
(3 -5.480427678e-15 0)
(3 -6.548620816e-15 0)
(3 -7.754471387e-15 0)
(3 -8.194813827e-15 0)
(3 -1.104029634e-14 0)
(3 -1.170009205e-14 0)
(3 -1.260243831e-14 0)
(3 -1.397940654e-14 0)
(3 -1.427292273e-14 0)
(3 -1.298010426e-14 0)
(3 -1.17823151e-14 0)
(3 -1.081612363e-14 0)
(3 -6.531101348e-15 0)
(3 -4.175654406e-15 0)
(3 1.017765619e-15 0)
(3 5.449316265e-15 0)
(3 6.745551644e-15 0)
(3 8.763896419e-15 0)
(3 1.163918576e-14 0)
(3 1.287444824e-14 0)
(3 1.257244705e-14 0)
(3 1.229276781e-14 0)
(3 8.574446835e-15 0)
(3 7.128844647e-15 0)
(3 5.524342169e-15 0)
(3 4.272410245e-15 0)
(3 3.021953848e-15 0)
(3 4.081572739e-15 0)
(3 4.112060043e-15 0)
(3 1.236665835e-15 0)
(3 -1.631434046e-15 0)
(3 -2.687662175e-15 0)
(3 -2.840661175e-15 0)
(3 -1.496117961e-15 0)
(3 4.741186705e-16 0)
(3 9.931700131e-16 0)
(3 -3.734694224e-16 0)
(3 -5.408486914e-16 0)
(3 -1.315220527e-15 0)
(3 -2.100530681e-15 0)
(3 -2.568991073e-15 0)
(3 -2.910635526e-15 0)
(3 -2.456845042e-15 0)
(3 -1.31727032e-15 0)
(3 -2.588354325e-15 0)
(3 -5.612100443e-15 0)
(3 -3.232027337e-15 0)
(3 2.928350098e-15 0)
(3 4.80533285e-15 0)
(3 5.232220745e-15 0)
(3 4.313053506e-15 0)
(3 3.830947546e-15 0)
(3 3.360026114e-15 0)
(3 3.419818768e-15 0)
(3 3.091959849e-15 0)
(3 2.714003374e-15 0)
(3 2.368940841e-15 0)
(3 2.424666614e-15 0)
(3 3.795931912e-16 0)
(3 -5.415413301e-16 0)
(3 -1.454363534e-15 0)
(3 -3.538817411e-15 0)
(3 -4.860936929e-15 0)
(3 -2.240154564e-15 0)
(3 -3.837262041e-17 0)
(3 6.708183252e-16 0)
(3 -9.523965319e-17 0)
(3 1.899137351e-15 0)
(3 3.437372808e-15 0)
(3 3.733131373e-15 0)
(3 2.903237375e-15 0)
(3 1.443362024e-15 0)
(3 7.618638881e-16 0)
(3 9.353431459e-16 0)
(3 4.436359635e-18 0)
(3 6.582813791e-15 0)
(3 6.340152728e-15 0)
)
;

boundaryField
{
    inlet
    {
        type            fixedValue;
        value           nonuniform 0();
    }
    outlet
    {
        type            inletOutlet;
        inletValue      nonuniform 0();
        value           nonuniform 0();
    }
    bottom
    {
        type            slip;
    }
    top
    {
        type            slip;
    }
    obstacle
    {
        type            slip;
    }
    defaultFaces
    {
        type            empty;
    }
    procBoundary8to1
    {
        type            processor;
        value           uniform (3 -6.608823196e-15 0);
    }
    procBoundary8to2
    {
        type            processor;
        value           nonuniform List<vector> 
68
(
(3 -7.105197187e-15 0)
(3 -7.385154158e-15 0)
(3 -7.734875689e-15 0)
(3 -7.036405628e-15 0)
(3 -5.06143726e-15 0)
(3 -3.197039314e-15 0)
(3 -3.087350549e-15 0)
(3 -1.566745647e-15 0)
(3 -2.207396919e-15 0)
(3 -3.054686637e-15 0)
(3 -4.374139937e-15 0)
(3 -6.49096138e-15 0)
(3 -9.146356245e-15 0)
(3 -1.049550764e-14 0)
(3 -1.030003795e-14 0)
(3 -8.96376886e-15 0)
(3 -7.465361657e-15 0)
(3 -5.787683216e-15 0)
(3 -5.048723717e-15 0)
(3 -4.966454459e-15 0)
(3 -5.384105056e-15 0)
(3 -6.259469594e-15 0)
(3 -8.339764178e-15 0)
(3 -8.841260046e-15 0)
(3 -7.330347186e-15 0)
(3 -2.701404173e-15 0)
(3 -9.998898917e-16 0)
(3 -1.78175871e-15 0)
(3 -2.660247396e-16 0)
(3 -1.615007494e-16 0)
(3 -5.409034054e-16 0)
(3 -2.683915139e-16 0)
(3 5.982884207e-16 0)
(3 1.531257118e-15 0)
(3 -8.414348827e-16 0)
(3 -3.491047258e-15 0)
(3 -4.689685048e-15 0)
(3 -5.118442353e-15 0)
(3 -4.137267039e-15 0)
(3 -3.438666408e-15 0)
(3 -2.981973982e-15 0)
(3 -1.25356127e-15 0)
(3 1.323001825e-15 0)
(3 2.713443665e-15 0)
(3 3.019781422e-15 0)
(3 4.398713524e-15 0)
(3 6.678395234e-15 0)
(3 8.048215707e-15 0)
(3 9.921019453e-15 0)
(3 1.095429855e-14 0)
(3 1.005028011e-14 0)
(3 7.261500853e-15 0)
(3 5.893546124e-15 0)
(3 5.219239531e-15 0)
(3 2.88391115e-15 0)
(3 1.582377917e-15 0)
(3 1.582377917e-15 0)
(3 -2.10839291e-16 0)
(3 -9.140583782e-16 0)
(3 -2.129884075e-15 0)
(3 -2.499325181e-15 0)
(3 -2.698475929e-16 0)
(3 -1.057734832e-15 0)
(3 -2.533964987e-15 0)
(3 -4.493471929e-15 0)
(3 -5.47515982e-15 0)
(3 -5.339570154e-15 0)
(3 -7.173051195e-15 0)
)
;
    }
    procBoundary8to3
    {
        type            processor;
        value           nonuniform List<vector> 
28
(
(3 -1.016268887e-14 0)
(3 -7.930870792e-15 0)
(3 -8.804078077e-15 0)
(3 -9.719274869e-15 0)
(3 -6.755483477e-15 0)
(3 -4.286211246e-15 0)
(3 -1.833030131e-15 0)
(3 -2.259562261e-15 0)
(3 2.709225847e-15 0)
(3 7.872114702e-15 0)
(3 7.432083847e-15 0)
(3 6.354082697e-15 0)
(3 5.557440401e-15 0)
(3 5.117697134e-15 0)
(3 4.880421837e-15 0)
(3 3.060108477e-15 0)
(3 3.276757568e-15 0)
(3 4.820098006e-15 0)
(3 1.175843304e-15 0)
(3 7.392581502e-16 0)
(3 6.370317383e-16 0)
(3 8.918439006e-16 0)
(3 4.234581225e-15 0)
(3 2.31553818e-15 0)
(3 -4.854923809e-15 0)
(3 -8.754399433e-15 0)
(3 -7.786357357e-15 0)
(3 -8.694318534e-15 0)
)
;
    }
    procBoundary8to7
    {
        type            processor;
        value           nonuniform List<vector> 
31
(
(3 -7.129402562e-15 0)
(3 -3.167627894e-15 0)
(3 -9.255500419e-16 0)
(3 1.829952236e-15 0)
(3 4.561552909e-15 0)
(3 9.554800163e-15 0)
(3 4.339392461e-15 0)
(3 -6.110477842e-15 0)
(3 -4.137313752e-15 0)
(3 -7.179034515e-15 0)
(3 -8.457987078e-15 0)
(3 -3.130439581e-15 0)
(3 -5.885222975e-15 0)
(3 -4.188004513e-15 0)
(3 -2.033306504e-16 0)
(3 -1.087775953e-15 0)
(3 -5.420952585e-15 0)
(3 -1.120075601e-14 0)
(3 -1.585831473e-14 0)
(3 -9.77722251e-15 0)
(3 2.910801064e-15 0)
(3 5.803388333e-15 0)
(3 5.522166161e-15 0)
(3 4.433359402e-15 0)
(3 1.730889371e-15 0)
(3 -1.107636602e-15 0)
(3 1.073290148e-15 0)
(3 2.633852452e-15 0)
(3 7.009702939e-15 0)
(3 3.87674104e-15 0)
(3 -4.689958822e-15 0)
)
;
    }
    procBoundary8to9
    {
        type            processor;
        value           nonuniform List<vector> 6((3 -9.984520016e-15 0) (3 -6.611404482e-15 0) (3 -5.210647286e-15 0) (3 -4.411931648e-15 0) (3 3.135882483e-16 0) (3 5.933861901e-15 0));
    }
    procBoundary8to14
    {
        type            processor;
        value           nonuniform List<vector> 
70
(
(3 -3.764058792e-15 0)
(3 -1.195162306e-15 0)
(3 3.048880196e-15 0)
(3 5.551067088e-15 0)
(3 9.509073653e-15 0)
(3 1.255603886e-14 0)
(3 1.386102661e-14 0)
(3 1.607669318e-14 0)
(3 1.685979709e-14 0)
(3 1.685979709e-14 0)
(3 1.616047384e-14 0)
(3 1.442811365e-14 0)
(3 1.209393554e-14 0)
(3 1.186491041e-14 0)
(3 1.125344588e-14 0)
(3 1.092262623e-14 0)
(3 1.035924088e-14 0)
(3 8.080295437e-15 0)
(3 7.586104073e-15 0)
(3 8.404637306e-15 0)
(3 9.921306909e-15 0)
(3 7.864362293e-15 0)
(3 7.163135974e-15 0)
(3 3.536185289e-15 0)
(3 -6.382990908e-16 0)
(3 -1.624112568e-15 0)
(3 -3.075522683e-15 0)
(3 -3.781988889e-15 0)
(3 -5.633707911e-15 0)
(3 -7.289412474e-15 0)
(3 -9.757331073e-15 0)
(3 -1.243097208e-14 0)
(3 -1.232402317e-14 0)
(3 -1.492039461e-14 0)
(3 -1.316958656e-14 0)
(3 -1.223537264e-14 0)
(3 -1.125136777e-14 0)
(3 -8.108113186e-15 0)
(3 -8.108113186e-15 0)
(3 -9.984015594e-15 0)
(3 -9.579255033e-15 0)
(3 -7.179925818e-15 0)
(3 -8.074389062e-15 0)
(3 -8.131877614e-15 0)
(3 -6.097364598e-15 0)
(3 -1.776495526e-15 0)
(3 -4.889276509e-16 0)
(3 -8.285100914e-17 0)
(3 3.661080637e-16 0)
(3 1.076761232e-15 0)
(3 2.376260486e-15 0)
(3 1.022918321e-15 0)
(3 -1.198731684e-16 0)
(3 -2.339264231e-15 0)
(3 -4.031959366e-15 0)
(3 -5.265953156e-15 0)
(3 -4.851217598e-15 0)
(3 -1.099791922e-15 0)
(3 1.814984746e-16 0)
(3 1.223355283e-15 0)
(3 3.130009519e-15 0)
(3 4.929067476e-15 0)
(3 5.46346028e-15 0)
(3 6.15356124e-15 0)
(3 6.854629589e-15 0)
(3 6.409438121e-15 0)
(3 5.248617814e-15 0)
(3 5.248617814e-15 0)
(3 1.055841273e-14 0)
(3 1.098311319e-14 0)
)
;
    }
}


// ************************************************************************* //
