/*--------------------------------*- C++ -*----------------------------------*\
  =========                 |
  \\      /  F ield         | OpenFOAM: The Open Source CFD Toolbox
   \\    /   O peration     | Website:  https://openfoam.org
    \\  /    A nd           | Version:  7
     \\/     M anipulation  |
\*---------------------------------------------------------------------------*/
FoamFile
{
    version     2.0;
    format      ascii;
    class       volVectorField;
    location    "3.7";
    object      U;
}
// * * * * * * * * * * * * * * * * * * * * * * * * * * * * * * * * * * * * * //

dimensions      [0 1 -1 0 0 0 0];

internalField   nonuniform List<vector> 
2222
(
(1.924594315 0.003196451857 0)
(1.950272321 0.003480777411 0)
(1.975689047 0.003694525959 0)
(2.000383538 0.003818099907 0)
(2.024018254 0.003883994426 0)
(2.046482667 0.003916438645 0)
(2.067981823 0.003937563242 0)
(2.088917039 0.003987377799 0)
(2.10960352 0.004111099622 0)
(2.130090384 0.004301967374 0)
(2.150242404 0.004496118242 0)
(2.169846291 0.004634186059 0)
(2.188710778 0.004717100002 0)
(2.206781311 0.004765141633 0)
(2.224207551 0.00480662405 0)
(2.241307019 0.004849215077 0)
(2.258438984 0.004900886652 0)
(2.275423571 0.004996890209 0)
(2.291907944 0.005108032613 0)
(2.307834502 0.005162013949 0)
(2.323206155 0.005180464979 0)
(2.33795195 0.005309172964 0)
(2.35192621 0.005351096024 0)
(2.365416752 0.005288225842 0)
(2.378667553 0.005217949451 0)
(2.391833138 0.00517675083 0)
(2.40496585 0.005124063374 0)
(2.417957738 0.0050830792 0)
(2.430662608 0.005097057705 0)
(2.442927416 0.005167978872 0)
(2.454660457 0.005255594124 0)
(2.466064014 0.005289596366 0)
(1.923652055 0.009387345183 0)
(1.949065032 0.01020770922 0)
(1.974208387 0.01081185465 0)
(1.998726388 0.01121662072 0)
(2.022284761 0.0114537235 0)
(2.044764825 0.01161234904 0)
(2.066348689 0.01176014696 0)
(2.087377289 0.01196087637 0)
(2.108080537 0.01229267493 0)
(2.12847368 0.01276926155 0)
(2.148447466 0.01326692506 0)
(2.167867666 0.0136296964 0)
(2.186616217 0.01383652772 0)
(2.204645841 0.01395226136 0)
(2.222130332 0.0140563691 0)
(2.239202493 0.01418831455 0)
(2.256067081 0.01424747619 0)
(2.272823257 0.01447962608 0)
(2.289020389 0.01471687992 0)
(2.304525029 0.01466025932 0)
(2.319675819 0.01453104099 0)
(2.334329124 0.014817389 0)
(2.348276669 0.01486794619 0)
(2.36187629 0.01475898903 0)
(2.375273529 0.01464817803 0)
(2.388554362 0.0145817236 0)
(2.401802127 0.01443613809 0)
(2.414899053 0.01432850814 0)
(2.427621903 0.01439455691 0)
(2.439820467 0.01462984229 0)
(2.451446773 0.01488244217 0)
(2.462733883 0.01490790905 0)
(1.923927517 0.01562804542 0)
(1.949384705 0.01695601353 0)
(1.974507174 0.01797099296 0)
(1.998975412 0.01863618062 0)
(2.02242993 0.01903608425 0)
(2.044771165 0.01931608106 0)
(2.06620299 0.01962759931 0)
(2.087083696 0.02006778844 0)
(2.10767389 0.02069297544 0)
(2.128021758 0.02147000394 0)
(2.147980282 0.0222224211 0)
(2.167355691 0.02275557537 0)
(2.186036206 0.02304790863 0)
(2.204032941 0.0232167697 0)
(2.221516624 0.02337045668 0)
(2.23853305 0.023692306 0)
(2.255163404 0.0240523144 0)
(2.271676189 0.02444636293 0)
(2.288037785 0.0249694592 0)
(2.303487519 0.02511778289 0)
(2.318003739 0.02470755931 0)
(2.332723652 0.02512073811 0)
(2.347187491 0.02531298987 0)
(2.361095283 0.02521972997 0)
(2.37445829 0.02512038003 0)
(2.387594726 0.02507413568 0)
(2.400736451 0.02487024858 0)
(2.413879041 0.02468527838 0)
(2.426777759 0.02478250196 0)
(2.439118917 0.02514890981 0)
(2.450798491 0.02555108444 0)
(2.462055301 0.02559148835 0)
(1.925042168 0.02171870079 0)
(1.950388495 0.02345941749 0)
(1.975372932 0.02486840549 0)
(1.99971811 0.02585186189 0)
(2.023163839 0.02649601756 0)
(2.045645149 0.02698718053 0)
(2.067329611 0.02754009515 0)
(2.088509523 0.02826517516 0)
(2.109388295 0.02913359961 0)
(2.129944092 0.03008154677 0)
(2.150004345 0.0310024045 0)
(2.169443684 0.03170876676 0)
(2.188258007 0.03213070139 0)
(2.206447374 0.03234167869 0)
(2.224034813 0.03254305055 0)
(2.241334878 0.03297432942 0)
(2.258463427 0.03344158156 0)
(2.27510469 0.03385021612 0)
(2.291096523 0.03406385052 0)
(2.306950317 0.03434957545 0)
(2.321626999 0.03443894856 0)
(2.335311107 0.03441266455 0)
(2.349890007 0.03463763132 0)
(2.363894115 0.03469332655 0)
(2.377228005 0.03475623116 0)
(2.39035895 0.03477124063 0)
(2.403489217 0.03452432757 0)
(2.416625025 0.03420458914 0)
(2.429575196 0.03423633478 0)
(2.441949813 0.03467481331 0)
(2.453651049 0.03518687059 0)
(2.464899897 0.03521370261 0)
(1.925547029 0.02787376344 0)
(1.95074865 0.02999707808 0)
(1.975498991 0.03168729694 0)
(1.999576231 0.03290595034 0)
(2.022786211 0.03376269072 0)
(2.045078982 0.03448898374 0)
(2.066617539 0.03533227934 0)
(2.087685687 0.03640167883 0)
(2.108493102 0.03759182747 0)
(2.129037343 0.03874926245 0)
(2.149077974 0.03977005127 0)
(2.168331414 0.04052953301 0)
(2.186741533 0.04100961922 0)
(2.204438732 0.04132548828 0)
(2.221573231 0.04172691228 0)
(2.23838395 0.0422760403 0)
(2.25494715 0.0427972748 0)
(2.271489397 0.04313837482 0)
(2.288049043 0.04314182485 0)
(2.303496021 0.04347782894 0)
(2.318107484 0.04407218224 0)
(2.332735662 0.04376406889 0)
(2.346796199 0.04375995829 0)
(2.360381182 0.043799301 0)
(2.373805162 0.04398956533 0)
(2.387168574 0.04407375244 0)
(2.400342511 0.04382837894 0)
(2.413267977 0.04336560445 0)
(2.425949337 0.04321282524 0)
(2.438275995 0.04371709534 0)
(2.450094656 0.04437009733 0)
(2.461485071 0.04444999163 0)
(1.926246604 0.03407561675 0)
(1.951390544 0.03647763009 0)
(1.976017757 0.03846252529 0)
(1.999956126 0.0399752629 0)
(2.023077248 0.04112473056 0)
(2.045400806 0.04216267124 0)
(2.067060325 0.04332040017 0)
(2.088218195 0.04469109549 0)
(2.108995398 0.0461232382 0)
(2.129409507 0.04738541004 0)
(2.149316233 0.04844739789 0)
(2.168511123 0.04928605495 0)
(2.186989989 0.04990917224 0)
(2.204948601 0.05042285829 0)
(2.222559358 0.05101824266 0)
(2.239724566 0.05174242778 0)
(2.256203533 0.05255591626 0)
(2.272229124 0.05311247306 0)
(2.288031654 0.05327976191 0)
(2.303378283 0.05407246894 0)
(2.31897681 0.05461008687 0)
(2.333399606 0.05466308614 0)
(2.346599798 0.0551302576 0)
(2.359862608 0.05547971858 0)
(2.373591806 0.05570380996 0)
(2.38732428 0.05579054319 0)
(2.400449952 0.05565187245 0)
(2.412900509 0.05526066147 0)
(2.425186161 0.05507689015 0)
(2.437580464 0.05561745728 0)
(2.449692617 0.0562630919 0)
(2.461353203 0.05633381403 0)
(1.927329897 0.04035211233 0)
(1.952174032 0.04298362719 0)
(1.976491851 0.04519273606 0)
(2.000294111 0.04697912114 0)
(2.023469983 0.04845396657 0)
(2.045950811 0.0498259662 0)
(2.067765021 0.05130955657 0)
(2.089035417 0.05297567651 0)
(2.109894746 0.05467784298 0)
(2.13029213 0.05607979466 0)
(2.150108288 0.05711548383 0)
(2.16925475 0.05794775877 0)
(2.187687877 0.05868877655 0)
(2.205519355 0.05939668044 0)
(2.223042737 0.06014359822 0)
(2.240468142 0.06097553388 0)
(2.257808553 0.06192042175 0)
(2.274887453 0.06272508856 0)
(2.291362141 0.06319478161 0)
(2.307217207 0.06324173272 0)
(2.322882918 0.06320974822 0)
(2.337337218 0.06354787473 0)
(2.350164773 0.06403907376 0)
(2.363494816 0.06453212849 0)
(2.377429018 0.0647571374 0)
(2.391293807 0.06487894807 0)
(2.404385658 0.06496507912 0)
(2.416610981 0.06480316934 0)
(2.428677064 0.06437561205 0)
(2.441288096 0.06483953421 0)
(2.453601758 0.06539239912 0)
(2.465388823 0.06554840247 0)
(1.929397075 0.04657741212 0)
(1.954171834 0.04952162927 0)
(1.978023419 0.0520993621 0)
(2.001047069 0.05417741968 0)
(2.023608977 0.05590696411 0)
(2.045923861 0.05758491991 0)
(2.067836479 0.05940772166 0)
(2.089139885 0.06134132642 0)
(2.109874106 0.06318574177 0)
(2.130176609 0.0646783345 0)
(2.150091215 0.06572461121 0)
(2.169430153 0.06657069443 0)
(2.188025778 0.06746538135 0)
(2.206037446 0.06843424957 0)
(2.22380716 0.06944169259 0)
(2.241230602 0.07042344074 0)
(2.257937504 0.07144770532 0)
(2.273657578 0.07245357263 0)
(2.288669048 0.07324648929 0)
(2.304080197 0.07286602762 0)
(2.319734333 0.07215774299 0)
(2.333956104 0.07257523708 0)
(2.347344836 0.07312678873 0)
(2.361000472 0.07384035548 0)
(2.37504177 0.0742944466 0)
(2.388967516 0.07466349696 0)
(2.402141028 0.07507925511 0)
(2.414364214 0.07527281798 0)
(2.426215889 0.07479467283 0)
(2.438440659 0.07457940958 0)
(2.450421074 0.07463974255 0)
(2.462120653 0.07463174531 0)
(1.929524033 0.05283764345 0)
(1.954301314 0.05598510809 0)
(1.978570108 0.05885566613 0)
(2.002480085 0.06140128565 0)
(2.025872504 0.06359264778 0)
(2.048638908 0.06557099999 0)
(2.070739872 0.06758127444 0)
(2.092011051 0.06970515583 0)
(2.112283008 0.0717657546 0)
(2.131683239 0.07348771497 0)
(2.150443992 0.07457657814 0)
(2.168933845 0.07529960215 0)
(2.187374453 0.07627444138 0)
(2.205426393 0.07747945176 0)
(2.223056573 0.07872576392 0)
(2.240441532 0.07995651361 0)
(2.257669169 0.0811094012 0)
(2.274421639 0.08224979456 0)
(2.290357508 0.08331392748 0)
(2.305568083 0.0834120186 0)
(2.319331973 0.0826988009 0)
(2.333270338 0.0837141842 0)
(2.347716856 0.08409940709 0)
(2.361847609 0.08473474759 0)
(2.375595317 0.08519422637 0)
(2.388830823 0.08529203592 0)
(2.401837331 0.08554756506 0)
(2.414488824 0.08590851066 0)
(2.426698655 0.08575860655 0)
(2.437678576 0.08538745418 0)
(2.449526624 0.08603214699 0)
(2.46140043 0.0862016579 0)
(1.932157378 0.05910647776 0)
(1.956809631 0.06254141807 0)
(1.980209428 0.06578193143 0)
(2.002718774 0.06866078654 0)
(2.024839737 0.07119203942 0)
(2.046790352 0.07357924838 0)
(2.068589237 0.07592748751 0)
(2.090113607 0.07820278782 0)
(2.111042341 0.08029211001 0)
(2.131304356 0.08205360754 0)
(2.151307119 0.08346495913 0)
(2.171155211 0.08451816894 0)
(2.190272338 0.08549942372 0)
(2.208449254 0.08684062674 0)
(2.225730781 0.08837423907 0)
(2.242408897 0.08985268438 0)
(2.258551936 0.09093529255 0)
(2.274290368 0.09186855341 0)
(2.289976254 0.09279821352 0)
(2.305631735 0.09323488184 0)
(2.321505815 0.09346710693 0)
(2.336285704 0.09308802526 0)
(2.351296994 0.09287621567 0)
(2.365705514 0.09326988727 0)
(2.379490473 0.09393840879 0)
(2.392981631 0.09484322257 0)
(2.405533665 0.09554560264 0)
(2.417267951 0.09604874791 0)
(2.428279884 0.09616765255 0)
(2.440629953 0.09564910961 0)
(2.452659669 0.09503382525 0)
(2.464972394 0.09488175021 0)
(1.930684646 0.06536913995 0)
(1.955486415 0.06902954938 0)
(1.979497814 0.0726120657 0)
(2.003021501 0.07590220362 0)
(2.026235392 0.0789020421 0)
(2.049093003 0.08173502645 0)
(2.071452187 0.08438549747 0)
(2.093122133 0.0867781419 0)
(2.113902262 0.08891176992 0)
(2.133619586 0.09080764488 0)
(2.152259728 0.09250272225 0)
(2.170162325 0.09376662542 0)
(2.187910415 0.09482399691 0)
(2.205903439 0.09617552743 0)
(2.22381897 0.09784550661 0)
(2.241322754 0.09948166285 0)
(2.258688314 0.1007794349 0)
(2.275665497 0.1017494603 0)
(2.291566117 0.1025628783 0)
(2.306336684 0.1031731927 0)
(2.319724602 0.1039262138 0)
(2.334252495 0.1032490935 0)
(2.349286568 0.1029051349 0)
(2.363686996 0.1030979133 0)
(2.376981637 0.1035563074 0)
(2.389333665 0.1045745883 0)
(2.401886729 0.1053813072 0)
(2.415179787 0.1058938745 0)
(2.427911429 0.1063532481 0)
(2.438685081 0.106057285 0)
(2.450564096 0.1046981434 0)
(2.462177282 0.104417696 0)
(1.933442006 0.07207018953 0)
(1.958128106 0.07593513864 0)
(1.98183402 0.07965488865 0)
(2.004738832 0.08316478967 0)
(2.027053308 0.08650031009 0)
(2.048936408 0.0896669113 0)
(2.070363517 0.09257968108 0)
(2.091245151 0.09514252681 0)
(2.111569757 0.09735309595 0)
(2.131351369 0.09936664826 0)
(2.150667991 0.1012306375 0)
(2.169838634 0.1028807741 0)
(2.189232207 0.1045121627 0)
(2.208413831 0.1060850201 0)
(2.226696592 0.1076392804 0)
(2.243879264 0.1092914081 0)
(2.259814099 0.110754591 0)
(2.274663178 0.1116173494 0)
(2.28923291 0.1122221053 0)
(2.304150597 0.1129510579 0)
(2.319238374 0.1136370288 0)
(2.334806206 0.1132857842 0)
(2.350065378 0.1129819483 0)
(2.364607144 0.113188903 0)
(2.378125606 0.1139697595 0)
(2.39085672 0.1151379352 0)
(2.403131328 0.1159292971 0)
(2.414758148 0.115865834 0)
(2.426558013 0.1165955884 0)
(2.438735729 0.1161387452 0)
(2.450467942 0.1152151327 0)
(2.461403226 0.1150377179 0)
(1.933344039 0.07850714866 0)
(1.957717284 0.08260754878 0)
(1.98127458 0.08654217328 0)
(2.004296084 0.09033709619 0)
(2.027056459 0.09401567723 0)
(2.049644907 0.09753046794 0)
(2.071926345 0.1007828806 0)
(2.09364351 0.1037153876 0)
(2.114594089 0.1063233202 0)
(2.134680902 0.1085653554 0)
(2.153918371 0.1104830197 0)
(2.172293797 0.1123524417 0)
(2.189858403 0.1142245996 0)
(2.206969855 0.1157411342 0)
(2.224084396 0.1171708028 0)
(2.241387603 0.1187677871 0)
(2.258371419 0.1201906571 0)
(2.275021245 0.1213396142 0)
(2.291585263 0.1222449913 0)
(2.307440978 0.1226959274 0)
(2.322460308 0.1231336314 0)
(2.33689846 0.1234146223 0)
(2.350427348 0.1232724479 0)
(2.363466392 0.1231122479 0)
(2.376799673 0.1238514613 0)
(2.389915242 0.1248946965 0)
(2.402859734 0.1257791294 0)
(2.416616563 0.1264350688 0)
(2.430064421 0.1263776356 0)
(2.442720997 0.1259344631 0)
(2.453570986 0.1257205051 0)
(2.463834097 0.1253450251 0)
(1.934123344 0.08517736557 0)
(1.958975296 0.08964656977 0)
(1.983113298 0.09387270387 0)
(2.006636034 0.09790521205 0)
(2.029580294 0.1018085744 0)
(2.051852568 0.1055510448 0)
(2.073320335 0.1089869934 0)
(2.093949805 0.1120470475 0)
(2.113798992 0.1147588734 0)
(2.133004971 0.1170952612 0)
(2.15173261 0.1191800235 0)
(2.170208871 0.1212749482 0)
(2.188851081 0.1233906656 0)
(2.207879238 0.1254393421 0)
(2.226758222 0.1273382011 0)
(2.244588582 0.1287718274 0)
(2.261119292 0.1299406097 0)
(2.276432416 0.1311309458 0)
(2.290847064 0.1319596154 0)
(2.304945776 0.1323372582 0)
(2.31944387 0.1325826915 0)
(2.334237084 0.1329471484 0)
(2.349407396 0.1334364237 0)
(2.365064364 0.1337025288 0)
(2.379475613 0.1341065412 0)
(2.392088035 0.1350757899 0)
(2.403906309 0.1358512547 0)
(2.415368046 0.1365276852 0)
(2.426857699 0.1362846965 0)
(2.438483036 0.1355997247 0)
(2.450357364 0.1361708796 0)
(2.462137478 0.1357514189 0)
(1.934697253 0.09164987998 0)
(1.959496322 0.09641344662 0)
(1.983398483 0.1008769701 0)
(2.006529714 0.1051521747 0)
(2.029083405 0.1093276841 0)
(2.05113063 0.113332275 0)
(2.072614095 0.1170080496 0)
(2.093458555 0.1202777819 0)
(2.113661229 0.1231397048 0)
(2.133387721 0.1256890465 0)
(2.152932787 0.1281535281 0)
(2.172285098 0.1305090421 0)
(2.191007459 0.1327152105 0)
(2.208743111 0.134927645 0)
(2.22563846 0.1368415983 0)
(2.242017565 0.1382591882 0)
(2.257947276 0.1393949518 0)
(2.273725547 0.1404773726 0)
(2.289433414 0.1412709275 0)
(2.305009786 0.1418787727 0)
(2.32057358 0.1423213716 0)
(2.335708317 0.1428302793 0)
(2.350037638 0.1436852948 0)
(2.363336797 0.1441707828 0)
(2.375892335 0.1439963872 0)
(2.388901242 0.1450638113 0)
(2.401979573 0.1459005706 0)
(2.414881238 0.1461798792 0)
(2.427857599 0.1465190411 0)
(2.441084874 0.1465435253 0)
(2.45346784 0.1459378654 0)
(2.466076723 0.1457076261 0)
(1.935132285 0.0979782033 0)
(1.959782557 0.103081751 0)
(1.983612083 0.1079383953 0)
(2.006810925 0.1126437991 0)
(2.029508053 0.1171956227 0)
(2.051704696 0.1214657645 0)
(2.073377423 0.1253288621 0)
(2.094495039 0.1287448332 0)
(2.114997094 0.1317468804 0)
(2.134787358 0.1344526128 0)
(2.153757582 0.1370080818 0)
(2.171998337 0.1393791327 0)
(2.189840237 0.1417394871 0)
(2.20759787 0.1440494718 0)
(2.225370444 0.1459771523 0)
(2.24302827 0.147667509 0)
(2.260468467 0.1492020046 0)
(2.277101363 0.1503272192 0)
(2.292441022 0.1510573142 0)
(2.306639216 0.151729307 0)
(2.320240918 0.1521473297 0)
(2.333724092 0.1527251305 0)
(2.347743352 0.153485112 0)
(2.362196607 0.1541116392 0)
(2.377201331 0.1547889746 0)
(2.391978918 0.154914642 0)
(2.405713156 0.1555637807 0)
(2.416873165 0.1561225435 0)
(2.427230218 0.1565211966 0)
(2.438209119 0.1565813234 0)
(2.450291158 0.1558243103 0)
(2.461785722 0.1554149163 0)
(1.935762781 0.1042322024 0)
(1.96034332 0.1097098553 0)
(1.98414725 0.1150171301 0)
(2.007343329 0.1201789785 0)
(2.030008422 0.1250855822 0)
(2.05211331 0.1295637013 0)
(2.073614012 0.1335094786 0)
(2.094451806 0.1369390093 0)
(2.114574084 0.1400036082 0)
(2.134028057 0.1428806177 0)
(2.153037527 0.1456605981 0)
(2.171936542 0.1483280415 0)
(2.19092139 0.1509084246 0)
(2.20979546 0.15321284 0)
(2.227993912 0.1551637014 0)
(2.245011404 0.1570467937 0)
(2.260720736 0.1586086197 0)
(2.275580371 0.1595835927 0)
(2.290103084 0.1604145977 0)
(2.304670294 0.1612349981 0)
(2.319753277 0.1620295839 0)
(2.335267999 0.1630272472 0)
(2.350264229 0.1636852429 0)
(2.363916942 0.1643634469 0)
(2.376265722 0.1652411801 0)
(2.388770372 0.1649586828 0)
(2.401084547 0.1647974668 0)
(2.413559173 0.1663699814 0)
(2.425663777 0.1671157524 0)
(2.437429594 0.1667244169 0)
(2.449584377 0.1661444947 0)
(2.461971402 0.1663891169 0)
(1.936641399 0.1104846445 0)
(1.96115466 0.1163332732 0)
(1.984923718 0.1221316646 0)
(2.008038078 0.1277853445 0)
(2.030542911 0.1330611781 0)
(2.052430909 0.1377410306 0)
(2.073704089 0.1417759332 0)
(2.094368597 0.1453061026 0)
(2.114461451 0.1485569539 0)
(2.134108602 0.1516383934 0)
(2.153494305 0.154600007 0)
(2.17267405 0.157403159 0)
(2.19144295 0.1599554144 0)
(2.209546657 0.1621647373 0)
(2.226905273 0.1641776515 0)
(2.243585481 0.1661678515 0)
(2.259698735 0.1677744443 0)
(2.27534237 0.1689845646 0)
(2.290832994 0.1701242525 0)
(2.306341712 0.171140602 0)
(2.321268613 0.1721175627 0)
(2.335039401 0.1731166403 0)
(2.348068713 0.1737878878 0)
(2.361020055 0.1746396788 0)
(2.374598102 0.1750541981 0)
(2.388426867 0.175034206 0)
(2.40263776 0.1755261568 0)
(2.415924013 0.1759588898 0)
(2.428983609 0.1763250685 0)
(2.441287353 0.1763734241 0)
(2.451742243 0.1768507821 0)
(2.461474803 0.1775119295 0)
(1.937772783 0.11686787 0)
(1.962230394 0.1230883705 0)
(1.985937719 0.1293343458 0)
(2.008928602 0.1354425339 0)
(2.031201139 0.1410468449 0)
(2.052799955 0.1458900547 0)
(2.073830902 0.1500154597 0)
(2.094374464 0.1536808295 0)
(2.114487487 0.1571187414 0)
(2.134221231 0.1604079979 0)
(2.153577037 0.1635957594 0)
(2.172511994 0.166569697 0)
(2.191022367 0.1692120848 0)
(2.209088357 0.1715364639 0)
(2.226644762 0.1736018854 0)
(2.243665838 0.1754708161 0)
(2.260209488 0.1770585544 0)
(2.276237656 0.1784865401 0)
(2.291552975 0.1798438676 0)
(2.306141612 0.1810560247 0)
(2.320220485 0.1821839203 0)
(2.334116916 0.1831489028 0)
(2.348165318 0.1840513074 0)
(2.362641128 0.1848400755 0)
(2.376916012 0.1850007009 0)
(2.389551364 0.1853312427 0)
(2.400687508 0.1859027459 0)
(2.413551266 0.1857217515 0)
(2.426457829 0.1862180564 0)
(2.437486404 0.1866367188 0)
(2.447721263 0.1871798448 0)
(2.458882784 0.1873024973 0)
(1.939289726 0.1235776477 0)
(1.963717958 0.1301749174 0)
(1.9873582 0.1367947711 0)
(2.010173234 0.1432272498 0)
(2.032176621 0.1490630986 0)
(2.053486488 0.1540784121 0)
(2.074282889 0.1583723891 0)
(2.09466027 0.1622140431 0)
(2.114629468 0.1658081458 0)
(2.134189413 0.1692639445 0)
(2.153350535 0.1726407374 0)
(2.172170767 0.1757967718 0)
(2.190722955 0.1786545658 0)
(2.208985942 0.1811947814 0)
(2.226823163 0.1833198927 0)
(2.244010825 0.1850999439 0)
(2.260328014 0.1865850909 0)
(2.27577388 0.1879655066 0)
(2.290683956 0.1894307365 0)
(2.305552879 0.1909254463 0)
(2.320663384 0.1923090288 0)
(2.335966034 0.1935001333 0)
(2.350741258 0.1944981125 0)
(2.364208743 0.1951283053 0)
(2.376337931 0.195180112 0)
(2.388149816 0.1959007278 0)
(2.400760061 0.196156742 0)
(2.412961107 0.1960045107 0)
(2.424980629 0.1965176724 0)
(2.436881016 0.1971623073 0)
(2.449348657 0.1976033605 0)
(2.461728495 0.1977124397 0)
(1.941073348 0.1305269596 0)
(1.965380077 0.1374534045 0)
(1.988935175 0.1443594791 0)
(2.011565936 0.1509939248 0)
(2.033258912 0.1569670108 0)
(2.054247769 0.1621401495 0)
(2.074789533 0.1666843436 0)
(2.094999726 0.1707877734 0)
(2.114894841 0.1746428852 0)
(2.134456286 0.1783601784 0)
(2.153665444 0.1819780036 0)
(2.172505873 0.1853688907 0)
(2.190934836 0.1884319518 0)
(2.2088808 0.1909939875 0)
(2.226288395 0.1929171083 0)
(2.243092125 0.1944831154 0)
(2.259296497 0.1959376858 0)
(2.275090676 0.1975394663 0)
(2.29068022 0.1993420871 0)
(2.306093946 0.2010470393 0)
(2.321134805 0.2024423326 0)
(2.335516625 0.2035669023 0)
(2.349212109 0.2043840851 0)
(2.362463824 0.2049266659 0)
(2.375470801 0.2053631523 0)
(2.388511686 0.205936133 0)
(2.402011971 0.2061364981 0)
(2.415665967 0.2065125001 0)
(2.428370718 0.2069656301 0)
(2.44012177 0.2078067684 0)
(2.450662748 0.2080955915 0)
(2.460478627 0.2079024715 0)
(1.943377646 0.1377285068 0)
(1.967560548 0.1450455084 0)
(1.990961537 0.1521463524 0)
(2.013340387 0.1588326189 0)
(2.034696306 0.1648638761 0)
(2.055329263 0.1702353232 0)
(2.075554041 0.1750410901 0)
(2.095513889 0.179403024 0)
(2.115242893 0.183481403 0)
(2.134718369 0.1873808173 0)
(2.153873281 0.1911625544 0)
(2.172605275 0.1947305306 0)
(2.190872867 0.1979728872 0)
(2.208686697 0.2006888951 0)
(2.226056099 0.2027754042 0)
(2.242937992 0.2045002336 0)
(2.25931241 0.2060202712 0)
(2.275198558 0.2075915091 0)
(2.290620322 0.2092823934 0)
(2.305671893 0.210894087 0)
(2.320430453 0.2123989253 0)
(2.334898309 0.213754357 0)
(2.349067359 0.2146533282 0)
(2.362950926 0.215260046 0)
(2.376644001 0.2157547795 0)
(2.390188414 0.2162227158 0)
(2.403094639 0.2165661915 0)
(2.414570031 0.2168121036 0)
(2.425308029 0.2171772393 0)
(2.43662247 0.2176640296 0)
(2.448714253 0.2180040564 0)
(2.461425307 0.2181147825 0)
(1.946253294 0.1449860326 0)
(1.970090664 0.1526351072 0)
(1.993172726 0.159889923 0)
(2.015244192 0.1665861966 0)
(2.036312155 0.1726826858 0)
(2.056675014 0.1782954244 0)
(2.076671663 0.18347861 0)
(2.096480752 0.1882470025 0)
(2.116112244 0.1926457745 0)
(2.135472337 0.1966942796 0)
(2.154454367 0.2005058558 0)
(2.17300275 0.2041182943 0)
(2.191080875 0.2074128574 0)
(2.208665023 0.2101989528 0)
(2.225764682 0.2123659535 0)
(2.242428236 0.2141534927 0)
(2.258741987 0.2157690131 0)
(2.274756195 0.2175089872 0)
(2.29041728 0.2193830214 0)
(2.305663215 0.2211986401 0)
(2.320459463 0.2228504239 0)
(2.334832373 0.2241226533 0)
(2.348892708 0.2248350965 0)
(2.362688861 0.2253727772 0)
(2.376216971 0.2257488011 0)
(2.389299575 0.226120191 0)
(2.401660867 0.2266238782 0)
(2.41358617 0.2271795696 0)
(2.425512133 0.2278189478 0)
(2.437915017 0.2281912522 0)
(2.45047466 0.2283316905 0)
(2.461960192 0.2281290752 0)
(1.950153221 0.1522939583 0)
(1.973584247 0.160360216 0)
(1.996221412 0.1678063829 0)
(2.017823168 0.1745085798 0)
(2.038481017 0.1806460036 0)
(2.058502749 0.1864729855 0)
(2.078134256 0.1919585322 0)
(2.097569078 0.1970206789 0)
(2.116895066 0.2016348281 0)
(2.136083567 0.2058205026 0)
(2.155021633 0.209763944 0)
(2.173516949 0.2134062938 0)
(2.191432743 0.2166908864 0)
(2.208777865 0.21951784 0)
(2.225709964 0.2218500501 0)
(2.242360738 0.2239369679 0)
(2.258724222 0.2258370078 0)
(2.274675431 0.2276724559 0)
(2.290122694 0.229459466 0)
(2.305109796 0.2311918253 0)
(2.319703649 0.2327712145 0)
(2.333955334 0.2339569424 0)
(2.347970115 0.234704249 0)
(2.361800288 0.2353516433 0)
(2.375401479 0.2357829556 0)
(2.388602946 0.2363403974 0)
(2.401461464 0.2370720074 0)
(2.41418852 0.2378101537 0)
(2.426673361 0.2384400949 0)
(2.438683249 0.2385435441 0)
(2.450026982 0.2382409486 0)
(2.461017672 0.2378332484 0)
(1.955090385 0.159526645 0)
(1.977985352 0.1679934906 0)
(2.000097135 0.1756986974 0)
(2.021219385 0.1825326057 0)
(2.041505911 0.188865118 0)
(2.061222792 0.1949771024 0)
(2.080541288 0.2007780063 0)
(2.099590769 0.2060859733 0)
(2.118489144 0.2108455996 0)
(2.137249693 0.2150608253 0)
(2.155816835 0.2189257624 0)
(2.174046036 0.2224850003 0)
(2.191773879 0.2257325443 0)
(2.208964683 0.2286300147 0)
(2.225739457 0.2311575854 0)
(2.242231815 0.2335067913 0)
(2.258499149 0.2356473592 0)
(2.274497565 0.2376919695 0)
(2.290138108 0.2397035983 0)
(2.305323798 0.2415794059 0)
(2.319943538 0.2431436599 0)
(2.334043329 0.2442790799 0)
(2.347824551 0.2450290314 0)
(2.361403024 0.2456154493 0)
(2.374799844 0.2459568877 0)
(2.387943542 0.2464864068 0)
(2.400869102 0.247187019 0)
(2.413538183 0.2478939307 0)
(2.425941051 0.2485150319 0)
(2.438230126 0.2487294983 0)
(2.450334272 0.2485748176 0)
(2.461830068 0.2482037914 0)
(1.961724472 0.1670579418 0)
(1.9843887 0.1760808102 0)
(2.005786015 0.184049423 0)
(2.02602374 0.190984775 0)
(2.045578892 0.1974413259 0)
(2.064782939 0.2036910932 0)
(2.083709617 0.209655001 0)
(2.102388471 0.2151715655 0)
(2.120893341 0.2200898777 0)
(2.139275394 0.2244055722 0)
(2.157454086 0.2282898403 0)
(2.175249658 0.2317677105 0)
(2.192540925 0.2349126858 0)
(2.209375812 0.2378098833 0)
(2.225904295 0.2404724283 0)
(2.242240054 0.2430419366 0)
(2.258426698 0.2453984743 0)
(2.274376956 0.2476151136 0)
(2.289930961 0.2496721443 0)
(2.304965209 0.251467337 0)
(2.319418557 0.2529672821 0)
(2.333407264 0.2541515923 0)
(2.347172371 0.2550079921 0)
(2.360812169 0.2557202201 0)
(2.374291829 0.2561611935 0)
(2.387491626 0.256726687 0)
(2.400364671 0.2573906643 0)
(2.412937197 0.2580595595 0)
(2.425329852 0.2586620254 0)
(2.437551541 0.2587854987 0)
(2.44926928 0.2584809514 0)
(2.46022224 0.2579744769 0)
(1.966055685 0.1741490254 0)
(1.989318491 0.1838965879 0)
(2.01130687 0.1924858855 0)
(2.032041653 0.1999862011 0)
(2.051883433 0.2068795417 0)
(2.070799914 0.2132688512 0)
(2.088827301 0.2191467731 0)
(2.10648767 0.2245014094 0)
(2.124218141 0.2293545798 0)
(2.142031738 0.2336507657 0)
(2.159733496 0.237571437 0)
(2.17707678 0.2410980728 0)
(2.193927988 0.2442966158 0)
(2.210352797 0.2472445267 0)
(2.226525409 0.2499548853 0)
(2.242579342 0.2526207287 0)
(2.258552139 0.255109991 0)
(2.274344039 0.2574596041 0)
(2.289805199 0.2595752505 0)
(2.304786659 0.2613571648 0)
(2.319187296 0.2628725976 0)
(2.33313571 0.2641518528 0)
(2.346876698 0.2651559979 0)
(2.36048801 0.2659988726 0)
(2.373950754 0.2665562562 0)
(2.387152008 0.2671523593 0)
(2.400030971 0.2677531954 0)
(2.412566765 0.2682691138 0)
(2.42474382 0.2686077197 0)
(2.436552817 0.2684702434 0)
(2.44789837 0.2681106318 0)
(2.458910986 0.2677003518 0)
(1.968430196 0.1811397854 0)
(1.9918498 0.1909255115 0)
(2.013989926 0.1999189707 0)
(2.035237529 0.2081914608 0)
(2.055825942 0.215882245 0)
(2.075550461 0.2228588407 0)
(2.094405346 0.2290410861 0)
(2.112490967 0.2343888841 0)
(2.129970563 0.2390624163 0)
(2.147116927 0.2432683824 0)
(2.164083225 0.2472252888 0)
(2.180685499 0.2508058724 0)
(2.196809837 0.2540219965 0)
(2.212587915 0.256970325 0)
(2.228198202 0.2597141747 0)
(2.243730375 0.2624262836 0)
(2.259235735 0.2649260408 0)
(2.274668047 0.2672804725 0)
(2.289868607 0.269361194 0)
(2.304658487 0.2711253208 0)
(2.318935584 0.2727028396 0)
(2.332803471 0.2740934378 0)
(2.346424644 0.2752020413 0)
(2.359859012 0.2761307861 0)
(2.373179174 0.276710165 0)
(2.386344555 0.2773094257 0)
(2.399326629 0.27790672 0)
(2.412096076 0.2784130135 0)
(2.424550215 0.2787419442 0)
(2.436527515 0.278666238 0)
(2.447865705 0.278355117 0)
(2.458694431 0.2778051366 0)
(1.972275639 0.1897424015 0)
(1.994057138 0.1989224765 0)
(2.01527052 0.2077574141 0)
(2.036546118 0.2161140628 0)
(2.057388472 0.2242074884 0)
(2.07737026 0.2316123947 0)
(2.096691014 0.2381358238 0)
(2.115532398 0.2437932513 0)
(2.134009078 0.2486965095 0)
(2.152078141 0.2531219035 0)
(2.169417001 0.2572799088 0)
(2.185876841 0.2609537104 0)
(2.201663633 0.264250849 0)
(2.216944204 0.2672518664 0)
(2.231879673 0.2699882187 0)
(2.246675228 0.2726588797 0)
(2.261452603 0.2750987538 0)
(2.276131804 0.2772883505 0)
(2.29059387 0.2791499652 0)
(2.304759747 0.2807781717 0)
(2.318621203 0.2823660008 0)
(2.332284701 0.2838940486 0)
(2.34585879 0.2852376498 0)
(2.359362086 0.2864208103 0)
(2.372806648 0.2871826239 0)
(2.386047859 0.2878281502 0)
(2.398984888 0.2883131687 0)
(2.411567606 0.2885599468 0)
(2.423727549 0.2885609428 0)
(2.435409536 0.288237134 0)
(2.446650349 0.2878780171 0)
(2.457708242 0.2875036439 0)
(1.982603279 0.1984803292 0)
(2.000600753 0.2090912458 0)
(2.019560075 0.2177763664 0)
(2.039205609 0.2256196771 0)
(2.058763896 0.2335368566 0)
(2.078038268 0.2407257061 0)
(2.097205832 0.2470004416 0)
(2.116101757 0.2525569495 0)
(2.134779956 0.2575848967 0)
(2.153462173 0.2624950963 0)
(2.171838826 0.2672107992 0)
(2.189491342 0.271249745 0)
(2.20625124 0.2747457256 0)
(2.222106449 0.277868875 0)
(2.237267967 0.2807424031 0)
(2.251935808 0.2834907699 0)
(2.26620565 0.2858707452 0)
(2.28013586 0.2879627 0)
(2.293755169 0.2897145076 0)
(2.307036483 0.2912499515 0)
(2.320003453 0.2927063329 0)
(2.332823503 0.2940444677 0)
(2.345676679 0.2952147838 0)
(2.358660234 0.2963104957 0)
(2.371835181 0.2971075352 0)
(2.385038908 0.2978974198 0)
(2.398098265 0.2985234627 0)
(2.410852995 0.2988101479 0)
(2.423135806 0.2987464795 0)
(2.43486459 0.2983482877 0)
(2.446085181 0.297937303 0)
(2.457050039 0.2975553607 0)
(2.001660411 0.2069529252 0)
(2.016763271 0.2153709461 0)
(2.032310122 0.2252959878 0)
(2.047752121 0.2361759639 0)
(2.064091713 0.2448841797 0)
(2.081296391 0.2516134792 0)
(2.098750197 0.2571760391 0)
(2.116256401 0.2621385131 0)
(2.134298189 0.2667933142 0)
(2.15268568 0.2714946864 0)
(2.171141509 0.2760336038 0)
(2.189318749 0.2802102623 0)
(2.207059834 0.2841855178 0)
(2.224132695 0.2878527065 0)
(2.240413701 0.2911405506 0)
(2.255836757 0.2940871062 0)
(2.270506319 0.2965734298 0)
(2.284495038 0.2987232785 0)
(2.297817419 0.3004753488 0)
(2.310626092 0.3019960524 0)
(2.323109285 0.3034178607 0)
(2.335354474 0.3046704014 0)
(2.347451499 0.3056815057 0)
(2.359587791 0.3065814097 0)
(2.371933523 0.307211307 0)
(2.384455846 0.3079083691 0)
(2.397088458 0.3085012372 0)
(2.409672024 0.3087913688 0)
(2.421967867 0.3087539565 0)
(2.433815968 0.3084125548 0)
(2.445192255 0.3081051924 0)
(2.456300965 0.3078253296 0)
(2.030738695 0.2161498259 0)
(2.040986304 0.2267534749 0)
(2.052098117 0.2369878614 0)
(2.064658147 0.2456918962 0)
(2.078034508 0.2539396789 0)
(2.0914902 0.2620250669 0)
(2.10511657 0.2688510169 0)
(2.119960518 0.2737753508 0)
(2.136221221 0.2777775434 0)
(2.153243438 0.282082593 0)
(2.170513282 0.2858332517 0)
(2.188178948 0.2892887748 0)
(2.20592363 0.2929635829 0)
(2.223455275 0.2968656803 0)
(2.240690648 0.3007314585 0)
(2.257295802 0.3042349705 0)
(2.273036264 0.3070988669 0)
(2.287804227 0.3094789225 0)
(2.301734054 0.3114248548 0)
(2.315044277 0.3131206452 0)
(2.327784364 0.3145956279 0)
(2.339956327 0.3157715906 0)
(2.351691416 0.3166819473 0)
(2.363143867 0.3174400163 0)
(2.374522729 0.3179335176 0)
(2.385940738 0.3184467226 0)
(2.397497481 0.3187612234 0)
(2.409143256 0.3187578666 0)
(2.4207404 0.3185356117 0)
(2.432247854 0.3182164049 0)
(2.443693879 0.3181385409 0)
(2.455147666 0.3181771718 0)
(2.06783978 0.231807556 0)
(2.073449836 0.2406031782 0)
(2.080611476 0.2489679538 0)
(2.089151273 0.2578917776 0)
(2.09841616 0.2665110802 0)
(2.108483395 0.2732277968 0)
(2.119593212 0.2785152723 0)
(2.131779412 0.2836666023 0)
(2.144395545 0.2896107798 0)
(2.158336064 0.2939723019 0)
(2.173237666 0.2971988122 0)
(2.189104303 0.2998374231 0)
(2.205435907 0.3029466799 0)
(2.222145524 0.3062954936 0)
(2.239305188 0.3097833725 0)
(2.256210832 0.3133997622 0)
(2.272744545 0.31677901 0)
(2.288670161 0.3197873473 0)
(2.303792581 0.3221993135 0)
(2.317967017 0.3241196606 0)
(2.331136529 0.325574744 0)
(2.343503742 0.3266533948 0)
(2.355375687 0.3274886466 0)
(2.366949006 0.3283025693 0)
(2.378355126 0.3288671374 0)
(2.389510571 0.3293971083 0)
(2.400380957 0.3295971189 0)
(2.411017381 0.3293893252 0)
(2.421543073 0.3289739265 0)
(2.432126061 0.3285425709 0)
(2.442877428 0.3284020788 0)
(2.4538767 0.3284105439 0)
(2.113371502 0.2449942827 0)
(2.114766274 0.2535869735 0)
(2.117316619 0.2628200252 0)
(2.121153926 0.2716696893 0)
(2.126311424 0.2788218885 0)
(2.132715722 0.2847414522 0)
(2.140406453 0.2905186049 0)
(2.149191255 0.2963290586 0)
(2.159297249 0.3009972649 0)
(2.170236915 0.3046669202 0)
(2.182165759 0.3081852172 0)
(2.194751651 0.3117923856 0)
(2.20848215 0.3147777027 0)
(2.223358351 0.3174288376 0)
(2.238862785 0.32008319 0)
(2.254719468 0.3230997636 0)
(2.270957781 0.3260811846 0)
(2.287064506 0.3291393161 0)
(2.302863499 0.3319920939 0)
(2.31807039 0.3344642871 0)
(2.332361887 0.3362534937 0)
(2.34569244 0.3374281989 0)
(2.358249536 0.3382639793 0)
(2.370331549 0.3391123642 0)
(2.382126802 0.3398154701 0)
(2.393515336 0.3404528389 0)
(2.404374678 0.3406663374 0)
(2.414642096 0.340411367 0)
(2.424428172 0.3399120886 0)
(2.434063652 0.3393811846 0)
(2.443853632 0.3391227695 0)
(2.453960471 0.3389729516 0)
(2.162401247 0.2613992537 0)
(2.160568602 0.2713997673 0)
(2.159500164 0.2798712147 0)
(2.159723508 0.2863750494 0)
(2.161138271 0.2924190564 0)
(2.163707445 0.298557747 0)
(2.167666298 0.3043872684 0)
(2.173190053 0.3090075322 0)
(2.180187398 0.3125238243 0)
(2.188156959 0.3157506918 0)
(2.197173026 0.3191355145 0)
(2.207342381 0.3222056159 0)
(2.218341761 0.3254177618 0)
(2.230013245 0.3289662662 0)
(2.242193696 0.3321485591 0)
(2.255891587 0.3344545665 0)
(2.270506402 0.3366916424 0)
(2.285721874 0.339227903 0)
(2.301034627 0.341711745 0)
(2.316214855 0.3440241034 0)
(2.331004962 0.3459879717 0)
(2.345327819 0.3475577986 0)
(2.359099194 0.3487694163 0)
(2.372196785 0.3498416719 0)
(2.384610124 0.3506184173 0)
(2.396350258 0.3512487427 0)
(2.407538571 0.3514813137 0)
(2.418213159 0.3513341492 0)
(2.428379582 0.3510279107 0)
(2.438105908 0.3506950876 0)
(2.447465211 0.3504676688 0)
(2.456599561 0.3501387593 0)
(2.209500204 0.2786328906 0)
(2.207580692 0.2881463911 0)
(2.205037192 0.2957859283 0)
(2.202624036 0.3025351795 0)
(2.200883467 0.3084706352 0)
(2.200262411 0.3137349503 0)
(2.20112938 0.3185353482 0)
(2.203258302 0.3229856885 0)
(2.206386852 0.3270059882 0)
(2.210721161 0.3300823731 0)
(2.216750465 0.332061515 0)
(2.224213198 0.3341448712 0)
(2.232606698 0.3372486581 0)
(2.241884226 0.3403615979 0)
(2.251956917 0.342968968 0)
(2.262614849 0.345924857 0)
(2.274073849 0.348676521 0)
(2.287076517 0.3505772967 0)
(2.300753614 0.3526043796 0)
(2.314674306 0.3542085533 0)
(2.328743967 0.3555752348 0)
(2.342990572 0.3569203664 0)
(2.357306254 0.3583655285 0)
(2.371456894 0.3599880828 0)
(2.385101595 0.3611969974 0)
(2.397925208 0.3620226033 0)
(2.409919448 0.362303969 0)
(2.421166168 0.3622094014 0)
(2.431756033 0.3620264549 0)
(2.441815957 0.3618447613 0)
(2.451401062 0.3617233669 0)
(2.460638202 0.3614025393 0)
(2.250859655 0.2935323357 0)
(2.251130419 0.3030703202 0)
(2.248589227 0.3122071612 0)
(2.245408395 0.3196951329 0)
(2.242627073 0.3254867992 0)
(2.240452691 0.3304605938 0)
(2.238869084 0.3351636068 0)
(2.237985207 0.3391449819 0)
(2.237929497 0.3418395992 0)
(2.239141898 0.3435331465 0)
(2.241860409 0.3452230232 0)
(2.245976175 0.3473617495 0)
(2.251571018 0.3495056529 0)
(2.258282736 0.351806396 0)
(2.265755936 0.3547540544 0)
(2.27407624 0.3576762677 0)
(2.283382712 0.360128184 0)
(2.292973381 0.3629825341 0)
(2.303856063 0.3647338996 0)
(2.315611355 0.365651718 0)
(2.32810378 0.3664196819 0)
(2.341320682 0.3671821969 0)
(2.354943583 0.3681592148 0)
(2.368924749 0.3694677261 0)
(2.38298195 0.3706906637 0)
(2.39673779 0.3718711317 0)
(2.409846553 0.3724935024 0)
(2.422118064 0.3726750688 0)
(2.433604698 0.372760617 0)
(2.444452229 0.3728046706 0)
(2.454657062 0.3727919098 0)
(2.464193615 0.3724093151 0)
(2.282610423 0.308585778 0)
(2.285196468 0.3220521786 0)
(2.28596015 0.329986583 0)
(2.285536337 0.3358383156 0)
(2.284241653 0.3415627882 0)
(2.282150098 0.3470959329 0)
(2.279430261 0.3516527542 0)
(2.276453113 0.3547347491 0)
(2.273851053 0.3566322183 0)
(2.272138467 0.3582833235 0)
(2.2715685 0.3602037743 0)
(2.272435176 0.3620980124 0)
(2.274818395 0.3640480882 0)
(2.278470842 0.366059063 0)
(2.283477718 0.3678598226 0)
(2.289562842 0.370062465 0)
(2.296396824 0.3727452957 0)
(2.304037467 0.3750540936 0)
(2.312248247 0.3765337496 0)
(2.321103966 0.3777356278 0)
(2.331134936 0.3784243197 0)
(2.342424097 0.3786304094 0)
(2.35460136 0.3792876116 0)
(2.36740701 0.3799411694 0)
(2.380605638 0.3804175708 0)
(2.394109135 0.3811390851 0)
(2.40762764 0.3818548818 0)
(2.420863687 0.3825427867 0)
(2.433516737 0.3830877369 0)
(2.445429513 0.3834067427 0)
(2.456516019 0.3835334041 0)
(2.46679606 0.3832670392 0)
(2.303643855 0.3225928114 0)
(2.310799682 0.3315830829 0)
(2.316331425 0.3420702891 0)
(2.320378473 0.3517342175 0)
(2.321953328 0.3595438322 0)
(2.32124127 0.3653334609 0)
(2.318705688 0.3696690069 0)
(2.315030671 0.3725550045 0)
(2.311073292 0.3744776206 0)
(2.307553385 0.3755189716 0)
(2.30493216 0.3761350853 0)
(2.303276306 0.3772028685 0)
(2.30266122 0.3787510135 0)
(2.303172228 0.3805658233 0)
(2.305105417 0.3825246161 0)
(2.308346291 0.3846848705 0)
(2.312847268 0.3862543748 0)
(2.318326998 0.3876056302 0)
(2.324446029 0.3885586247 0)
(2.331419252 0.3893951173 0)
(2.339296419 0.3900423763 0)
(2.347767527 0.3910025484 0)
(2.357764526 0.3913526147 0)
(2.368630254 0.391380984 0)
(2.380217245 0.3912806091 0)
(2.39237982 0.3912666396 0)
(2.405024718 0.3913381104 0)
(2.418148628 0.3918047857 0)
(2.431363588 0.3925979427 0)
(2.444231358 0.3933410598 0)
(2.456341915 0.3937210642 0)
(2.467589195 0.3936316857 0)
(2.306764734 0.3394796693 0)
(2.320379852 0.3499930205 0)
(2.334801484 0.358142214 0)
(2.345852654 0.365399028 0)
(2.351364624 0.374209045 0)
(2.352936849 0.3817411136 0)
(2.352683366 0.3861615471 0)
(2.350926956 0.3885897172 0)
(2.34791707 0.3903123913 0)
(2.344175678 0.391540515 0)
(2.340253782 0.3928930393 0)
(2.336772763 0.393798362 0)
(2.333932069 0.394393615 0)
(2.332085738 0.3951250059 0)
(2.331308735 0.3966434791 0)
(2.331567314 0.3986809009 0)
(2.332965727 0.4002650194 0)
(2.335635369 0.4011970815 0)
(2.339571721 0.4014920781 0)
(2.344775997 0.401602855 0)
(2.35086149 0.4022073181 0)
(2.357810092 0.4029395592 0)
(2.365311209 0.4033813851 0)
(2.373448228 0.4036632831 0)
(2.382848992 0.4031703306 0)
(2.39308986 0.4025224319 0)
(2.404229348 0.4020738103 0)
(2.416212855 0.4018950902 0)
(2.428816917 0.4021403425 0)
(2.441741328 0.4027512041 0)
(2.454444092 0.4033885015 0)
(2.466560356 0.4036482 0)
(2.305778866 0.3532790895 0)
(2.318833731 0.3656133012 0)
(2.333658826 0.3754781519 0)
(2.347865695 0.3840186198 0)
(2.360810252 0.3923302539 0)
(2.37047367 0.3980209187 0)
(2.376658171 0.4029061393 0)
(2.379673666 0.4065257674 0)
(2.379988495 0.4088288193 0)
(2.378216351 0.4098518181 0)
(2.375070422 0.4105865124 0)
(2.37108153 0.4113019545 0)
(2.366915501 0.411768981 0)
(2.363150306 0.4127273731 0)
(2.360142132 0.4136601019 0)
(2.357888589 0.4144412909 0)
(2.356666309 0.4145592381 0)
(2.356498371 0.4148276476 0)
(2.357876935 0.4150454002 0)
(2.360759154 0.4153735629 0)
(2.364962483 0.4155921738 0)
(2.370330467 0.4154565965 0)
(2.376317517 0.4152312935 0)
(2.382929334 0.4150937442 0)
(2.39011202 0.4146563468 0)
(2.397827678 0.4143816657 0)
(2.406830726 0.4137252799 0)
(2.416864436 0.4130396333 0)
(2.427879289 0.4127491228 0)
(2.439812871 0.4127333 0)
(2.451984411 0.4130123942 0)
(2.464191128 0.413326768 0)
(2.31237202 0.3665789156 0)
(2.325445556 0.3774049022 0)
(2.337969465 0.3879496729 0)
(2.351850587 0.3976558598 0)
(2.366656216 0.4074455727 0)
(2.381805457 0.4131442445 0)
(2.394045671 0.4158140475 0)
(2.401745152 0.4192541509 0)
(2.405958562 0.4229082265 0)
(2.407473533 0.4256395137 0)
(2.406786192 0.4273472544 0)
(2.40422052 0.427664733 0)
(2.400296327 0.4283923132 0)
(2.395832157 0.4295931219 0)
(2.391182685 0.4305311086 0)
(2.386611457 0.4310148775 0)
(2.382686591 0.4309935441 0)
(2.380162981 0.4303761672 0)
(2.379170888 0.4299886668 0)
(2.379757615 0.4299311582 0)
(2.381747449 0.4298839466 0)
(2.385052527 0.4292614403 0)
(2.389362171 0.4282393411 0)
(2.3946043 0.4270615888 0)
(2.400336104 0.4261972702 0)
(2.406551859 0.4258901167 0)
(2.413386177 0.4253914975 0)
(2.420971532 0.424962314 0)
(2.429872776 0.4243603481 0)
(2.439957819 0.423688046 0)
(2.450879116 0.423591813 0)
(2.462143724 0.4235284397 0)
(2.313947466 0.3789822332 0)
(2.32628701 0.3890000744 0)
(2.337885449 0.4007118951 0)
(2.350823009 0.411070048 0)
(2.365455873 0.420046964 0)
(2.379552668 0.4266795547 0)
(2.393383491 0.432016047 0)
(2.406390665 0.4358703993 0)
(2.417187519 0.4389390223 0)
(2.425188286 0.4413428452 0)
(2.429328994 0.4439950771 0)
(2.430298639 0.4452574827 0)
(2.429405996 0.4463390572 0)
(2.426547982 0.4474071357 0)
(2.422042603 0.4476590881 0)
(2.416747836 0.4471291169 0)
(2.41167181 0.4459074714 0)
(2.407222036 0.4454141813 0)
(2.403944107 0.4449045324 0)
(2.402171401 0.444395801 0)
(2.401761274 0.4437393447 0)
(2.402725274 0.4429265797 0)
(2.404932772 0.4415611631 0)
(2.408236512 0.4400821086 0)
(2.412391127 0.4387236009 0)
(2.417342129 0.4376521339 0)
(2.422788096 0.436952469 0)
(2.428905104 0.4365148665 0)
(2.435833948 0.4358896868 0)
(2.443316222 0.4356003478 0)
(2.452406183 0.4349750275 0)
(2.462253096 0.4346572422 0)
(2.326712912 0.3941926622 0)
(2.334381264 0.4036923918 0)
(2.343158682 0.4143327692 0)
(2.354327073 0.4239623263 0)
(2.368100727 0.4314437126 0)
(2.380499745 0.4384264203 0)
(2.393021748 0.4438679004 0)
(2.405471023 0.4482931359 0)
(2.417598884 0.4522190248 0)
(2.428894113 0.4560659493 0)
(2.43874041 0.4585587064 0)
(2.44569883 0.4602036263 0)
(2.450774174 0.4638474844 0)
(2.452462566 0.4661263007 0)
(2.450789247 0.4662998232 0)
(2.44659666 0.4653759075 0)
(2.441077335 0.4647839248 0)
(2.435319954 0.4642572526 0)
(2.430184462 0.4631103737 0)
(2.426131785 0.4620010261 0)
(2.42357538 0.4603982384 0)
(2.422327107 0.4587382292 0)
(2.422387283 0.4566340012 0)
(2.423746736 0.4545454598 0)
(2.426257485 0.4524277074 0)
(2.42961746 0.4508610737 0)
(2.433720869 0.4495743782 0)
(2.438743677 0.4482992335 0)
(2.444290285 0.4476305746 0)
(2.450611956 0.447086685 0)
(2.457009163 0.447058297 0)
(2.464864196 0.4464047678 0)
(2.337783537 0.4092281845 0)
(2.346241033 0.4199758179 0)
(2.35573437 0.4296258084 0)
(2.365219943 0.4380391028 0)
(2.37412053 0.4436009004 0)
(2.384624224 0.4506720618 0)
(2.395030744 0.4573904955 0)
(2.406550533 0.462632383 0)
(2.418735505 0.4669499313 0)
(2.430453615 0.4714087386 0)
(2.442170715 0.4752782546 0)
(2.45556579 0.4764484187 0)
(2.467046874 0.4776977904 0)
(2.474369217 0.4781523003 0)
(2.476731964 0.4791621423 0)
(2.474817878 0.4796466685 0)
(2.470763468 0.4796709981 0)
(2.465306906 0.4793654884 0)
(2.459253042 0.4780525631 0)
(2.453609614 0.4763628546 0)
(2.448996182 0.474895519 0)
(2.445528959 0.4730659162 0)
(2.443467965 0.4703946602 0)
(2.442654906 0.4678612743 0)
(2.443161122 0.4654571962 0)
(2.444617363 0.4637249461 0)
(2.446944738 0.4621816927 0)
(2.450079658 0.4610341014 0)
(2.454250021 0.4598732888 0)
(2.45929831 0.4591727587 0)
(2.464932507 0.458627062 0)
(2.470693924 0.4582546182 0)
(2.34862363 0.4243230059 0)
(2.355285142 0.4342114655 0)
(2.363292867 0.442826195 0)
(2.370833147 0.4510665316 0)
(2.377131481 0.4581403815 0)
(2.38474049 0.4656504255 0)
(2.393595181 0.4723666341 0)
(2.403860954 0.477255467 0)
(2.415212723 0.4811639235 0)
(2.427567453 0.4849251367 0)
(2.439705902 0.4883907545 0)
(2.451415768 0.493130376 0)
(2.462682159 0.4952516917 0)
(2.472876554 0.4966136183 0)
(2.481461978 0.4982760722 0)
(2.487047063 0.4993811517 0)
(2.489984327 0.5001068938 0)
(2.489476989 0.5003400147 0)
(2.485931924 0.4986933032 0)
(2.480569176 0.4965594067 0)
(2.47480657 0.4945901609 0)
(2.469504978 0.4922162899 0)
(2.465303524 0.489137092 0)
(2.462615841 0.4855412001 0)
(2.461374721 0.4820183215 0)
(2.461067878 0.4792954195 0)
(2.461599741 0.4768871858 0)
(2.4631003 0.4747795041 0)
(2.465792468 0.4728892522 0)
(2.469699654 0.4714274438 0)
(2.474357507 0.4706002714 0)
(2.479195023 0.4698726984 0)
(2.359518241 0.4406685893 0)
(2.367503895 0.4512410303 0)
(2.375729766 0.4599789084 0)
(2.383587115 0.4683163539 0)
(2.391242541 0.4754540416 0)
(2.39845104 0.4822380314 0)
(2.405843888 0.4881015222 0)
(2.414283989 0.4925033624 0)
(2.423965604 0.4959330173 0)
(2.43486057 0.499116612 0)
(2.445959129 0.5022047127 0)
(2.457096152 0.5060901696 0)
(2.465924288 0.5090610183 0)
(2.475831442 0.5107857316 0)
(2.486390138 0.5135863198 0)
(2.498532379 0.5124248233 0)
(2.507720944 0.5114406473 0)
(2.512689034 0.5110517867 0)
(2.512828731 0.5102573824 0)
(2.509260332 0.5092788992 0)
(2.503798244 0.507928493 0)
(2.49777394 0.5055035662 0)
(2.492159234 0.502028933 0)
(2.487553305 0.4986817223 0)
(2.484174235 0.4956175878 0)
(2.481743676 0.492777841 0)
(2.480168184 0.4897448736 0)
(2.47954762 0.4871013279 0)
(2.480242722 0.484937742 0)
(2.482253537 0.4836055886 0)
(2.485292511 0.4827249227 0)
(2.488923036 0.4818769156 0)
(2.36685053 0.4545846846 0)
(2.375228212 0.4649009977 0)
(2.38337452 0.4738447726 0)
(2.391213988 0.4821944269 0)
(2.398992328 0.4892369518 0)
(2.405887957 0.4958318947 0)
(2.41211442 0.5017731536 0)
(2.418469 0.5063513198 0)
(2.425734676 0.5096372554 0)
(2.434310091 0.5125844357 0)
(2.44431968 0.5151592309 0)
(2.453752477 0.5187915313 0)
(2.463630013 0.5221578534 0)
(2.473874191 0.524645806 0)
(2.484628922 0.5267142378 0)
(2.49461407 0.5294481185 0)
(2.504275117 0.5306205807 0)
(2.512904582 0.5320453666 0)
(2.51935288 0.5323222 0)
(2.522901872 0.5314110479 0)
(2.523696428 0.529706768 0)
(2.521600262 0.5269151021 0)
(2.517245475 0.5231714641 0)
(2.512108535 0.5190714836 0)
(2.507199545 0.5150447929 0)
(2.502597657 0.511655783 0)
(2.498737941 0.5080647978 0)
(2.496041555 0.5046108748 0)
(2.495006074 0.5013291976 0)
(2.495462492 0.4987855014 0)
(2.497178206 0.4965869007 0)
(2.499858325 0.4945408549 0)
(2.373754507 0.4706313036 0)
(2.383196978 0.4815634384 0)
(2.392131383 0.490958082 0)
(2.4004213 0.4992470191 0)
(2.408341906 0.5062310697 0)
(2.415424003 0.5123858867 0)
(2.421701595 0.5180984128 0)
(2.428046903 0.522826967 0)
(2.435256853 0.5259967738 0)
(2.443318402 0.528581605 0)
(2.452357953 0.5306124029 0)
(2.461336392 0.5334761186 0)
(2.470666606 0.5362424249 0)
(2.480364571 0.5387836731 0)
(2.490321257 0.5403186205 0)
(2.500183785 0.5431365469 0)
(2.510227184 0.5435530012 0)
(2.519842632 0.5432833633 0)
(2.528472023 0.543506624 0)
(2.536814166 0.541762038 0)
(2.543310246 0.5388194765 0)
(2.546311729 0.5359897145 0)
(2.54513653 0.5329992446 0)
(2.540397107 0.530160681 0)
(2.533995584 0.5274492824 0)
(2.527640616 0.5242972272 0)
(2.522104087 0.5205253467 0)
(2.517799782 0.5165973356 0)
(2.514881121 0.5132698628 0)
(2.513192506 0.5106813959 0)
(2.512866387 0.5083158635 0)
(2.513557772 0.5062342612 0)
(2.377491966 0.4835196079 0)
(2.387354379 0.4946707074 0)
(2.396919337 0.5045944653 0)
(2.405858125 0.5131928306 0)
(2.414170802 0.5205969281 0)
(2.421898493 0.5265843519 0)
(2.428735209 0.5321331282 0)
(2.435079577 0.5372143057 0)
(2.441594197 0.5405761915 0)
(2.44816128 0.5429173003 0)
(2.455177146 0.5442905749 0)
(2.462085644 0.5463733614 0)
(2.469580523 0.5488409471 0)
(2.477783009 0.5516941162 0)
(2.48694898 0.5535980691 0)
(2.496638773 0.5568612564 0)
(2.506164736 0.5583292208 0)
(2.515331803 0.5587353167 0)
(2.524792089 0.5595518735 0)
(2.535484949 0.5587832442 0)
(2.544824866 0.5567514 0)
(2.55112293 0.5561101448 0)
(2.554577358 0.5556684296 0)
(2.554882759 0.553184493 0)
(2.552411575 0.5486216324 0)
(2.547944374 0.5443971907 0)
(2.542718609 0.5405945877 0)
(2.537540031 0.5371428504 0)
(2.533097513 0.5336829664 0)
(2.529707422 0.5300051565 0)
(2.52745733 0.5266730584 0)
(2.526690628 0.5229911031 0)
(2.381857883 0.5001337851 0)
(2.391974927 0.5115140735 0)
(2.401841686 0.5212693061 0)
(2.411265455 0.5295698146 0)
(2.420149707 0.5370900916 0)
(2.428692103 0.5430535096 0)
(2.436206046 0.548334124 0)
(2.442698448 0.5533475299 0)
(2.449100469 0.5569069354 0)
(2.455826476 0.5595606555 0)
(2.463311624 0.5611927795 0)
(2.470554682 0.5630549969 0)
(2.477918306 0.5649963654 0)
(2.485639474 0.5671513132 0)
(2.493785454 0.5681387225 0)
(2.501520286 0.5696061946 0)
(2.509987172 0.5709807563 0)
(2.519467443 0.5717508815 0)
(2.52932447 0.5708262772 0)
(2.536715142 0.5717980991 0)
(2.545211044 0.570496426 0)
(2.555091813 0.5686014581 0)
(2.565380875 0.5661238423 0)
(2.571126007 0.5630186201 0)
(2.571453696 0.5600278777 0)
(2.569232689 0.556697098 0)
(2.565956834 0.5529952485 0)
(2.561895177 0.5491059439 0)
(2.557310997 0.5448741422 0)
(2.552487233 0.5409385482 0)
(2.548345363 0.5371154762 0)
(2.545343894 0.5341301604 0)
(2.383556723 0.5128451249 0)
(2.393577001 0.5239817611 0)
(2.403768022 0.5342121858 0)
(2.413895052 0.5431387985 0)
(2.423541046 0.5513241253 0)
(2.432787428 0.5577294088 0)
(2.441012588 0.5628451376 0)
(2.448025554 0.567647513 0)
(2.454672819 0.571364415 0)
(2.461319324 0.574026641 0)
(2.468190363 0.575565279 0)
(2.474836691 0.5768310667 0)
(2.481277947 0.578371311 0)
(2.487111741 0.5801274161 0)
(2.493136353 0.5808048694 0)
(2.500936676 0.5816793123 0)
(2.509241712 0.5836913102 0)
(2.518506574 0.5843099928 0)
(2.529110043 0.5861784882 0)
(2.539629711 0.5863562161 0)
(2.550611942 0.5848656563 0)
(2.559502697 0.5820813448 0)
(2.56497461 0.5825624969 0)
(2.57208997 0.5814913467 0)
(2.578947859 0.5776055248 0)
(2.581878481 0.5744470491 0)
(2.581905845 0.5725600994 0)
(2.580058661 0.5703657377 0)
(2.576397196 0.5670105311 0)
(2.571498414 0.562529365 0)
(2.566270232 0.5579564747 0)
(2.561861958 0.5536667824 0)
(2.386868737 0.5297693312 0)
(2.39682526 0.5409248919 0)
(2.406908668 0.5510614427 0)
(2.417058978 0.5597067214 0)
(2.42685482 0.5676397659 0)
(2.436352624 0.574005005 0)
(2.445217204 0.5788944981 0)
(2.453112216 0.5835599043 0)
(2.460531486 0.5875669414 0)
(2.467713944 0.5905208133 0)
(2.474907978 0.5925847472 0)
(2.482001402 0.5939315863 0)
(2.488208135 0.5953155422 0)
(2.493617433 0.5967372141 0)
(2.499715106 0.5968258634 0)
(2.505756067 0.5969199958 0)
(2.511285087 0.5972140812 0)
(2.517660114 0.5980058152 0)
(2.525537604 0.5987919366 0)
(2.538617194 0.5977849318 0)
(2.54908702 0.5971477078 0)
(2.556027596 0.596807999 0)
(2.564652867 0.5944800149 0)
(2.573785967 0.5926611533 0)
(2.581789069 0.5909990203 0)
(2.588879714 0.5884409027 0)
(2.595971542 0.5844650906 0)
(2.599953418 0.580327929 0)
(2.599570348 0.5760537366 0)
(2.595560579 0.5717158546 0)
(2.589701784 0.5676353617 0)
(2.583720381 0.5643387166 0)
(2.388346073 0.5427673436 0)
(2.39801401 0.5540290791 0)
(2.407987561 0.5646769216 0)
(2.418226587 0.5736183733 0)
(2.428221731 0.5815781641 0)
(2.437933925 0.5880981937 0)
(2.447332292 0.5929687935 0)
(2.456002474 0.5974267603 0)
(2.464056359 0.6015370082 0)
(2.471721672 0.6047753296 0)
(2.479047537 0.6072714533 0)
(2.486111991 0.608434501 0)
(2.492076396 0.6094011816 0)
(2.497604408 0.6107802346 0)
(2.503688135 0.6118221624 0)
(2.509475453 0.6130481112 0)
(2.516145933 0.6130512159 0)
(2.52301066 0.6139192924 0)
(2.53222116 0.6129152477 0)
(2.540595349 0.6099398202 0)
(2.546148687 0.6114922001 0)
(2.555139357 0.610183549 0)
(2.566009991 0.6082586133 0)
(2.575249272 0.6075428383 0)
(2.585518977 0.6060049195 0)
(2.595770576 0.6006710883 0)
(2.600230723 0.5995333435 0)
(2.603623764 0.5993571711 0)
(2.605922059 0.5978447702 0)
(2.605785068 0.5947235396 0)
(2.603311732 0.590054824 0)
(2.599534361 0.5847795114 0)
(2.392217649 0.5606550083 0)
(2.401310377 0.5716487597 0)
(2.41056928 0.5816348427 0)
(2.420288947 0.589917328 0)
(2.430019024 0.5973950923 0)
(2.43967334 0.6038726962 0)
(2.449432194 0.6088480953 0)
(2.458839387 0.6133985506 0)
(2.467617198 0.6178895417 0)
(2.475865217 0.6215166073 0)
(2.48356191 0.6243663861 0)
(2.491127953 0.6255960255 0)
(2.497753166 0.6264905578 0)
(2.503215246 0.6269729426 0)
(2.507265822 0.6266185562 0)
(2.510659427 0.6261871593 0)
(2.515573584 0.6252593422 0)
(2.521315714 0.62555264 0)
(2.530257508 0.6239606879 0)
(2.541019563 0.623119265 0)
(2.550205203 0.6230435204 0)
(2.560172901 0.6243422244 0)
(2.566517416 0.6229468684 0)
(2.573836771 0.620942658 0)
(2.583884933 0.6177940166 0)
(2.593264578 0.6160852068 0)
(2.603075147 0.6130583989 0)
(2.611694759 0.6098757475 0)
(2.618154048 0.6066202967 0)
(2.621694523 0.6031299058 0)
(2.620988228 0.5996958078 0)
(2.617170529 0.5966835963 0)
(2.394375236 0.5741397465 0)
(2.40297869 0.5848106866 0)
(2.411909552 0.594856706 0)
(2.421336779 0.6034383449 0)
(2.430824838 0.6111703419 0)
(2.440315578 0.6179683071 0)
(2.450145041 0.6231106266 0)
(2.459833261 0.6273503016 0)
(2.468836533 0.6313775174 0)
(2.477294171 0.6347022543 0)
(2.485258488 0.6376073541 0)
(2.493283243 0.6392879638 0)
(2.500743978 0.6406820134 0)
(2.507370718 0.6417569662 0)
(2.512845254 0.6429788622 0)
(2.518102597 0.6434038008 0)
(2.523789264 0.6428835861 0)
(2.530301707 0.6419819319 0)
(2.537751183 0.6399097863 0)
(2.542772241 0.6398190451 0)
(2.550202832 0.6374881146 0)
(2.556536159 0.6359746865 0)
(2.563659367 0.636363966 0)
(2.572737659 0.634712408 0)
(2.581350222 0.6314483861 0)
(2.58965904 0.6298206618 0)
(2.597801296 0.6276258559 0)
(2.605790526 0.625507942 0)
(2.613030164 0.6235352691 0)
(2.618742242 0.6227414252 0)
(2.62355731 0.6207781784 0)
(2.627159415 0.6154019467 0)
(2.406696552 0.6021660994 0)
(2.41505627 0.6116324491 0)
(2.423853819 0.6200472043 0)
(2.432749438 0.6276929964 0)
(2.4417524 0.6343096058 0)
(2.451311536 0.6391264666 0)
(2.461033878 0.6429282899 0)
(2.470335926 0.6468553986 0)
(2.479371743 0.6506528937 0)
(2.488133053 0.6543717356 0)
(2.496856822 0.6569513364 0)
(2.504806194 0.6582556051 0)
(2.511508011 0.6582138162 0)
(2.516740311 0.6578401745 0)
(2.521747645 0.6570934693 0)
(2.527084938 0.6560473073 0)
(2.533050875 0.653827624 0)
(2.537356567 0.6519910952 0)
(2.541534817 0.6514680065 0)
(2.547880116 0.6504610581 0)
(2.556570993 0.6491952444 0)
(2.566880143 0.6482475814 0)
(2.577499416 0.6467359801 0)
(2.58680535 0.6445295268 0)
(2.593719451 0.6435119564 0)
(2.601415774 0.6409265732 0)
(2.608213221 0.6383486354 0)
(2.615497639 0.6364052203 0)
(2.625678792 0.6325949515 0)
(2.634761504 0.6290102277 0)
(2.64004947 0.6253069609 0)
(2.409049305 0.6158999852 0)
(2.417130123 0.6254666415 0)
(2.425371547 0.633871684 0)
(2.433612411 0.6411879824 0)
(2.442093245 0.6475116579 0)
(2.45134666 0.652481209 0)
(2.461078889 0.6567539016 0)
(2.470642688 0.6611396664 0)
(2.479951101 0.6652025368 0)
(2.488884351 0.668668896 0)
(2.497552488 0.6707103066 0)
(2.505769494 0.6711564726 0)
(2.51306798 0.6711710884 0)
(2.519479015 0.6715943826 0)
(2.525790435 0.6720006992 0)
(2.53246727 0.671721608 0)
(2.539190567 0.670774033 0)
(2.544368979 0.6700156713 0)
(2.549413015 0.6684734001 0)
(2.554593349 0.6670813766 0)
(2.559675142 0.6660119779 0)
(2.566824337 0.6609742993 0)
(2.574282401 0.6562806773 0)
(2.580632592 0.6560354125 0)
(2.587979911 0.6562013533 0)
(2.596447245 0.6545830516 0)
(2.605265814 0.6510651049 0)
(2.61446751 0.6480419814 0)
(2.622291578 0.6467347623 0)
(2.630390347 0.6440949117 0)
(2.638280928 0.640595214 0)
(2.412914369 0.633600043 0)
(2.420473221 0.6422794128 0)
(2.42818168 0.6504196815 0)
(2.436077433 0.6578608186 0)
(2.444352685 0.6644334862 0)
(2.453270703 0.669719319 0)
(2.462469271 0.6740295935 0)
(2.471509174 0.6778199319 0)
(2.480509281 0.6809629324 0)
(2.489491148 0.6836692566 0)
(2.498525829 0.6859464613 0)
(2.507784603 0.6874382931 0)
(2.516384764 0.6886741 0)
(2.52378533 0.6892900037 0)
(2.5304764 0.6888478404 0)
(2.537046425 0.6869369594 0)
(2.54256004 0.6845451781 0)
(2.546886612 0.6819875622 0)
(2.550378816 0.6798795739 0)
(2.553281868 0.6785518542 0)
(2.557042553 0.6769205271 0)
(2.564713448 0.6727089785 0)
(2.574255419 0.6704957446 0)
(2.581811931 0.6697457034 0)
(2.590159753 0.66873043 0)
(2.600422067 0.6671216279 0)
(2.610582026 0.6637708091 0)
(2.618095378 0.6603647756 0)
(2.625116746 0.6584876502 0)
(2.631804919 0.6559007659 0)
(2.639843573 0.6540259429 0)
(2.415321752 0.647805505 0)
(2.422772242 0.6567092242 0)
(2.430104009 0.6649889823 0)
(2.437500364 0.6723214454 0)
(2.445257965 0.6786054051 0)
(2.453545474 0.6837253023 0)
(2.462178804 0.6878860475 0)
(2.471085796 0.6914171701 0)
(2.480353715 0.6945841384 0)
(2.48978465 0.6976676628 0)
(2.499042419 0.700292626 0)
(2.508090978 0.7014747181 0)
(2.516319379 0.7016519697 0)
(2.523810958 0.701113815 0)
(2.531112282 0.7001244629 0)
(2.538395316 0.6989871555 0)
(2.545026551 0.6988388836 0)
(2.551282836 0.6986105969 0)
(2.556010474 0.6984161745 0)
(2.560039653 0.6970427531 0)
(2.565253618 0.6937200942 0)
(2.571197964 0.690111478 0)
(2.574518177 0.6874402796 0)
(2.579795119 0.683250208 0)
(2.587682728 0.6801982206 0)
(2.597843307 0.677594659 0)
(2.608975274 0.6762240546 0)
(2.618708298 0.6741016948 0)
(2.623643076 0.6710796602 0)
(2.629778749 0.6679367331 0)
(2.638214254 0.6653732172 0)
(2.419127123 0.6661036627 0)
(2.426216496 0.6747162429 0)
(2.433123114 0.6830557871 0)
(2.440120482 0.6903809202 0)
(2.447471135 0.6962968605 0)
(2.45524919 0.7009139091 0)
(2.463423277 0.7045290048 0)
(2.472091173 0.7074526498 0)
(2.481183783 0.7101348994 0)
(2.490356888 0.7129861136 0)
(2.499379931 0.7159800593 0)
(2.508494414 0.7181262675 0)
(2.517420676 0.7191577762 0)
(2.526079928 0.7188713796 0)
(2.534461724 0.7176391332 0)
(2.542058917 0.7160722422 0)
(2.548247768 0.7145524981 0)
(2.553313646 0.7124671165 0)
(2.556992672 0.7107464652 0)
(2.561195777 0.708200196 0)
(2.566264853 0.7044305958 0)
(2.569056383 0.7020388639 0)
(2.572518353 0.7001084369 0)
(2.580820386 0.6966829603 0)
(2.590867671 0.6943122606 0)
(2.59988128 0.6920583649 0)
(2.607193311 0.6891809809 0)
(2.612160808 0.6863811313 0)
(2.619715265 0.6844844989 0)
(2.628505873 0.6818881507 0)
(2.638362078 0.6779363363 0)
(2.42150662 0.6814953346 0)
(2.428314531 0.6902857735 0)
(2.434775095 0.6981427038 0)
(2.441324093 0.7046429429 0)
(2.448276572 0.7098234564 0)
(2.455648552 0.7143112479 0)
(2.463583061 0.7183468713 0)
(2.472295132 0.7218671649 0)
(2.481518244 0.7250458949 0)
(2.490623734 0.7280484636 0)
(2.499231142 0.7302453349 0)
(2.507577704 0.7305971693 0)
(2.515762101 0.7297425654 0)
(2.524198905 0.7286718278 0)
(2.532783083 0.72795468 0)
(2.540792391 0.7276870586 0)
(2.547998509 0.7275984993 0)
(2.5543727 0.7275508267 0)
(2.560129648 0.7275518528 0)
(2.566426451 0.7258005205 0)
(2.572406782 0.7227079674 0)
(2.576446183 0.7198460304 0)
(2.581431436 0.716368732 0)
(2.58763249 0.7129270315 0)
(2.592189652 0.7083719364 0)
(2.595203957 0.7036829434 0)
(2.601970294 0.7008900202 0)
(2.613301598 0.6988417469 0)
(2.622767425 0.6970137231 0)
(2.632280555 0.6941680747 0)
(2.642462144 0.689834776 0)
(2.424666279 0.70015949 0)
(2.431000602 0.7084983807 0)
(2.437164589 0.7160307007 0)
(2.443573631 0.7222811569 0)
(2.450414015 0.7272527121 0)
(2.45754886 0.7316866301 0)
(2.465117862 0.7356239157 0)
(2.473373338 0.7387180442 0)
(2.482097947 0.7410128394 0)
(2.490724627 0.7428511301 0)
(2.499050418 0.7444608841 0)
(2.507652906 0.7459127318 0)
(2.516980852 0.7470584933 0)
(2.526426687 0.7474461345 0)
(2.53501391 0.7473728826 0)
(2.542619332 0.7469377917 0)
(2.549598539 0.7457656627 0)
(2.555803192 0.7439077338 0)
(2.561569636 0.7414312791 0)
(2.567593292 0.7377785281 0)
(2.572989849 0.7340457487 0)
(2.578014612 0.7306246492 0)
(2.583227291 0.7270655198 0)
(2.586660626 0.7243083157 0)
(2.591135299 0.7209138056 0)
(2.599454867 0.7177858955 0)
(2.607016945 0.7159842628 0)
(2.612879637 0.7129289707 0)
(2.619656818 0.707858049 0)
(2.628182333 0.704394122 0)
(2.637218152 0.7007552752 0)
(2.426698128 0.7148491314 0)
(2.432545221 0.7229115201 0)
(2.438286988 0.7299265352 0)
(2.444415212 0.7360201201 0)
(2.451116088 0.7413215175 0)
(2.458138215 0.7463394789 0)
(2.465585327 0.7506270867 0)
(2.473712751 0.7536433659 0)
(2.482284253 0.7555327359 0)
(2.490690624 0.7569319798 0)
(2.49873116 0.7582435381 0)
(2.506855966 0.7591942121 0)
(2.515413499 0.7591995643 0)
(2.524019144 0.7581666093 0)
(2.531893894 0.7569984836 0)
(2.539090343 0.7561220122 0)
(2.546131907 0.7553538473 0)
(2.553365451 0.7547589058 0)
(2.561280099 0.7543360519 0)
(2.569590501 0.7533159103 0)
(2.57701679 0.7514533432 0)
(2.583780168 0.7483871471 0)
(2.589432501 0.7450841668 0)
(2.593323682 0.7420409436 0)
(2.597768201 0.7382275199 0)
(2.602334252 0.7333498776 0)
(2.604432146 0.7278780669 0)
(2.608172802 0.7241710818 0)
(2.618078153 0.720188251 0)
(2.629353197 0.7171774399 0)
(2.638034983 0.715209156 0)
(2.429398418 0.7328263837 0)
(2.434899592 0.7409507295 0)
(2.440568138 0.7484328335 0)
(2.446621054 0.7548825485 0)
(2.453052502 0.7600231151 0)
(2.459621572 0.7643326077 0)
(2.466627526 0.7675788818 0)
(2.474383276 0.7695669875 0)
(2.482619572 0.7708242216 0)
(2.490826921 0.7722643721 0)
(2.498906406 0.7741297228 0)
(2.507125271 0.7759153059 0)
(2.515773335 0.7767870092 0)
(2.524718732 0.7763732108 0)
(2.533261019 0.7755861406 0)
(2.541204567 0.7749965589 0)
(2.548767446 0.7744630795 0)
(2.556256233 0.7736175499 0)
(2.563876228 0.7719877968 0)
(2.571266544 0.768774013 0)
(2.578005629 0.7644820059 0)
(2.584514492 0.7598014636 0)
(2.589512712 0.7562010335 0)
(2.593195101 0.7531850998 0)
(2.596961884 0.7491616628 0)
(2.600431818 0.7450574465 0)
(2.606540937 0.741812327 0)
(2.614035403 0.7388610112 0)
(2.621536143 0.7352078933 0)
(2.627963456 0.7304921339 0)
(2.631526481 0.7267368148 0)
(2.43118463 0.7478253455 0)
(2.436238408 0.7559802831 0)
(2.441525014 0.762981878 0)
(2.447260982 0.7689600888 0)
(2.453475946 0.7738320788 0)
(2.459924034 0.7780983745 0)
(2.46688121 0.7815420035 0)
(2.47459397 0.7840350007 0)
(2.48274883 0.7860606004 0)
(2.490812984 0.788064675 0)
(2.498673855 0.7896078531 0)
(2.506503363 0.7901480185 0)
(2.514539853 0.7894802536 0)
(2.522805856 0.7877298076 0)
(2.530698563 0.78601007 0)
(2.538050035 0.7849487492 0)
(2.54529675 0.7842338642 0)
(2.55303898 0.7831422859 0)
(2.561112726 0.7816394525 0)
(2.569397407 0.7798525346 0)
(2.578087999 0.7778838361 0)
(2.586462405 0.7753512471 0)
(2.592750265 0.773281311 0)
(2.597845361 0.7707055953 0)
(2.60302994 0.7665749588 0)
(2.607605346 0.7623142049 0)
(2.611693332 0.7571084216 0)
(2.614709041 0.7503595975 0)
(2.618523555 0.7457031323 0)
(2.62340553 0.742404598 0)
(2.631224987 0.7398539856 0)
(2.433785346 0.7665554743 0)
(2.438429079 0.7745068372 0)
(2.443514154 0.7815249038 0)
(2.449060855 0.7873968355 0)
(2.455025575 0.7918512668 0)
(2.461214008 0.7954857729 0)
(2.467929718 0.7984477475 0)
(2.475348862 0.8007968724 0)
(2.483101212 0.8027736199 0)
(2.490767797 0.8042693639 0)
(2.498414162 0.8047994747 0)
(2.506109528 0.804728322 0)
(2.514055887 0.8043509926 0)
(2.522434295 0.8035754058 0)
(2.530739569 0.8030870792 0)
(2.538730883 0.8030168591 0)
(2.546771433 0.802756366 0)
(2.555256035 0.8016532886 0)
(2.563753583 0.7999461244 0)
(2.572014881 0.7976190509 0)
(2.580092663 0.7945308755 0)
(2.587528053 0.790944897 0)
(2.593428781 0.7879673764 0)
(2.598953717 0.784467305 0)
(2.60446379 0.7798304573 0)
(2.608946522 0.7747301389 0)
(2.61305158 0.7703103692 0)
(2.619122428 0.7662224493 0)
(2.624662276 0.7615972849 0)
(2.628679327 0.7582970129 0)
(2.633619291 0.7545468744 0)
(2.435641164 0.7818702394 0)
(2.439866977 0.7895041375 0)
(2.444592912 0.7958325594 0)
(2.449773414 0.8012805491 0)
(2.455426766 0.805798703 0)
(2.461496284 0.8097125726 0)
(2.468168789 0.8130070191 0)
(2.475433973 0.8155804494 0)
(2.482908438 0.8175530623 0)
(2.490434045 0.8189439097 0)
(2.498269522 0.8196119525 0)
(2.506262106 0.8199027635 0)
(2.514239087 0.8200239544 0)
(2.52214554 0.819503761 0)
(2.529761861 0.8183763991 0)
(2.537266174 0.8167969158 0)
(2.54502825 0.8145797406 0)
(2.552970488 0.8117413812 0)
(2.560812033 0.8093327787 0)
(2.568964026 0.80714502 0)
(2.577181454 0.8046223645 0)
(2.584812566 0.8019542801 0)
(2.59153556 0.7994655408 0)
(2.59822964 0.7960584284 0)
(2.604640561 0.7918345504 0)
(2.610371127 0.7873899396 0)
(2.615418564 0.7825282686 0)
(2.620265408 0.7769749583 0)
(2.623766415 0.7723199188 0)
(2.626335843 0.7689764977 0)
(2.630442896 0.7650894262 0)
(2.43844095 0.8012126525 0)
(2.442317707 0.8087169583 0)
(2.446806142 0.8150789334 0)
(2.451644097 0.8203715231 0)
(2.456860748 0.8244015776 0)
(2.462590209 0.8274760717 0)
(2.469014019 0.8299489578 0)
(2.476034714 0.8320707059 0)
(2.483295887 0.8340090604 0)
(2.4907353 0.8354559234 0)
(2.498460044 0.8360507604 0)
(2.506082432 0.8360864001 0)
(2.51329303 0.834922609 0)
(2.520066929 0.8324359674 0)
(2.526889619 0.830220648 0)
(2.53451204 0.8286878034 0)
(2.543249308 0.8276473968 0)
(2.552921506 0.8272339782 0)
(2.562350136 0.826950193 0)
(2.571022199 0.8253844495 0)
(2.579225187 0.822926851 0)
(2.586854001 0.820357564 0)
(2.593978369 0.8175956168 0)
(2.601281255 0.8139226118 0)
(2.608488596 0.809429003 0)
(2.614833874 0.805185179 0)
(2.620390392 0.8005902778 0)
(2.625544904 0.795184311 0)
(2.629239983 0.790242451 0)
(2.63263478 0.7855963577 0)
(2.636968405 0.7803741853 0)
(2.440402701 0.8170850868 0)
(2.443914413 0.8242798342 0)
(2.448022433 0.8299090943 0)
(2.452437313 0.8347184751 0)
(2.457303795 0.8387596613 0)
(2.46291208 0.8420339057 0)
(2.469311395 0.8447515816 0)
(2.476198552 0.8471095991 0)
(2.48321595 0.8491465469 0)
(2.49044951 0.8504760139 0)
(2.498000983 0.8506424481 0)
(2.505452209 0.8499692538 0)
(2.512916413 0.8498557001 0)
(2.520667388 0.8499574588 0)
(2.528463809 0.8491487513 0)
(2.53630231 0.8478196661 0)
(2.544377888 0.846228467 0)
(2.552678092 0.8436902794 0)
(2.56069503 0.8397036431 0)
(2.568055324 0.8354514388 0)
(2.575288129 0.832219477 0)
(2.582564051 0.8296806913 0)
(2.590040642 0.8268476927 0)
(2.597921984 0.8230694203 0)
(2.605504167 0.8186752258 0)
(2.612016355 0.8143605559 0)
(2.618444784 0.8096059052 0)
)
;

boundaryField
{
    inlet
    {
        type            fixedValue;
        value           nonuniform 0();
    }
    outlet
    {
        type            inletOutlet;
        inletValue      nonuniform 0();
        value           nonuniform 0();
    }
    bottom
    {
        type            slip;
    }
    top
    {
        type            slip;
    }
    obstacle
    {
        type            slip;
    }
    defaultFaces
    {
        type            empty;
    }
    procBoundary4to3
    {
        type            processor;
        value           nonuniform List<vector> 
62
(
(1.898929573 0.002877227481 0)
(1.898141841 0.008469497884 0)
(1.898373048 0.01417736364 0)
(1.899433182 0.01982977159 0)
(1.899909265 0.02559910722 0)
(1.900637861 0.03148991956 0)
(1.901830385 0.03751434225 0)
(1.903691403 0.0435072622 0)
(1.903927831 0.0495289358 0)
(1.906299361 0.05563932289 0)
(1.905044965 0.06170481228 0)
(1.907621673 0.06812060102 0)
(1.90799135 0.07425559737 0)
(1.90847948 0.08046487415 0)
(1.909042791 0.08656285276 0)
(1.909611059 0.09255562155 0)
(1.910341921 0.09849963371 0)
(1.911332467 0.1044904321 0)
(1.912562682 0.11057926 0)
(1.914156732 0.116905551 0)
(1.916120009 0.1234393636 0)
(1.918614837 0.1301405665 0)
(1.921819824 0.1369059577 0)
(1.926099719 0.1436948369 0)
(1.931520092 0.1504535716 0)
(1.937908288 0.1573451431 0)
(1.941901548 0.1638114766 0)
(1.944516714 0.1708609989 0)
(1.949987661 0.1800869456 0)
(1.964296508 0.1867607069 0)
(1.987100514 0.1978560651 0)
(2.020895722 0.2068952411 0)
(2.063713817 0.2215566109 0)
(2.112822687 0.2365774401 0)
(2.16405702 0.2510371596 0)
(2.210228915 0.2680706025 0)
(2.248323566 0.2846628745 0)
(2.277778784 0.2959369358 0)
(2.291656899 0.3151123645 0)
(2.291935065 0.3263051147 0)
(2.295008264 0.3383128705 0)
(2.302280245 0.3534985143 0)
(2.304263262 0.3673379313 0)
(2.318213731 0.383836225 0)
(2.329594902 0.3984895194 0)
(2.341507078 0.4140254674 0)
(2.351021689 0.4286438906 0)
(2.358262193 0.4428290971 0)
(2.364014196 0.457848244 0)
(2.36755894 0.4714095092 0)
(2.371408968 0.4874676042 0)
(2.37356604 0.5012896772 0)
(2.376862517 0.5178141046 0)
(2.37898783 0.5311756051 0)
(2.383101615 0.5483041817 0)
(2.386055249 0.5623171772 0)
(2.398550774 0.5919608417 0)
(2.398550774 0.5919608417 0)
(2.401203896 0.6055968004 0)
(2.405483804 0.6239520769 0)
(2.408063313 0.6379047394 0)
(2.412121536 0.6564489986 0)
)
;
    }
    procBoundary4to5
    {
        type            processor;
        value           nonuniform List<vector> 
69
(
(2.477482813 0.005238980485 0)
(2.474076186 0.01467613672 0)
(2.473257632 0.02522353026 0)
(2.476036529 0.03478305036 0)
(2.472604488 0.04390169819 0)
(2.472525429 0.05582516738 0)
(2.476565473 0.06500218095 0)
(2.473468926 0.07453650401 0)
(2.472348632 0.08598394448 0)
(2.476152118 0.09535225669 0)
(2.472283556 0.1048031279 0)
(2.4719431 0.1155335065 0)
(2.474529415 0.1255862137 0)
(2.474507103 0.1353942289 0)
(2.476209016 0.1452282856 0)
(2.475512269 0.1561381407 0)
(2.47343832 0.1661301424 0)
(2.47165992 0.1760596088 0)
(2.47181974 0.1869572808 0)
(2.472054493 0.1978712007 0)
(2.471222464 0.2077966169 0)
(2.473670199 0.2178740892 0)
(2.472059497 0.227506501 0)
(2.472204159 0.2375701946 0)
(2.472297782 0.2476869305 0)
(2.470746055 0.2574260318 0)
(2.469946957 0.2672540262 0)
(2.469253955 0.2770928406 0)
(2.468776966 0.2871749376 0)
(2.467962424 0.2972078669 0)
(2.467325635 0.3075841184 0)
(2.466490873 0.318162765 0)
(2.465000406 0.3284408005 0)
(2.464318199 0.3388420817 0)
(2.465689623 0.3496726574 0)
(2.469538086 0.360864176 0)
(2.473140958 0.3717613484 0)
(2.476305977 0.3826504998 0)
(2.477992997 0.3932568247 0)
(2.47784455 0.4035367321 0)
(2.47606999 0.4135910118 0)
(2.473516258 0.4235125313 0)
(2.47255836 0.4343590314 0)
(2.473635553 0.4456359193 0)
(2.476777964 0.4578003241 0)
(2.484216018 0.4690403179 0)
(2.492908985 0.4807483633 0)
(2.5030865 0.4925680108 0)
(2.51514509 0.5044261083 0)
(2.527028042 0.5200272854 0)
(2.543759736 0.5315617236 0)
(2.55857064 0.5503487372 0)
(2.578846591 0.5610667834 0)
(2.595168657 0.5801656436 0)
(2.613138002 0.593226238 0)
(2.629042404 0.6089278148 0)
(2.641495292 0.6224383163 0)
(2.64482732 0.635966033 0)
(2.650248093 0.6485342694 0)
(2.64703537 0.6624301525 0)
(2.649211743 0.6738856906 0)
(2.647964948 0.6867480583 0)
(2.644095707 0.6995659321 0)
(2.645612864 0.7136846779 0)
(2.637439238 0.7240484884 0)
(2.640618223 0.7368771315 0)
(2.639332551 0.7497809942 0)
(2.635808153 0.7613233534 0)
(2.642145181 0.7755961142 0)
)
;
    }
    procBoundary4to9
    {
        type            processor;
        value           nonuniform List<vector> 9((2.414746605 0.6712538649 0) (2.418437653 0.6903375113 0) (2.420910188 0.705093471 0) (2.424135608 0.7236830721 0) (2.426360338 0.738375869 0) (2.429494297 0.7576966754 0) (2.431807493 0.7728268351 0) (2.435144905 0.7926702102 0) (2.437578917 0.8081749144 0));
    }
    procBoundary4to10
    {
        type            processor;
        value           nonuniform List<vector> 
32
(
(2.624260194 0.8049909312 0)
(2.628802975 0.8004569607 0)
(2.63291222 0.7956277307 0)
(2.637002686 0.7906202158 0)
(2.44309821 0.8369855425 0)
(2.446338038 0.8439301185 0)
(2.45019671 0.8495104447 0)
(2.454281484 0.854018924 0)
(2.458783187 0.8574069588 0)
(2.464085806 0.8597865243 0)
(2.470172167 0.8617001638 0)
(2.476691939 0.8636551589 0)
(2.483428151 0.8655981306 0)
(2.490573488 0.866820561 0)
(2.498161792 0.8670994664 0)
(2.505666502 0.8669359521 0)
(2.512635158 0.8652895489 0)
(2.518978414 0.8622222012 0)
(2.525337808 0.8597442154 0)
(2.532397369 0.8578882476 0)
(2.540099874 0.8559454658 0)
(2.548428181 0.8536315415 0)
(2.55788206 0.8518997733 0)
(2.56795438 0.8512388672 0)
(2.576750788 0.8500040899 0)
(2.584382944 0.8479288597 0)
(2.592198615 0.8449449764 0)
(2.600545518 0.8409515359 0)
(2.608450595 0.8365405205 0)
(2.615228502 0.8323187014 0)
(2.624260194 0.8049909312 0)
(2.621923424 0.8272384641 0)
)
;
    }
}


// ************************************************************************* //
