/*--------------------------------*- C++ -*----------------------------------*\
  =========                 |
  \\      /  F ield         | OpenFOAM: The Open Source CFD Toolbox
   \\    /   O peration     | Website:  https://openfoam.org
    \\  /    A nd           | Version:  7
     \\/     M anipulation  |
\*---------------------------------------------------------------------------*/
FoamFile
{
    version     2.0;
    format      ascii;
    class       volVectorField;
    location    "2.9";
    object      U;
}
// * * * * * * * * * * * * * * * * * * * * * * * * * * * * * * * * * * * * * //

dimensions      [0 1 -1 0 0 0 0];

internalField   nonuniform List<vector> 
2222
(
(2.574438699 0.4805348134 0)
(2.577587456 0.4769172361 0)
(2.582738931 0.4686805035 0)
(2.590594449 0.457880078 0)
(2.344768 0.6266458061 0)
(2.38577783 0.6356023391 0)
(2.3962231 0.645121324 0)
(2.408655741 0.6527061182 0)
(2.413513956 0.6573939456 0)
(2.425875109 0.6492704777 0)
(2.439825792 0.6305538937 0)
(2.45339333 0.6128245187 0)
(2.468052687 0.6008551784 0)
(2.481471686 0.5906412188 0)
(2.48906119 0.590891013 0)
(2.491791316 0.5826361204 0)
(2.490899189 0.5731537359 0)
(2.491457837 0.5673769389 0)
(2.495987473 0.56347528 0)
(2.504565057 0.5597331613 0)
(2.517094145 0.5479033065 0)
(2.525844404 0.5342977963 0)
(2.530794708 0.5289711613 0)
(2.538342481 0.5199371407 0)
(2.542019336 0.5150563027 0)
(2.543662035 0.5138294234 0)
(2.550179269 0.5060391771 0)
(2.555340031 0.5006314131 0)
(2.561558982 0.4941788703 0)
(2.569303585 0.485052669 0)
(2.574147847 0.480683739 0)
(2.577373476 0.4770834994 0)
(2.582567829 0.4691295472 0)
(2.590288997 0.457954731 0)
(2.447910501 0.582549986 0)
(2.314824307 0.641547727 0)
(2.284380378 0.6507372349 0)
(2.299770244 0.6358719036 0)
(2.335575216 0.6194545086 0)
(2.381975688 0.6334977294 0)
(2.395998663 0.6456816143 0)
(2.407694558 0.6529925596 0)
(2.413697728 0.6606705222 0)
(2.425831209 0.6488273157 0)
(2.439736665 0.6290603441 0)
(2.452961022 0.6124786966 0)
(2.467741669 0.6015948349 0)
(2.481177755 0.5941363861 0)
(2.488718035 0.5908715935 0)
(2.491045404 0.5814465184 0)
(2.490330887 0.5730425331 0)
(2.490932224 0.5680189277 0)
(2.495622836 0.5653823881 0)
(2.504316733 0.5599551462 0)
(2.516630276 0.5476994724 0)
(2.525592739 0.5344687794 0)
(2.530406479 0.5295054266 0)
(2.538046739 0.5213574516 0)
(2.541797612 0.5156109368 0)
(2.543515999 0.5141064901 0)
(2.549887226 0.5061718754 0)
(2.55505874 0.5009753436 0)
(2.561257706 0.4946890445 0)
(2.568977312 0.4854330538 0)
(2.573838227 0.4808916105 0)
(2.577259857 0.4774045182 0)
(2.582492444 0.4693048548 0)
(2.589973753 0.4579598989 0)
(2.474541986 0.5716080317 0)
(2.327381649 0.6504265135 0)
(2.284111354 0.6498833032 0)
(2.295432273 0.6317088181 0)
(2.328771743 0.6219064165 0)
(2.377695123 0.6358441456 0)
(2.395750795 0.6470606417 0)
(2.407036744 0.6543939819 0)
(2.413662249 0.6623565159 0)
(2.42566432 0.6478241058 0)
(2.439671769 0.6277742927 0)
(2.452198861 0.6124124738 0)
(2.467351934 0.6042010837 0)
(2.481009553 0.5953414202 0)
(2.488083863 0.5899032877 0)
(2.490615904 0.5806125324 0)
(2.48964545 0.5731546638 0)
(2.490352249 0.5698153625 0)
(2.495247892 0.5662212303 0)
(2.503795105 0.5597589771 0)
(2.516144608 0.5478005802 0)
(2.525198239 0.534818068 0)
(2.529972053 0.5310404363 0)
(2.537721641 0.5216647718 0)
(2.541577316 0.5155360383 0)
(2.543237282 0.5141903211 0)
(2.549616766 0.5063289598 0)
(2.554780671 0.5013315204 0)
(2.560962479 0.4952593696 0)
(2.568653285 0.4861167389 0)
(2.573617703 0.4813530606 0)
(2.577198754 0.4777413564 0)
(2.582365949 0.4692490432 0)
(2.589631698 0.4579392211 0)
(2.495660439 0.5515226795 0)
(2.34211808 0.6422581023 0)
(2.285485328 0.6433366279 0)
(2.292567824 0.6322635546 0)
(2.322996324 0.6266544171 0)
(2.37274585 0.6399055763 0)
(2.395538363 0.6483415508 0)
(2.406406523 0.6554473862 0)
(2.41341067 0.6621389846 0)
(2.425271759 0.6461997161 0)
(2.438925227 0.6275664489 0)
(2.451654028 0.6137485254 0)
(2.466917896 0.6079400408 0)
(2.480830961 0.5953748872 0)
(2.48756702 0.5884158709 0)
(2.490317815 0.5803217219 0)
(2.489057466 0.5738082114 0)
(2.489701486 0.5722222443 0)
(2.494924945 0.5662300396 0)
(2.503217967 0.5593611415 0)
(2.5156962 0.5481721632 0)
(2.524751561 0.5360944756 0)
(2.52958729 0.5317765128 0)
(2.537440112 0.5214138123 0)
(2.541281027 0.515303126 0)
(2.542977431 0.5143217508 0)
(2.54936168 0.5065241526 0)
(2.554452199 0.5017652102 0)
(2.560536809 0.4962730593 0)
(2.568331595 0.4868286894 0)
(2.573449535 0.481765547 0)
(2.577040743 0.4779215741 0)
(2.582186158 0.4692733513 0)
(2.589266855 0.4580068133 0)
(2.538171094 0.528560798 0)
(2.367400861 0.6239555736 0)
(2.287744013 0.6378602655 0)
(2.290665874 0.6339158859 0)
(2.316379654 0.6339269885 0)
(2.365426776 0.6443229905 0)
(2.395164849 0.6492822718 0)
(2.405058158 0.6556182679 0)
(2.413182875 0.6615078235 0)
(2.424869734 0.6448288661 0)
(2.438455354 0.6288397738 0)
(2.451120857 0.6178994464 0)
(2.466589732 0.6089107523 0)
(2.480494734 0.5941991423 0)
(2.487198296 0.5878973094 0)
(2.489792194 0.5803860303 0)
(2.48872278 0.5762978566 0)
(2.489301214 0.5728944083 0)
(2.494370108 0.5657196031 0)
(2.502694839 0.5594225269 0)
(2.515260965 0.5488630089 0)
(2.524353252 0.5379649823 0)
(2.529264061 0.5316081371 0)
(2.537029181 0.5208735657 0)
(2.54106172 0.5151667637 0)
(2.542765872 0.5145553739 0)
(2.549113269 0.506801177 0)
(2.554088885 0.5025384615 0)
(2.560167154 0.4968793455 0)
(2.568083449 0.4869934192 0)
(2.573260379 0.4819295151 0)
(2.576864252 0.4780406288 0)
(2.581947342 0.4694134353 0)
(2.588954331 0.4581828717 0)
(2.58208479 0.5260140691 0)
(2.401985648 0.6081519264 0)
(2.292112763 0.6351635091 0)
(2.289421073 0.6381902424 0)
(2.310803741 0.6416264276 0)
(2.357360665 0.6456222868 0)
(2.393793345 0.6485620844 0)
(2.403460653 0.6546319241 0)
(2.412813042 0.6600261072 0)
(2.423647578 0.644739179 0)
(2.438242289 0.6320792602 0)
(2.450411841 0.6198523392 0)
(2.466159151 0.6087372276 0)
(2.48014627 0.5935954594 0)
(2.486848115 0.5878103559 0)
(2.489410201 0.5816931702 0)
(2.488439628 0.578660853 0)
(2.48864514 0.5728866678 0)
(2.493876438 0.5652445046 0)
(2.502280579 0.559800526 0)
(2.514723619 0.5508345128 0)
(2.524018019 0.5385127957 0)
(2.528921692 0.5311365455 0)
(2.536651292 0.5205064155 0)
(2.540786668 0.515173112 0)
(2.542592697 0.5148527591 0)
(2.548879833 0.5073262122 0)
(2.553709034 0.5034546694 0)
(2.559828372 0.4970503034 0)
(2.567911373 0.4870666515 0)
(2.573114266 0.4820043532 0)
(2.576747063 0.4781949679 0)
(2.581813312 0.4697088794 0)
(2.588718796 0.4585121791 0)
(2.628695586 0.5225330719 0)
(2.423269721 0.6092602778 0)
(2.30059054 0.6380527746 0)
(2.288029549 0.6490602567 0)
(2.307239406 0.6430613577 0)
(2.349682102 0.6382307789 0)
(2.39090561 0.6444234397 0)
(2.402859458 0.6541724734 0)
(2.41227475 0.6585946691 0)
(2.422345419 0.6464585009 0)
(2.437943904 0.634656964 0)
(2.449942204 0.6198550602 0)
(2.465456641 0.6080503677 0)
(2.479908711 0.5936557802 0)
(2.486464569 0.5881411716 0)
(2.489292611 0.5849198157 0)
(2.488184478 0.5791081441 0)
(2.48804496 0.5724111115 0)
(2.493464773 0.5653522904 0)
(2.501839706 0.5604753057 0)
(2.514061806 0.5526183287 0)
(2.52361892 0.5384001386 0)
(2.528411815 0.5304764707 0)
(2.536156007 0.5205015019 0)
(2.540451211 0.5152820312 0)
(2.54239603 0.5152708529 0)
(2.548630655 0.5085912896 0)
(2.553453148 0.503684517 0)
(2.559629484 0.4971477777 0)
(2.567737944 0.4871163679 0)
(2.572973037 0.4821169619 0)
(2.576692513 0.4784722631 0)
(2.581799157 0.4702792918 0)
(2.588636073 0.4591124519 0)
(2.441394521 0.6300923987 0)
(2.314269034 0.6565826362 0)
(2.28689621 0.6530124222 0)
(2.302387348 0.6344567329 0)
(2.341904129 0.6248596938 0)
(2.387514145 0.6413645518 0)
(2.402311186 0.6549245352 0)
(2.411454782 0.6582347058 0)
(2.421270248 0.6505497497 0)
(2.437133147 0.6358629234 0)
(2.449330735 0.619429415 0)
(2.464830475 0.6076449782 0)
(2.479703894 0.5937686291 0)
(2.486357355 0.5904778862 0)
(2.489233514 0.5867120945 0)
(2.487820731 0.5788810215 0)
(2.487514421 0.5723364291 0)
(2.493107333 0.5657276686 0)
(2.501268372 0.5623766122 0)
(2.513562394 0.5530404703 0)
(2.523101612 0.5378117829 0)
(2.527895985 0.5303952963 0)
(2.535602743 0.5207310299 0)
(2.540160864 0.5156586573 0)
(2.542129081 0.5164086679 0)
(2.54840158 0.509398204 0)
(2.553173902 0.5037214962 0)
(2.559395472 0.4972286984 0)
(2.567537329 0.4871800338 0)
(2.572853682 0.482270051 0)
(2.57666698 0.4790318595 0)
(2.581719734 0.4712233991 0)
(2.588509277 0.4598590825 0)
(2.467524988 0.6343110332 0)
(2.329413924 0.6688816772 0)
(2.286802988 0.6512248715 0)
(2.297595057 0.6201607997 0)
(2.334677836 0.6217119587 0)
(2.384108892 0.6429378878 0)
(2.401508114 0.6563963584 0)
(2.410110167 0.6595615746 0)
(2.420002932 0.6524107508 0)
(2.435523804 0.6361882478 0)
(2.448539511 0.6184074879 0)
(2.464204868 0.6074429289 0)
(2.479436899 0.5943061544 0)
(2.486284603 0.5938031985 0)
(2.489109738 0.5868040511 0)
(2.487467036 0.578095052 0)
(2.487092234 0.5725898493 0)
(2.492735228 0.5665541206 0)
(2.500653638 0.564158535 0)
(2.512910081 0.5528614325 0)
(2.522659763 0.5376980499 0)
(2.527389384 0.5306048302 0)
(2.535206453 0.5214079278 0)
(2.53999132 0.5170661255 0)
(2.541829563 0.5177662585 0)
(2.548091663 0.509658525 0)
(2.55291158 0.5037506003 0)
(2.559082788 0.4973485296 0)
(2.56729271 0.4873401466 0)
(2.572682624 0.4827739277 0)
(2.576540441 0.4797173654 0)
(2.581585381 0.4715103354 0)
(2.588343726 0.4600587691 0)
(2.486527963 0.6207691321 0)
(2.341544634 0.662229671 0)
(2.287153714 0.6374618849 0)
(2.293990976 0.6177791408 0)
(2.329947304 0.6250905099 0)
(2.380480958 0.6459491282 0)
(2.400329741 0.6591990189 0)
(2.409195772 0.6629712408 0)
(2.418559514 0.6522551745 0)
(2.433863239 0.6356159401 0)
(2.447889023 0.6177902597 0)
(2.463306192 0.6072964023 0)
(2.479151752 0.5971744064 0)
(2.486259226 0.5948369516 0)
(2.488879327 0.586402887 0)
(2.487264167 0.5774924916 0)
(2.486734258 0.5729951094 0)
(2.492262227 0.5686861093 0)
(2.500203109 0.5645354049 0)
(2.512395309 0.5524773821 0)
(2.522339907 0.5379473538 0)
(2.527054308 0.5311369655 0)
(2.534946536 0.5230571526 0)
(2.539828002 0.5182911701 0)
(2.541649114 0.5179337304 0)
(2.547759105 0.509858288 0)
(2.552592273 0.5037427622 0)
(2.558748593 0.4975095683 0)
(2.567040943 0.4878261605 0)
(2.572473511 0.4836624681 0)
(2.576360631 0.4798658874 0)
(2.581332009 0.4715711068 0)
(2.588246296 0.4602398536 0)
(2.502825276 0.5991234851 0)
(2.35380132 0.6486535819 0)
(2.289128856 0.6258593642 0)
(2.292089332 0.618949479 0)
(2.324640083 0.6299506977 0)
(2.374891048 0.6511663939 0)
(2.398658076 0.6618079162 0)
(2.408533737 0.6636077005 0)
(2.41708284 0.6515043567 0)
(2.432578968 0.6352984251 0)
(2.447032534 0.6176339058 0)
(2.462406537 0.6078974381 0)
(2.478921267 0.600736433 0)
(2.486141939 0.5947961833 0)
(2.488670244 0.5850445778 0)
(2.48714069 0.5771789226 0)
(2.486283496 0.574109158 0)
(2.491818307 0.5699428573 0)
(2.499559798 0.564253243 0)
(2.511946488 0.5525832419 0)
(2.522020807 0.5383401634 0)
(2.526842526 0.5325504015 0)
(2.534719156 0.5237655371 0)
(2.5396657 0.5184329472 0)
(2.541410728 0.5178610843 0)
(2.547473228 0.5101129662 0)
(2.552248876 0.5036791846 0)
(2.558460599 0.4978534505 0)
(2.566841141 0.4888047123 0)
(2.572319746 0.4839713873 0)
(2.576151268 0.4798111964 0)
(2.581221865 0.4716555047 0)
(2.58829698 0.4603736124 0)
(2.520598374 0.5706589812 0)
(2.381553512 0.6217231092 0)
(2.292241792 0.6225017399 0)
(2.290130446 0.6214539301 0)
(2.319881531 0.6391213592 0)
(2.367952091 0.6561403765 0)
(2.396825355 0.6630429296 0)
(2.408295946 0.6630040561 0)
(2.415194741 0.6501622639 0)
(2.431484849 0.6350275104 0)
(2.445877934 0.6178147061 0)
(2.461653207 0.6112836867 0)
(2.478695797 0.601857271 0)
(2.485974182 0.5941066712 0)
(2.488626563 0.5840187044 0)
(2.486906163 0.5771984167 0)
(2.485798764 0.576310559 0)
(2.491334542 0.5702719416 0)
(2.49903006 0.5639577556 0)
(2.511569076 0.5528697163 0)
(2.521672934 0.5394246674 0)
(2.526575054 0.5334174119 0)
(2.534542145 0.523738086 0)
(2.539446945 0.5184358489 0)
(2.541294323 0.5178555472 0)
(2.547221674 0.5105200465 0)
(2.551976017 0.5037519845 0)
(2.558227313 0.4986443491 0)
(2.566656 0.4892501636 0)
(2.572081301 0.4840396188 0)
(2.575904283 0.4797856541 0)
(2.581170123 0.4716710663 0)
(2.588530297 0.4604659173 0)
(2.539733815 0.566504295 0)
(2.404749571 0.6135840364 0)
(2.298161969 0.6238193019 0)
(2.288374616 0.63151596 0)
(2.315547081 0.6483636948 0)
(2.361001436 0.6560356505 0)
(2.394511539 0.6607404154 0)
(2.407518115 0.6610919667 0)
(2.413353599 0.6477687159 0)
(2.429414457 0.6347506258 0)
(2.444801008 0.6195912856 0)
(2.460848267 0.6147297001 0)
(2.478507953 0.601743702 0)
(2.485932805 0.5925599496 0)
(2.488574925 0.5836211119 0)
(2.486748314 0.578307579 0)
(2.485329781 0.577407671 0)
(2.490776443 0.5702136385 0)
(2.498599223 0.5641647288 0)
(2.511107968 0.5534011024 0)
(2.521293863 0.5409793747 0)
(2.526385459 0.5334287873 0)
(2.534309815 0.5237015316 0)
(2.539321773 0.5183939136 0)
(2.541217946 0.5178853058 0)
(2.547061915 0.5109898775 0)
(2.551787123 0.5044051817 0)
(2.557971917 0.4992555923 0)
(2.566465874 0.4892401597 0)
(2.571800368 0.4841912572 0)
(2.575659472 0.4798417474 0)
(2.5811847 0.4717726689 0)
(2.588972407 0.4606039428 0)
(2.578332715 0.579869531 0)
(2.431452461 0.6310319162 0)
(2.30799612 0.6427600557 0)
(2.286716803 0.6463088668 0)
(2.312711423 0.6485568714 0)
(2.353548762 0.64524519 0)
(2.390720317 0.6532265683 0)
(2.4066283 0.6570567944 0)
(2.412418517 0.6461564221 0)
(2.427130034 0.6349513387 0)
(2.443600222 0.623204828 0)
(2.460148144 0.6151747006 0)
(2.478085563 0.6009189159 0)
(2.485935348 0.5918936142 0)
(2.488508097 0.5836599943 0)
(2.486680301 0.5805568171 0)
(2.484793967 0.5777832769 0)
(2.49029092 0.5704398293 0)
(2.498251864 0.5645628889 0)
(2.510655486 0.5548600579 0)
(2.521045042 0.5413653642 0)
(2.526164122 0.5332465474 0)
(2.534099618 0.5237348783 0)
(2.539252732 0.5184123077 0)
(2.541085618 0.5179433682 0)
(2.546924493 0.5114516868 0)
(2.551565626 0.5054828136 0)
(2.557705322 0.4992340889 0)
(2.566231917 0.4892030959 0)
(2.571558953 0.4844285368 0)
(2.575412989 0.4800633386 0)
(2.581296191 0.4719162846 0)
(2.589633261 0.4607080839 0)
(2.61404385 0.5781582898 0)
(2.448182381 0.6664814587 0)
(2.322144337 0.6710373092 0)
(2.28645485 0.6489838579 0)
(2.308678704 0.6367509247 0)
(2.345837268 0.6294194534 0)
(2.387136876 0.6493640352 0)
(2.405623068 0.6549889271 0)
(2.411163288 0.6453859994 0)
(2.425598006 0.6372958427 0)
(2.442550022 0.6244975542 0)
(2.459537914 0.6145761934 0)
(2.47771802 0.5995976129 0)
(2.485921121 0.5916975479 0)
(2.488524816 0.5851636296 0)
(2.486558841 0.5818765199 0)
(2.484123817 0.5779948185 0)
(2.489878253 0.571055581 0)
(2.497887339 0.5653045917 0)
(2.510221674 0.5560172569 0)
(2.520738825 0.5413392602 0)
(2.525967588 0.533112121 0)
(2.533981831 0.5238635538 0)
(2.539225689 0.5184547402 0)
(2.540948041 0.5180552524 0)
(2.546603305 0.5124231459 0)
(2.551395148 0.5060042547 0)
(2.557430001 0.4990487205 0)
(2.565970188 0.4891771037 0)
(2.571333415 0.4847983722 0)
(2.575260963 0.4804602688 0)
(2.581492647 0.4721551674 0)
(2.590477127 0.4608276118 0)
(2.643782896 0.5688613608 0)
(2.469095986 0.668298207 0)
(2.336248187 0.6746820874 0)
(2.286016675 0.6447277436 0)
(2.305529631 0.6242245758 0)
(2.339518175 0.6269182447 0)
(2.383636902 0.6510200865 0)
(2.405084743 0.6547423046 0)
(2.410094916 0.6462293886 0)
(2.424307155 0.6399365643 0)
(2.441916638 0.6240931218 0)
(2.458699939 0.6133707377 0)
(2.477388917 0.5988542846 0)
(2.48591988 0.5919461634 0)
(2.488521752 0.5879232233 0)
(2.486335726 0.5821382063 0)
(2.483520322 0.5783020275 0)
(2.489625298 0.5719238811 0)
(2.497439603 0.5669624214 0)
(2.509942529 0.5561467284 0)
(2.520451861 0.5412721524 0)
(2.525810311 0.5331678119 0)
(2.533924957 0.5241121145 0)
(2.539179679 0.5184903884 0)
(2.540843589 0.5183661563 0)
(2.54632961 0.5136296153 0)
(2.551172984 0.5063476206 0)
(2.557135624 0.4988199071 0)
(2.565655139 0.4891975729 0)
(2.571114277 0.4854865753 0)
(2.575039963 0.4813471098 0)
(2.581767551 0.4724253183 0)
(2.591418743 0.4610548922 0)
(2.687259192 0.5529333953 0)
(2.488427461 0.6547805665 0)
(2.346866303 0.6658950358 0)
(2.286601784 0.628223873 0)
(2.30368815 0.6233750689 0)
(2.335524854 0.6296235492 0)
(2.379566985 0.6536917184 0)
(2.40442046 0.6551159682 0)
(2.409621936 0.6506876582 0)
(2.42295411 0.6401832681 0)
(2.441380469 0.6231571645 0)
(2.457995995 0.61173 0)
(2.476917276 0.5985610921 0)
(2.485895016 0.5941392903 0)
(2.488385806 0.5892839047 0)
(2.485819368 0.5821236609 0)
(2.482958793 0.5789003036 0)
(2.489128004 0.573406428 0)
(2.497063739 0.5676610096 0)
(2.509530483 0.5560748946 0)
(2.520197859 0.5414376288 0)
(2.525711882 0.5333521531 0)
(2.533819816 0.5243623725 0)
(2.53911584 0.518557602 0)
(2.540780127 0.5193592039 0)
(2.546185039 0.5139802681 0)
(2.55081214 0.506350325 0)
(2.556878343 0.4986288171 0)
(2.565325249 0.4894031508 0)
(2.570752954 0.4865236896 0)
(2.574802213 0.4816876681 0)
(2.582103545 0.4726877061 0)
(2.592218925 0.4617487225 0)
(2.736602873 0.5336379364 0)
(2.509785497 0.630506401 0)
(2.361421816 0.6467490903 0)
(2.288914751 0.6201997806 0)
(2.301845321 0.6239834497 0)
(2.33069881 0.6336205461 0)
(2.374759135 0.6574559471 0)
(2.402995222 0.6580484343 0)
(2.4090553 0.6528965218 0)
(2.422095474 0.6392424421 0)
(2.440479776 0.6216991099 0)
(2.457436952 0.6107859254 0)
(2.476459251 0.5991078271 0)
(2.485833253 0.5973257366 0)
(2.488089942 0.589393339 0)
(2.485151334 0.5823037812 0)
(2.482544194 0.5797716375 0)
(2.488408635 0.5745124693 0)
(2.496673998 0.5676538149 0)
(2.509162919 0.5561304526 0)
(2.519955363 0.5417651452 0)
(2.525697959 0.53375437 0)
(2.533712581 0.5246177676 0)
(2.539044292 0.5187266684 0)
(2.540720225 0.5206450206 0)
(2.546091283 0.5139631871 0)
(2.550524761 0.506429382 0)
(2.556592933 0.4986316195 0)
(2.565034679 0.4901274589 0)
(2.570467071 0.4868127485 0)
(2.574610287 0.4818801436 0)
(2.582480335 0.4731222086 0)
(2.592900767 0.4629228133 0)
(2.78867474 0.5172405316 0)
(2.522165458 0.6050877825 0)
(2.384325723 0.6223529919 0)
(2.292891908 0.6175892553 0)
(2.299483991 0.6267516719 0)
(2.326604578 0.6419467757 0)
(2.368157885 0.6646280587 0)
(2.399997865 0.6638618078 0)
(2.408654763 0.6521239497 0)
(2.421585661 0.6378696273 0)
(2.439857583 0.62037699 0)
(2.456628551 0.6104935272 0)
(2.476225211 0.6022899349 0)
(2.485634044 0.5984000064 0)
(2.487662285 0.5891848303 0)
(2.484745412 0.5829840841 0)
(2.48176057 0.5812876868 0)
(2.48779976 0.575011462 0)
(2.496383325 0.5677043813 0)
(2.508839383 0.5563544404 0)
(2.519799954 0.5422581445 0)
(2.525626692 0.5345149275 0)
(2.533602426 0.5248785107 0)
(2.538987926 0.5194047904 0)
(2.540666333 0.5211469742 0)
(2.545910978 0.5138538826 0)
(2.550412926 0.5065908141 0)
(2.556384422 0.498953921 0)
(2.564733806 0.4910691862 0)
(2.570012851 0.4869294211 0)
(2.574534674 0.4819771516 0)
(2.582875014 0.4738345286 0)
(2.593465844 0.4635289057 0)
(2.842946931 0.4967438096 0)
(2.528587469 0.6040293215 0)
(2.405218763 0.6201967625 0)
(2.30050353 0.6226254549 0)
(2.296297052 0.6392035879 0)
(2.323750738 0.6532880544 0)
(2.362724881 0.6685690811 0)
(2.397379031 0.6651854663 0)
(2.40824147 0.6505831521 0)
(2.421432797 0.6357402256 0)
(2.439332877 0.6199852961 0)
(2.456421695 0.6116007187 0)
(2.475918094 0.6061743998 0)
(2.485179505 0.5980962675 0)
(2.487028785 0.5890612029 0)
(2.484386306 0.5842124386 0)
(2.480997581 0.5821028703 0)
(2.487348384 0.5754349345 0)
(2.496197087 0.5677898356 0)
(2.508549351 0.5567124277 0)
(2.51965252 0.5432917471 0)
(2.525539309 0.5349783666 0)
(2.533525775 0.525186578 0)
(2.538947886 0.5206521762 0)
(2.540621975 0.5212671661 0)
(2.545719022 0.5138203287 0)
(2.550328202 0.5066676123 0)
(2.55623561 0.4999968277 0)
(2.564436986 0.491358574 0)
(2.56963806 0.4869775682 0)
(2.574512448 0.4820648285 0)
(2.583258992 0.4744725274 0)
(2.593797594 0.4634948766 0)
(2.894526752 0.470469419 0)
(2.547741726 0.6228977284 0)
(2.430790489 0.6499148312 0)
(2.311060658 0.6495822359 0)
(2.293701122 0.6498506209 0)
(2.322044571 0.6543257136 0)
(2.357030741 0.6657908952 0)
(2.392687986 0.6633417235 0)
(2.407267862 0.6478488698 0)
(2.422688398 0.6333867223 0)
(2.438997764 0.6203927299 0)
(2.456388991 0.6155874206 0)
(2.475458162 0.6072514185 0)
(2.484561827 0.5974403492 0)
(2.486324968 0.5892354103 0)
(2.483701565 0.5851694525 0)
(2.480305713 0.5826168633 0)
(2.486902761 0.5759990726 0)
(2.495883297 0.5679006797 0)
(2.5082831 0.5575514923 0)
(2.519334417 0.5447116109 0)
(2.525428643 0.5351084394 0)
(2.533521865 0.5254864179 0)
(2.538908723 0.521411231 0)
(2.540511272 0.5212840031 0)
(2.54554725 0.513907727 0)
(2.550090982 0.5069769126 0)
(2.556063098 0.5012687561 0)
(2.564190634 0.4912907887 0)
(2.569320116 0.4870615181 0)
(2.57454188 0.4823467005 0)
(2.583566972 0.4747120218 0)
(2.593954392 0.4633408932 0)
(2.943418052 0.4396965842 0)
(2.571755868 0.6285513219 0)
(2.449431928 0.6821853609 0)
(2.325621211 0.6726319437 0)
(2.292807506 0.6504537399 0)
(2.318381818 0.6480604633 0)
(2.351564048 0.6520996073 0)
(2.388715433 0.6538039275 0)
(2.40669573 0.6413343647 0)
(2.423671115 0.6327695563 0)
(2.439275471 0.6230443784 0)
(2.45624341 0.6180289649 0)
(2.474905289 0.6069758777 0)
(2.483790135 0.5966112018 0)
(2.485546123 0.5894477249 0)
(2.482867276 0.5857078553 0)
(2.479781948 0.5831298957 0)
(2.486462408 0.5766173262 0)
(2.495581813 0.5683952755 0)
(2.507882613 0.559353646 0)
(2.519155443 0.5451328139 0)
(2.525318353 0.5352382333 0)
(2.533421119 0.5261460561 0)
(2.538850702 0.5217023001 0)
(2.540395652 0.5211634549 0)
(2.545445029 0.5140793087 0)
(2.549896569 0.5079774106 0)
(2.555845565 0.5017632319 0)
(2.563879849 0.4910684914 0)
(2.568989799 0.4872113833 0)
(2.574609197 0.483081134 0)
(2.583740181 0.4746734069 0)
(2.593996491 0.463144883 0)
(2.984243375 0.4103954233 0)
(2.587430413 0.6187680365 0)
(2.466661508 0.6782263728 0)
(2.338713916 0.6710552968 0)
(2.291509697 0.6459744983 0)
(2.315524789 0.6333504741 0)
(2.34718945 0.6453989589 0)
(2.384145759 0.646642341 0)
(2.406064445 0.6378495818 0)
(2.424783787 0.6344366307 0)
(2.439481074 0.6267586877 0)
(2.456109473 0.6178645023 0)
(2.474153424 0.6061908624 0)
(2.482985623 0.5957343315 0)
(2.484667489 0.5894903455 0)
(2.482222276 0.5862848179 0)
(2.479130369 0.5836920306 0)
(2.485874104 0.5774850033 0)
(2.495322706 0.5697352459 0)
(2.5075675 0.5600589181 0)
(2.518868378 0.5452105196 0)
(2.525251576 0.5354630989 0)
(2.533253653 0.5273794181 0)
(2.53876975 0.5217839419 0)
(2.540305771 0.5211049839 0)
(2.545410853 0.5143860906 0)
(2.549811083 0.5092453153 0)
(2.555569335 0.501897314 0)
(2.563524827 0.4908063007 0)
(2.56867748 0.4874411736 0)
(2.574662383 0.4837992424 0)
(2.583805629 0.4745517755 0)
(2.593914683 0.4628381478 0)
(2.611572236 0.6017027886 0)
(2.483557979 0.6650389601 0)
(2.350012787 0.6618180778 0)
(2.291547173 0.6323901969 0)
(2.313126746 0.6304948777 0)
(2.345170422 0.6472637553 0)
(2.379627863 0.6474421411 0)
(2.404874808 0.6385955223 0)
(2.425405919 0.6383615515 0)
(2.439886751 0.6275109648 0)
(2.455908754 0.6170435595 0)
(2.473334466 0.6049356315 0)
(2.482140012 0.5951392938 0)
(2.483715884 0.5895980703 0)
(2.481510739 0.5868597215 0)
(2.478346702 0.5844524052 0)
(2.48508371 0.5790786093 0)
(2.495097795 0.5702655978 0)
(2.507105001 0.5601424439 0)
(2.518584068 0.5454029418 0)
(2.525220067 0.5357391355 0)
(2.533143306 0.5282603376 0)
(2.538643542 0.5216884381 0)
(2.540264234 0.5210670505 0)
(2.545352293 0.5154465719 0)
(2.549728879 0.5097242507 0)
(2.555241322 0.5017273989 0)
(2.563166617 0.4907651161 0)
(2.568449377 0.4880916292 0)
(2.574661924 0.4840556651 0)
(2.583802289 0.4743700527 0)
(2.593763388 0.4626756849 0)
(2.647408587 0.5824989807 0)
(2.508215303 0.6405932085 0)
(2.369093697 0.6405604811 0)
(2.293259613 0.6273211406 0)
(2.310459158 0.6309374503 0)
(2.343725277 0.6507263516 0)
(2.375031304 0.6483612198 0)
(2.403106085 0.6419664394 0)
(2.425637297 0.6398731357 0)
(2.440369819 0.6271837019 0)
(2.455544533 0.615795533 0)
(2.472642301 0.6041660609 0)
(2.480947498 0.5948169417 0)
(2.482677674 0.589781904 0)
(2.480574367 0.5876122702 0)
(2.477440129 0.5860626269 0)
(2.484556188 0.5796863838 0)
(2.494916231 0.5700937868 0)
(2.506563082 0.5600776457 0)
(2.518317072 0.5457876434 0)
(2.525092259 0.5365825803 0)
(2.533050612 0.528604205 0)
(2.538497246 0.5213110916 0)
(2.54024726 0.5210261954 0)
(2.54524319 0.5170872281 0)
(2.549621562 0.5097912648 0)
(2.554950037 0.5013479965 0)
(2.562837662 0.4909203676 0)
(2.568262813 0.4892461542 0)
(2.574610209 0.4840494138 0)
(2.583744596 0.4740597986 0)
(2.593610659 0.4626544791 0)
(2.68635752 0.5768248742 0)
(2.520665579 0.6288088129 0)
(2.386064776 0.6293862369 0)
(2.297921884 0.6266637981 0)
(2.307159968 0.6342584844 0)
(2.342199182 0.6556694084 0)
(2.369994495 0.6478136805 0)
(2.401027371 0.6430351517 0)
(2.426652752 0.6400195455 0)
(2.44090194 0.6266436797 0)
(2.455314085 0.6146520609 0)
(2.471429838 0.6038934758 0)
(2.479770401 0.5949000604 0)
(2.481572068 0.590356629 0)
(2.479521819 0.5894297627 0)
(2.476573357 0.5872460584 0)
(2.483698349 0.5796606082 0)
(2.494472409 0.5697030481 0)
(2.505992976 0.5602824699 0)
(2.518118661 0.5462611264 0)
(2.5249262 0.5382508985 0)
(2.532962796 0.5286592023 0)
(2.538376969 0.5209669899 0)
(2.540205036 0.5215094636 0)
(2.545139975 0.5178658842 0)
(2.549332607 0.5096907857 0)
(2.554658214 0.501150034 0)
(2.562585664 0.4912778783 0)
(2.568007572 0.4898089855 0)
(2.574530622 0.4839504893 0)
(2.58360474 0.4737003875 0)
(2.59336214 0.4627187758 0)
(2.728133826 0.5654328018 0)
(2.528724935 0.6354202345 0)
(2.410935496 0.6394136561 0)
(2.306508191 0.6396424539 0)
(2.30415868 0.6419593254 0)
(2.34126781 0.6560614578 0)
(2.365751316 0.647522484 0)
(2.398118159 0.6433164424 0)
(2.427509873 0.6396901693 0)
(2.441538401 0.6257236359 0)
(2.454609521 0.6143735319 0)
(2.470389525 0.6044820234 0)
(2.478765241 0.5966745783 0)
(2.48049015 0.5929026943 0)
(2.478531772 0.59150905 0)
(2.475888457 0.5873095994 0)
(2.482832338 0.5795592012 0)
(2.493944796 0.5695739413 0)
(2.50549575 0.560668731 0)
(2.517833105 0.5471320892 0)
(2.524760475 0.5395133059 0)
(2.532826464 0.52851321 0)
(2.538193158 0.5209243769 0)
(2.540186596 0.5229366483 0)
(2.545065063 0.5180225497 0)
(2.548982152 0.50926126 0)
(2.554385432 0.5011401273 0)
(2.56231422 0.4923167749 0)
(2.567743592 0.4898554121 0)
(2.574295562 0.4836992307 0)
(2.583327821 0.47366264 0)
(2.5931129 0.4631545859 0)
(2.772580174 0.5500584111 0)
(2.541956378 0.657481643 0)
(2.432076579 0.6777811784 0)
(2.317200454 0.6647410126 0)
(2.302434662 0.6439230972 0)
(2.339232288 0.6536251881 0)
(2.362597977 0.6482836628 0)
(2.394412789 0.6431867437 0)
(2.427649828 0.6383899832 0)
(2.442017794 0.6254945466 0)
(2.454001721 0.6152035413 0)
(2.469599152 0.6078179398 0)
(2.477806966 0.5999305933 0)
(2.479346443 0.5949391269 0)
(2.477784935 0.591791905 0)
(2.475013146 0.5872729729 0)
(2.482049159 0.5797838362 0)
(2.493457567 0.5697973699 0)
(2.505020842 0.5611339089 0)
(2.51744408 0.5491859618 0)
(2.524621273 0.539828324 0)
(2.532568956 0.5279452144 0)
(2.538015968 0.5211157715 0)
(2.540214309 0.5240468236 0)
(2.544965158 0.5179696189 0)
(2.548632523 0.5090605824 0)
(2.554024428 0.5012514258 0)
(2.561921785 0.4933279871 0)
(2.567471968 0.4897582067 0)
(2.573947957 0.4833711571 0)
(2.583010663 0.4739316379 0)
(2.592991847 0.4647949208 0)
(2.818074485 0.5336644904 0)
(2.553025527 0.6561165817 0)
(2.450494548 0.6888850778 0)
(2.329450119 0.6705136465 0)
(2.301567922 0.6419207444 0)
(2.338038759 0.6526329573 0)
(2.358494712 0.6498612366 0)
(2.390119683 0.6412673841 0)
(2.427275468 0.6374699 0)
(2.442431753 0.6262728925 0)
(2.45359949 0.6178044776 0)
(2.468663585 0.6099459178 0)
(2.476733121 0.600363547 0)
(2.478427123 0.5949022717 0)
(2.476784473 0.5917814026 0)
(2.474319031 0.5873487468 0)
(2.481328408 0.5801040395 0)
(2.492992301 0.5702145969 0)
(2.504485381 0.5620329269 0)
(2.517036931 0.5506820705 0)
(2.524422941 0.5396607652 0)
(2.532335855 0.5274858064 0)
(2.537933966 0.5221642326 0)
(2.540236754 0.5243677536 0)
(2.544801359 0.5176491671 0)
(2.548388263 0.5091924456 0)
(2.553701256 0.5017205588 0)
(2.561548318 0.4937209886 0)
(2.567100709 0.4895521443 0)
(2.573632858 0.4834082376 0)
(2.582756977 0.474505029 0)
(2.592809837 0.4666577661 0)
(2.861139137 0.5158623048 0)
(2.558589606 0.6459102855 0)
(2.463640681 0.6797289823 0)
(2.339586374 0.6645178204 0)
(2.301503431 0.6380085025 0)
(2.336425211 0.6525619722 0)
(2.355364602 0.6502599485 0)
(2.386348558 0.6368297467 0)
(2.426297699 0.6377904639 0)
(2.442646367 0.6285906031 0)
(2.453173163 0.6184962617 0)
(2.467726667 0.6096366762 0)
(2.475821759 0.5999507152 0)
(2.47756908 0.5945451346 0)
(2.475956195 0.591821158 0)
(2.473599342 0.5875440621 0)
(2.480512131 0.5805001527 0)
(2.492572216 0.5709818393 0)
(2.503851676 0.5643898899 0)
(2.516787211 0.5508314556 0)
(2.524149325 0.5388167133 0)
(2.53216379 0.527493639 0)
(2.53789951 0.5240631577 0)
(2.540213868 0.5243881554 0)
(2.544638005 0.5172752841 0)
(2.54825925 0.5094392255 0)
(2.553448303 0.5029909657 0)
(2.561282874 0.4938300252 0)
(2.566616124 0.4893822965 0)
(2.573334099 0.4834574694 0)
(2.58253931 0.4762462061 0)
(2.592625589 0.4672449527 0)
(2.900120171 0.4930609253 0)
(2.57189693 0.6259546727 0)
(2.483590191 0.6615471073 0)
(2.358128077 0.6513253462 0)
(2.302244958 0.6360178842 0)
(2.334333294 0.6537256826 0)
(2.352494274 0.6482312844 0)
(2.382075935 0.6320821969 0)
(2.424583706 0.638169281 0)
(2.442766724 0.6296468415 0)
(2.45290237 0.6182607068 0)
(2.466828498 0.6090765135 0)
(2.474981093 0.5994405872 0)
(2.476678513 0.5941994813 0)
(2.475185786 0.5919607411 0)
(2.472948543 0.5878038981 0)
(2.479758238 0.5810709017 0)
(2.492090854 0.5731636545 0)
(2.503233458 0.5656549083 0)
(2.516390058 0.5503540632 0)
(2.523844788 0.5382662572 0)
(2.531969665 0.5279698786 0)
(2.537867219 0.5253049914 0)
(2.540132813 0.5243437964 0)
(2.544484282 0.5171345484 0)
(2.548146424 0.5098317421 0)
(2.55316509 0.5042426521 0)
(2.560941912 0.4937963879 0)
(2.566144784 0.4893915543 0)
(2.573052257 0.4838234885 0)
(2.582194041 0.4778825286 0)
(2.592216697 0.4673059652 0)
(2.9329408 0.4611242165 0)
(2.589350271 0.6148299692 0)
(2.504119476 0.6465977778 0)
(2.375245015 0.645723023 0)
(2.305092585 0.6375570726 0)
(2.33245338 0.6551850625 0)
(2.349795799 0.6411111297 0)
(2.377217715 0.6286950886 0)
(2.422239747 0.6381663411 0)
(2.442834773 0.6297213462 0)
(2.452579336 0.6180760431 0)
(2.465768226 0.6086930349 0)
(2.474106678 0.5992384473 0)
(2.475826139 0.5939659521 0)
(2.474519325 0.5920482639 0)
(2.472397933 0.5881766193 0)
(2.478967088 0.5826436188 0)
(2.491567894 0.5748012061 0)
(2.502780647 0.5654441319 0)
(2.515970485 0.5494120477 0)
(2.523570523 0.5384659137 0)
(2.531817552 0.5297935967 0)
(2.537817551 0.5257712688 0)
(2.539956356 0.5240292588 0)
(2.544399162 0.5170584757 0)
(2.547937361 0.5112283143 0)
(2.552937094 0.504689876 0)
(2.560521017 0.4936212641 0)
(2.565675666 0.489578028 0)
(2.572854208 0.4853659934 0)
(2.581918235 0.4781793198 0)
(2.591764675 0.4670710894 0)
(2.960596228 0.4196466757 0)
(2.616800325 0.6160625454 0)
(2.519506243 0.6498967758 0)
(2.395015862 0.6570831063 0)
(2.310840598 0.6495224923 0)
(2.331171696 0.6546646291 0)
(2.347257618 0.6357148733 0)
(2.372811907 0.6283252004 0)
(2.418995412 0.6380540394 0)
(2.442607661 0.6301001426 0)
(2.452233579 0.6182298117 0)
(2.464628324 0.6088950391 0)
(2.473342604 0.599550945 0)
(2.475137832 0.5939333276 0)
(2.473930753 0.5921092596 0)
(2.471956423 0.5892944834 0)
(2.478139828 0.5848413917 0)
(2.491151069 0.5749947667 0)
(2.502130259 0.5643367846 0)
(2.515457824 0.549242529 0)
(2.523359481 0.5390211777 0)
(2.531652878 0.5319757901 0)
(2.537741392 0.5258350143 0)
(2.539851416 0.5235774059 0)
(2.544302733 0.5172315721 0)
(2.547703694 0.5130655198 0)
(2.5526436 0.5048133233 0)
(2.560145128 0.4936412853 0)
(2.565296656 0.4899748764 0)
(2.572479373 0.4868995562 0)
(2.581591733 0.4783510586 0)
(2.591528601 0.4672419706 0)
(2.98212059 0.3808714206 0)
(2.639915309 0.6122959235 0)
(2.532498546 0.6751753391 0)
(2.414126691 0.69325963 0)
(2.318239784 0.6638706583 0)
(2.329762127 0.6516387792 0)
(2.345026469 0.6342614686 0)
(2.369471574 0.6294500415 0)
(2.415108075 0.6392272466 0)
(2.441957614 0.6310905101 0)
(2.45209098 0.6188914356 0)
(2.463711428 0.6103447275 0)
(2.472545895 0.6001735347 0)
(2.474453068 0.5939826505 0)
(2.473425076 0.592563129 0)
(2.471545524 0.5919725664 0)
(2.477584862 0.5853106157 0)
(2.490547896 0.5742166289 0)
(2.501700414 0.5632400136 0)
(2.515017202 0.5496143878 0)
(2.523194735 0.5404737743 0)
(2.531512765 0.5329082828 0)
(2.537592103 0.5253428179 0)
(2.539821026 0.5237249506 0)
(2.544240386 0.5185969237 0)
(2.547468258 0.5136479911 0)
(2.552267801 0.5046201699 0)
(2.559806911 0.4937870939 0)
(2.564963116 0.4914154278 0)
(2.57209747 0.4872225245 0)
(2.581253987 0.4783937937 0)
(2.59141199 0.4673364244 0)
(2.995524975 0.3500894268 0)
(2.66328567 0.6053184801 0)
(2.547193208 0.6838700102 0)
(2.432180513 0.7061586755 0)
(2.325527908 0.6637135212 0)
(2.32843411 0.6473645422 0)
(2.342006882 0.6334946735 0)
(2.36563547 0.6312422253 0)
(2.411074843 0.6417002129 0)
(2.440515058 0.6325969468 0)
(2.45168845 0.6202197985 0)
(2.462938795 0.6112656827 0)
(2.471882375 0.6001350186 0)
(2.473954342 0.5941543055 0)
(2.473089855 0.5947568787 0)
(2.471132407 0.5933712199 0)
(2.476687637 0.5848195309 0)
(2.489970036 0.5734174684 0)
(2.501260109 0.5629396603 0)
(2.514684875 0.5501139263 0)
(2.522881631 0.5432599152 0)
(2.53141261 0.5330652888 0)
(2.537441647 0.5244019305 0)
(2.53979677 0.5241104619 0)
(2.544202273 0.5204112067 0)
(2.547225824 0.5136798554 0)
(2.551921656 0.5042858844 0)
(2.559458532 0.4941341961 0)
(2.564538135 0.492519167 0)
(2.571709167 0.487309038 0)
(2.580821292 0.4784497507 0)
(2.591046035 0.4675519135 0)
(3.000772776 0.324296331 0)
(2.694568824 0.5949304538 0)
(2.559031905 0.6752170958 0)
(2.44394393 0.6996203581 0)
(2.3324468 0.6580408574 0)
(2.327019234 0.645913541 0)
(2.339162665 0.6338346163 0)
(2.362432825 0.6346798614 0)
(2.405965094 0.6436167427 0)
(2.438510905 0.6334079468 0)
(2.451366003 0.6204281651 0)
(2.462401214 0.6110899703 0)
(2.471279573 0.5999827515 0)
(2.47368201 0.5956404901 0)
(2.472842764 0.5971557308 0)
(2.470745119 0.5934268823 0)
(2.476014363 0.5838249098 0)
(2.489544582 0.573475231 0)
(2.500550485 0.5630043072 0)
(2.514262326 0.5517598212 0)
(2.522628558 0.5443776663 0)
(2.531214845 0.5326308304 0)
(2.53731121 0.5239670105 0)
(2.53985532 0.525151555 0)
(2.544175099 0.5209992308 0)
(2.546898764 0.5131679619 0)
(2.551595977 0.5040284297 0)
(2.55906834 0.494826896 0)
(2.564233737 0.4926001978 0)
(2.571438261 0.4874684027 0)
(2.580408821 0.478596881 0)
(2.590688582 0.4680134417 0)
(2.997304439 0.2929956629 0)
(2.72453277 0.5829600759 0)
(2.570025478 0.6599344249 0)
(2.459073785 0.6860511305 0)
(2.34620447 0.6464266421 0)
(2.325000521 0.6456040178 0)
(2.337597741 0.6375504953 0)
(2.360028846 0.6386078244 0)
(2.400227745 0.6437078541 0)
(2.436205559 0.63296571 0)
(2.4510045 0.6198632869 0)
(2.461326901 0.6107690523 0)
(2.470716676 0.5999543363 0)
(2.47348148 0.5987039395 0)
(2.472638272 0.5971739804 0)
(2.47021436 0.5927459045 0)
(2.475567221 0.5834525491 0)
(2.489163287 0.5736244325 0)
(2.500006818 0.5634720772 0)
(2.513670475 0.5542998717 0)
(2.522425248 0.5443017771 0)
(2.530956685 0.5317372128 0)
(2.537167245 0.5241068191 0)
(2.539794477 0.5268880178 0)
(2.544091317 0.5212757306 0)
(2.546701252 0.5123099881 0)
(2.551370131 0.504092173 0)
(2.558765547 0.4950227704 0)
(2.563853821 0.4926304773 0)
(2.571108567 0.4876941958 0)
(2.580163591 0.4789675948 0)
(2.590516293 0.4687749601 0)
(2.979160177 0.2636173856 0)
(2.765267887 0.563040175 0)
(2.574308818 0.6389745037 0)
(2.481326182 0.6650741352 0)
(2.360703337 0.6429839881 0)
(2.324991634 0.6485693977 0)
(2.336474564 0.6438643719 0)
(2.357033736 0.6382084539 0)
(2.39479739 0.6367526285 0)
(2.431851559 0.6303424151 0)
(2.449080804 0.6200258257 0)
(2.459851007 0.6103267651 0)
(2.469739292 0.6019621353 0)
(2.472649367 0.6000397989 0)
(2.471780433 0.5963976441 0)
(2.469701086 0.5922126166 0)
(2.47516435 0.5835650734 0)
(2.488682496 0.5742750428 0)
(2.499871174 0.5659222873 0)
(2.513265953 0.5550394122 0)
(2.522150512 0.5435597887 0)
(2.530832548 0.5316575036 0)
(2.537191104 0.5251014932 0)
(2.539747577 0.5275608175 0)
(2.543813608 0.520852868 0)
(2.546331804 0.5118067911 0)
(2.551018131 0.5042012767 0)
(2.558473268 0.4953158816 0)
(2.563630433 0.4926904321 0)
(2.570783554 0.4878173638 0)
(2.580050848 0.4789995846 0)
(2.590606803 0.4690705377 0)
(2.962568087 0.2176093103 0)
(2.802142717 0.5297966837 0)
(2.569685999 0.6336607876 0)
(2.501721093 0.666921218 0)
(2.395375605 0.6579749712 0)
(2.334168089 0.6602834621 0)
(2.335017048 0.6438399907 0)
(2.351756671 0.6285228595 0)
(2.386591198 0.631956423 0)
(2.421019074 0.630206274 0)
(2.439508996 0.6208946667 0)
(2.457368215 0.6117247486 0)
(2.466671866 0.604994092 0)
(2.470916556 0.5999786986 0)
(2.468923415 0.5950888782 0)
(2.469097258 0.5924658357 0)
(2.4749342 0.5837314319 0)
(2.489281207 0.576277825 0)
(2.501316715 0.5671450204 0)
(2.5131402 0.5547657083 0)
(2.522043206 0.5427718343 0)
(2.530807428 0.5319945446 0)
(2.537290538 0.5276698673 0)
(2.539706021 0.5275909674 0)
(2.543338409 0.5200335908 0)
(2.545834375 0.5121025555 0)
(2.550558234 0.5045154671 0)
(2.558278084 0.4954405842 0)
(2.563374098 0.4926063858 0)
(2.57050217 0.4876074557 0)
(2.580129724 0.4787283022 0)
(2.591116933 0.468876006 0)
(2.954308301 0.1192727209 0)
(2.832212922 0.4208188309 0)
(2.687951632 0.6241632586 0)
(2.535065666 0.7041197751 0)
(2.486946138 0.707574803 0)
(2.416735742 0.6873044957 0)
(2.380165239 0.6264775984 0)
(2.359034659 0.6428946911 0)
(2.376543115 0.6389886089 0)
(2.398861173 0.6351245875 0)
(2.41513371 0.6199745934 0)
(2.437914239 0.6043832859 0)
(2.446398031 0.5965129811 0)
(2.453558187 0.5970610202 0)
(2.458663774 0.5978617326 0)
(2.463632117 0.5945741817 0)
(2.473647014 0.5844550284 0)
(2.489157655 0.5743046182 0)
(2.502013175 0.5647234527 0)
(2.512919202 0.5551186266 0)
(2.520465755 0.5471662776 0)
(2.528483401 0.5374923503 0)
(2.534089297 0.5312482644 0)
(2.53600491 0.5309151726 0)
(2.540554326 0.5243222416 0)
(2.545401025 0.5152890836 0)
(2.550854118 0.5073723206 0)
(2.558351816 0.4985293429 0)
(2.563376986 0.4962307585 0)
(2.570188504 0.4912637012 0)
(2.579077062 0.4820089841 0)
(2.589275084 0.4704746218 0)
(2.964838764 0.05408342546 0)
(2.927946017 0.1395178709 0)
(2.807646198 0.4572910748 0)
(2.667597134 0.6159587336 0)
(2.553495391 0.6927759645 0)
(2.513031268 0.7101700588 0)
(2.47120888 0.6821594463 0)
(2.427566736 0.6534988315 0)
(2.391982939 0.6623968263 0)
(2.400189445 0.6331309172 0)
(2.411067107 0.6138101796 0)
(2.414163407 0.6089653845 0)
(2.422194583 0.606960291 0)
(2.434027261 0.6033421809 0)
(2.445109011 0.6015487109 0)
(2.454320071 0.5961451152 0)
(2.470405066 0.5854181314 0)
(2.483825914 0.5775590364 0)
(2.496103331 0.5712750432 0)
(2.507531728 0.5634869149 0)
(2.515961754 0.5567507154 0)
(2.52296381 0.5473228104 0)
(2.526640721 0.5406709976 0)
(2.527219537 0.5396264437 0)
(2.532787737 0.5323807951 0)
(2.540796355 0.5228874189 0)
(2.548074346 0.5152424024 0)
(2.55719409 0.5051844307 0)
(2.561887111 0.5026345814 0)
(2.568295722 0.4969810989 0)
(2.574835783 0.4867479226 0)
(2.58130466 0.4762937493 0)
(2.968999029 0.04067778049 0)
(2.96185163 0.05686927113 0)
(2.916851845 0.1756703212 0)
(2.763521143 0.4966170057 0)
(2.631571439 0.6400043902 0)
(2.538607091 0.7019396965 0)
(2.522154833 0.7041587261 0)
(2.499847977 0.6861044031 0)
(2.469561545 0.660561205 0)
(2.445000671 0.6429269186 0)
(2.421318279 0.6449451591 0)
(2.412241752 0.6314581097 0)
(2.420874263 0.6131842069 0)
(2.428799919 0.6091321283 0)
(2.437561092 0.6076978558 0)
(2.450825226 0.5996014099 0)
(2.467029904 0.5872170879 0)
(2.479466979 0.5815684779 0)
(2.490792898 0.5759540915 0)
(2.499708004 0.5700459472 0)
(2.504489227 0.5657901968 0)
(2.509867524 0.5571917337 0)
(2.515224866 0.5492960484 0)
(2.519102583 0.5466807415 0)
(2.529184144 0.5380920417 0)
(2.541021257 0.5276373957 0)
(2.549590354 0.5210152459 0)
(2.557619242 0.5135557101 0)
(2.560718138 0.5108572549 0)
(2.56517661 0.5043315465 0)
(2.572214807 0.4924333686 0)
(2.577674822 0.4803261124 0)
(2.968962166 0.04028206792 0)
(2.968988253 0.03978039976 0)
(2.957945031 0.0670324683 0)
(2.909244184 0.2006883855 0)
(2.695832934 0.5605357681 0)
(2.584127595 0.6549220231 0)
(2.548531361 0.696022099 0)
(2.543339339 0.7027823198 0)
(2.539516907 0.6902979396 0)
(2.51838609 0.6720939257 0)
(2.479514033 0.646079192 0)
(2.447193365 0.6284700542 0)
(2.437037404 0.6174339119 0)
(2.431978826 0.6264007997 0)
(2.437078269 0.6165019689 0)
(2.45201485 0.5999805815 0)
(2.464260323 0.5911553837 0)
(2.474673366 0.588975642 0)
(2.482254988 0.5825271526 0)
(2.486234527 0.5758363767 0)
(2.486787688 0.5711810152 0)
(2.494593899 0.5623072889 0)
(2.503912345 0.5547686198 0)
(2.513136852 0.5509601943 0)
(2.525973589 0.5421071345 0)
(2.536716099 0.5329218948 0)
(2.545137158 0.5267182166 0)
(2.552807666 0.5212268282 0)
(2.556538732 0.5183559038 0)
(2.560488894 0.5112700968 0)
(2.568446644 0.4986972652 0)
(2.574156984 0.4853923564 0)
(2.968249522 0.03893983254 0)
(2.968374386 0.03893756489 0)
(2.967865467 0.04030509094 0)
(2.955090941 0.07499518225 0)
(2.855331096 0.2674789025 0)
(2.645326598 0.5952564876 0)
(2.583370455 0.6422342837 0)
(2.574973445 0.6899742221 0)
(2.563570433 0.7062589017 0)
(2.552953627 0.6977365347 0)
(2.53042837 0.6742782026 0)
(2.500779702 0.6541184212 0)
(2.48073024 0.6373696207 0)
(2.463800987 0.6317162906 0)
(2.458868571 0.6146403246 0)
(2.462823299 0.6007993069 0)
(2.467080487 0.6031534286 0)
(2.472948229 0.5997121843 0)
(2.478721283 0.5909798527 0)
(2.479779474 0.5859424854 0)
(2.479608224 0.579925145 0)
(2.489680313 0.5684918654 0)
(2.499119334 0.5592190512 0)
(2.509167369 0.5529804413 0)
(2.522298098 0.5435996104 0)
(2.533095892 0.5347270169 0)
(2.541585919 0.5288892645 0)
(2.548644954 0.5244837098 0)
(2.551319966 0.5227451509 0)
(2.554122129 0.5155532713 0)
(2.563765962 0.5029141489 0)
(2.571573741 0.4892558973 0)
(2.965849894 0.03384827029 0)
(2.966332012 0.03381571986 0)
(2.96628937 0.03437350959 0)
(2.964222847 0.0397701599 0)
(2.943348497 0.08702731518 0)
(2.7850341 0.3656149303 0)
(2.646281147 0.5674138492 0)
(2.59149539 0.6612899001 0)
(2.566444108 0.7054175498 0)
(2.545814435 0.7133711839 0)
(2.538605033 0.6988541999 0)
(2.5367841 0.6738101319 0)
(2.532455964 0.6586501716 0)
(2.519258001 0.6547830227 0)
(2.505007488 0.6433199205 0)
(2.496876023 0.6173571006 0)
(2.48487623 0.6090693876 0)
(2.47993374 0.5927035486 0)
(2.481059212 0.5836857776 0)
(2.479963938 0.588169314 0)
(2.478126899 0.5817439331 0)
(2.488903797 0.5689883778 0)
(2.496819246 0.5622123081 0)
(2.506506556 0.5564070242 0)
(2.518658214 0.5460242812 0)
(2.527299905 0.5377739104 0)
(2.533263023 0.5324707323 0)
(2.537977226 0.5288512408 0)
(2.539178452 0.5274389738 0)
(2.54649512 0.5189541263 0)
(2.557482008 0.5060870862 0)
(2.565676765 0.4941288423 0)
(2.957553164 0.03713288703 0)
(2.95819121 0.03693130241 0)
(2.958729282 0.03546799308 0)
(2.958441731 0.03453187764 0)
(2.954244788 0.04375662817 0)
(2.91151565 0.127525676 0)
(2.771892937 0.3841441773 0)
(2.633861929 0.5950837956 0)
(2.556928613 0.725175122 0)
(2.530819952 0.7160732167 0)
(2.535804096 0.7001155921 0)
(2.54550379 0.6850432693 0)
(2.566092692 0.6634018715 0)
(2.571372091 0.6581214051 0)
(2.56082838 0.658131662 0)
(2.544686081 0.6456442191 0)
(2.522845853 0.6282214168 0)
(2.505997947 0.6091513456 0)
(2.493822711 0.6082144472 0)
(2.481226059 0.614114052 0)
(2.478924229 0.6005394811 0)
(2.488585566 0.583245188 0)
(2.497078107 0.5715292202 0)
(2.508811004 0.5585699486 0)
(2.517205504 0.5484500335 0)
(2.522033299 0.5440969857 0)
(2.525737642 0.5394262839 0)
(2.530299961 0.5347421109 0)
(2.532559694 0.5323284828 0)
(2.541796469 0.5224547649 0)
(2.552029659 0.509854235 0)
(2.561043697 0.4978323058 0)
(2.945588395 0.03825388736 0)
(2.945751877 0.03726786421 0)
(2.946523684 0.03674613223 0)
(2.946471112 0.03431349286 0)
(2.946023428 0.03367559138 0)
(2.939882215 0.04670977049 0)
(2.881038483 0.1689198529 0)
(2.758529709 0.4047500817 0)
(2.561630428 0.6858636377 0)
(2.511825398 0.7293028117 0)
(2.520968279 0.7066714583 0)
(2.546197682 0.6833065252 0)
(2.563883452 0.6782487367 0)
(2.582394062 0.6730563213 0)
(2.589733357 0.6662922319 0)
(2.582018548 0.6557499534 0)
(2.56102929 0.6508859467 0)
(2.541946735 0.6382288835 0)
(2.526365448 0.6210661542 0)
(2.508761167 0.6037841534 0)
(2.501839744 0.5869653007 0)
(2.50373162 0.5803559518 0)
(2.503865642 0.5834658583 0)
(2.509166334 0.5730905299 0)
(2.513331834 0.563035933 0)
(2.517393542 0.5548262885 0)
(2.523531124 0.5437122153 0)
(2.529061366 0.5370037163 0)
(2.531842045 0.5360379601 0)
(2.539534208 0.5267697785 0)
(2.548096564 0.5142699842 0)
(2.555316743 0.5018944166 0)
(2.934772103 0.03189453978 0)
(2.934618649 0.03229206785 0)
(2.934452567 0.03339173506 0)
(2.934793989 0.03360723784 0)
(2.93525068 0.03220611707 0)
(2.934962159 0.03256307417 0)
(2.924949532 0.05332428372 0)
(2.86027715 0.2012381275 0)
(2.650865123 0.5263349584 0)
(2.51609106 0.72869845 0)
(2.50624844 0.677635629 0)
(2.55046532 0.6765246267 0)
(2.562679418 0.6794475142 0)
(2.571921142 0.6849754344 0)
(2.582137725 0.6834396759 0)
(2.583788774 0.6724738829 0)
(2.578650585 0.6587414035 0)
(2.572488509 0.6447666842 0)
(2.561939308 0.637463778 0)
(2.548508544 0.629520605 0)
(2.538596011 0.614293582 0)
(2.534406801 0.5898972834 0)
(2.525867146 0.5767468522 0)
(2.522929184 0.5646987063 0)
(2.521456485 0.5631239078 0)
(2.519297111 0.563254895 0)
(2.522630984 0.5539004447 0)
(2.526920584 0.5470100967 0)
(2.528714409 0.5440318505 0)
(2.53778833 0.5308336122 0)
(2.544334543 0.5185373842 0)
(2.550075064 0.507186089 0)
(2.929506292 0.02883606955 0)
(2.929658644 0.02834012413 0)
(2.929290906 0.02894772576 0)
(2.929003193 0.03022960857 0)
(2.92900863 0.03226261982 0)
(2.92967968 0.0317366914 0)
(2.928783618 0.03482582952 0)
(2.912276586 0.07289966164 0)
(2.794554558 0.2927340113 0)
(2.57539166 0.6395884493 0)
(2.519799896 0.6476336778 0)
(2.545530139 0.6719500252 0)
(2.558069606 0.68856729 0)
(2.564233424 0.6954695027 0)
(2.560667308 0.6960265395 0)
(2.559987248 0.6887637488 0)
(2.570565038 0.6704554082 0)
(2.579893679 0.6532996651 0)
(2.585742437 0.642193531 0)
(2.584807276 0.6347200286 0)
(2.579160005 0.6243091933 0)
(2.570859817 0.6063456541 0)
(2.556515923 0.5985020953 0)
(2.546066815 0.5899933847 0)
(2.537858459 0.581638687 0)
(2.532243435 0.5654941278 0)
(2.532273938 0.5465357948 0)
(2.532469853 0.5395261285 0)
(2.530278248 0.5359447977 0)
(2.537859044 0.5208086002 0)
(2.542606686 0.5148202349 0)
(2.548279422 0.5075562883 0)
(2.928725414 0.03337061047 0)
(2.928494908 0.03233556188 0)
(2.928476011 0.03157608622 0)
(2.928781554 0.03169808092 0)
(2.928723087 0.03227981575 0)
(2.928881366 0.0332094502 0)
(2.929129185 0.03297188904 0)
(2.927123102 0.03789850945 0)
(2.896717458 0.1069112683 0)
(2.729221755 0.4041670473 0)
(2.596337249 0.5774328436 0)
(2.533682293 0.6433767819 0)
(2.536844091 0.7006645781 0)
(2.540127725 0.7046267796 0)
(2.53910666 0.7036352242 0)
(2.545097155 0.6933067899 0)
(2.555640626 0.6690052659 0)
(2.566464304 0.6549036241 0)
(2.585323607 0.6450403239 0)
(2.594802123 0.6383380892 0)
(2.600822368 0.6241752203 0)
(2.595234647 0.6139491653 0)
(2.584467202 0.6117309617 0)
(2.578250231 0.598958704 0)
(2.570301387 0.5870986405 0)
(2.559754026 0.5782986745 0)
(2.549588281 0.5714992392 0)
(2.541310204 0.5658553778 0)
(2.537154395 0.5547315335 0)
(2.54315553 0.5325959127 0)
(2.543422978 0.5273788372 0)
(2.546576693 0.5167494598 0)
(2.929294412 0.03787315351 0)
(2.92902467 0.03678006385 0)
(2.929303718 0.0351000053 0)
(2.929880326 0.03416818992 0)
(2.930287404 0.03320178328 0)
(2.930180168 0.03301327345 0)
(2.930195184 0.03263795503 0)
(2.930059863 0.03297577012 0)
(2.925721312 0.04428105026 0)
(2.884444184 0.1367844801 0)
(2.711395313 0.4310996511 0)
(2.59522502 0.5500724279 0)
(2.51516999 0.6728851106 0)
(2.501226047 0.7167735159 0)
(2.500956627 0.7142181958 0)
(2.512016685 0.6996569039 0)
(2.542306212 0.67353832 0)
(2.560954222 0.6557239424 0)
(2.577438201 0.6467772237 0)
(2.586246385 0.6438965121 0)
(2.592497737 0.6385785895 0)
(2.597489502 0.6224119705 0)
(2.597882259 0.6111048382 0)
(2.598511101 0.6050260388 0)
(2.596074958 0.6023478655 0)
(2.589427615 0.5963385013 0)
(2.582494697 0.5783310004 0)
(2.572137225 0.5637021766 0)
(2.564534286 0.5522113116 0)
(2.561583707 0.5414322776 0)
(2.554908059 0.5373141927 0)
(2.552962338 0.519819377 0)
(2.930657218 0.04334796507 0)
(2.930620537 0.04217615551 0)
(2.931484618 0.03968413726 0)
(2.93203824 0.03786177096 0)
(2.932044494 0.03574384003 0)
(2.931950181 0.03434158106 0)
(2.931636869 0.03346467804 0)
(2.931425477 0.03305853335 0)
(2.931419275 0.03274715504 0)
(2.924817896 0.04823034221 0)
(2.870251313 0.1557463584 0)
(2.705196231 0.4146744093 0)
(2.485069703 0.6630770834 0)
(2.470214285 0.7332283283 0)
(2.467881319 0.7160350679 0)
(2.499506426 0.6831416042 0)
(2.536406076 0.6500246229 0)
(2.556736275 0.6448509795 0)
(2.5744097 0.6462075853 0)
(2.582756794 0.6480712455 0)
(2.581289391 0.6460547076 0)
(2.583839869 0.637604115 0)
(2.588945241 0.6262440536 0)
(2.599600232 0.6138939251 0)
(2.607895228 0.6050910667 0)
(2.611205499 0.5988109647 0)
(2.609014324 0.5913035286 0)
(2.601873386 0.5815117686 0)
(2.594226696 0.5692544608 0)
(2.58913022 0.5488264627 0)
(2.580061132 0.5381898563 0)
(2.570217213 0.52814534 0)
(2.932551962 0.03991152843 0)
(2.932922492 0.03810403005 0)
(2.93408792 0.03515854155 0)
(2.934573212 0.03238204922 0)
(2.934459564 0.03027458306 0)
(2.934349446 0.02830181755 0)
(2.933957225 0.02804854836 0)
(2.933835946 0.02841301621 0)
(2.933689054 0.02840259554 0)
(2.933553329 0.03027520148 0)
(2.924068718 0.05203925225 0)
(2.839412888 0.2014980258 0)
(2.632045413 0.4883860671 0)
(2.492174642 0.7173638394 0)
(2.461747533 0.705401983 0)
(2.486228423 0.6744527662 0)
(2.522524592 0.6431268643 0)
(2.544986934 0.6370179598 0)
(2.562046467 0.6438368718 0)
(2.566906502 0.6514723841 0)
(2.568478494 0.6523951123 0)
(2.573028749 0.6463092825 0)
(2.58107871 0.6331380991 0)
(2.589298521 0.6217795187 0)
(2.602358788 0.6128094522 0)
(2.612826487 0.6054488671 0)
(2.619899537 0.5936267169 0)
(2.619253818 0.5852227516 0)
(2.615530973 0.5757338641 0)
(2.609653528 0.5648885503 0)
(2.602797577 0.5563264774 0)
(2.595216702 0.540286867 0)
(2.934445711 0.03197201868 0)
(2.935029993 0.03154214744 0)
(2.936679013 0.03197682986 0)
(2.937546357 0.03239577351 0)
(2.93747618 0.03096587686 0)
(2.93729216 0.02886647316 0)
(2.937309626 0.02798183225 0)
(2.937615985 0.02791221853 0)
(2.937567148 0.02751331385 0)
(2.937137504 0.0275163624 0)
(2.935964615 0.03076255044 0)
(2.91865485 0.06806164697 0)
(2.773712935 0.3144730141 0)
(2.565111243 0.6422322625 0)
(2.509964479 0.6771510155 0)
(2.510494546 0.649439339 0)
(2.522391275 0.6393533049 0)
(2.532176738 0.6385526671 0)
(2.536864806 0.6481127351 0)
(2.536943213 0.6552244768 0)
(2.538774452 0.6544681996 0)
(2.549297885 0.6479065412 0)
(2.571856484 0.634002494 0)
(2.583837212 0.6182474532 0)
(2.595411967 0.6104014033 0)
(2.605158555 0.6077569147 0)
(2.615397057 0.6002123144 0)
(2.619320467 0.5911250738 0)
(2.618750735 0.5812992734 0)
(2.620128525 0.566105167 0)
(2.618111039 0.5597650625 0)
(2.617489975 0.5495467595 0)
(2.939464086 0.03485344516 0)
(2.939776173 0.03300365068 0)
(2.941547173 0.03393623328 0)
(2.941569308 0.03604750793 0)
(2.940446562 0.0360609962 0)
(2.939972622 0.03561714421 0)
(2.940318932 0.03512085144 0)
(2.940809442 0.03520060715 0)
(2.941308598 0.03444768776 0)
(2.940870513 0.03391155284 0)
(2.940459684 0.03325338818 0)
(2.937764103 0.03825713904 0)
(2.900816329 0.1134697878 0)
(2.728648072 0.414962125 0)
(2.563508681 0.6727565223 0)
(2.525028257 0.6527965837 0)
(2.523380548 0.6448797576 0)
(2.52391444 0.6538504603 0)
(2.515597018 0.6667482911 0)
(2.509872604 0.6638090571 0)
(2.514030198 0.6581107748 0)
(2.531218082 0.6427153501 0)
(2.556565966 0.631506765 0)
(2.576317034 0.6234241377 0)
(2.592537642 0.6139501373 0)
(2.600587774 0.6102494122 0)
(2.60429884 0.6050871916 0)
(2.60697637 0.5996951536 0)
(2.61088922 0.5913938217 0)
(2.614316529 0.5803153121 0)
(2.623013667 0.5627187692 0)
(2.629455504 0.5525741676 0)
(2.939835748 0.04209133864 0)
(2.942893936 0.04230806197 0)
(2.943350617 0.04429675541 0)
(2.941573998 0.0445254512 0)
(2.940883368 0.04316018974 0)
(2.941740471 0.04141959572 0)
(2.942734543 0.04008876056 0)
(2.943508759 0.03750566439 0)
(2.943990692 0.03682281155 0)
(2.944241681 0.0357464638 0)
(2.943924526 0.03403161865 0)
(2.942812897 0.0338786868 0)
(2.936909728 0.04712625579 0)
(2.878866594 0.1673729268 0)
(2.707457589 0.4779211678 0)
(2.59956751 0.5990803179 0)
(2.531786143 0.6444887936 0)
(2.511321965 0.6723065792 0)
(2.494007705 0.6858279114 0)
(2.496109666 0.6798696578 0)
(2.507915374 0.6666084317 0)
(2.526916282 0.6432635064 0)
(2.541850299 0.6254720657 0)
(2.56751036 0.6164134247 0)
(2.579751002 0.6162674469 0)
(2.585825942 0.6140602383 0)
(2.591961778 0.6107493723 0)
(2.598353718 0.6040968965 0)
(2.60384519 0.5968821138 0)
(2.609674155 0.5857093416 0)
(2.618662323 0.572230463 0)
(2.628511807 0.55977358 0)
(2.943442427 0.04817083793 0)
(2.948624392 0.05002873959 0)
(2.94226018 0.04727889226 0)
(2.938239732 0.04116289837 0)
(2.938964955 0.0407861249 0)
(2.941398684 0.03926970286 0)
(2.942174424 0.03714752973 0)
(2.943443609 0.0343687435 0)
(2.943807394 0.03425852284 0)
(2.94435393 0.03324054811 0)
(2.94447747 0.03103259586 0)
(2.945304267 0.02893168531 0)
(2.94499613 0.03042918457 0)
(2.935814094 0.05190202832 0)
(2.857904333 0.2109371237 0)
(2.694503281 0.4854360659 0)
(2.575661379 0.6059010811 0)
(2.523712718 0.6653698348 0)
(2.488605376 0.6853855842 0)
(2.488925315 0.6806064598 0)
(2.505959655 0.6659024181 0)
(2.525497737 0.6423797446 0)
(2.543838794 0.6258027985 0)
(2.554458959 0.6213738197 0)
(2.559429332 0.6161611991 0)
(2.563869554 0.6130870398 0)
(2.568147748 0.6083536222 0)
(2.57907877 0.6043339888 0)
(2.589778802 0.597641665 0)
(2.602656537 0.5881486865 0)
(2.615136805 0.5767711609 0)
(2.621731433 0.5667860722 0)
(2.973748791 -0.0002790062255 0)
(2.965450603 0.04252455517 0)
(2.944883136 0.03703036937 0)
(2.939182542 0.03632441886 0)
(2.944122285 0.03870341476 0)
(2.944940011 0.03562540345 0)
(2.944222076 0.02892936721 0)
(2.94458415 0.02898673173 0)
(2.944377384 0.03018746525 0)
(2.944968289 0.02813827664 0)
(2.945402207 0.02716173899 0)
(2.946818466 0.02850366031 0)
(2.94681352 0.02844835865 0)
(2.946232878 0.03124138658 0)
(2.933141775 0.06122001215 0)
(2.835789543 0.2484620561 0)
(2.673003299 0.4883917519 0)
(2.514513272 0.6737496181 0)
(2.493667579 0.6984977626 0)
(2.490503611 0.6804438587 0)
(2.513071604 0.6551708398 0)
(2.529233852 0.6331761747 0)
(2.545893519 0.6239177251 0)
(2.550970796 0.6267740047 0)
(2.544628746 0.6258005323 0)
(2.546989657 0.6186374209 0)
(2.550744345 0.6116374779 0)
(2.559882526 0.6022804139 0)
(2.575877914 0.5930641928 0)
(2.59164123 0.5853475445 0)
(2.606188084 0.5782609135 0)
(2.616055752 0.5698350619 0)
(3.006071709 -0.09251741659 0)
(2.99981144 -0.09682424913 0)
(2.982613087 -0.02577991709 0)
(2.967732998 0.0131940125 0)
(2.965510931 0.03187438447 0)
(2.956893513 0.03042579219 0)
(2.950400351 0.02955685777 0)
(2.949372545 0.03326897733 0)
(2.947656799 0.03568904894 0)
(2.948289818 0.03233352275 0)
(2.949298015 0.03034703162 0)
(2.95136755 0.03095728029 0)
(2.951075027 0.03106846576 0)
(2.949829598 0.03286510955 0)
(2.948587062 0.03609823699 0)
(2.926456805 0.0812447787 0)
(2.808606543 0.2909911293 0)
(2.593922777 0.5761451772 0)
(2.508309927 0.7070834435 0)
(2.505047687 0.6831420017 0)
(2.53014018 0.6535666194 0)
(2.541016399 0.6366549243 0)
(2.550557517 0.6296694486 0)
(2.54982136 0.6340401823 0)
(2.539349569 0.6350502181 0)
(2.541279151 0.6264811219 0)
(2.545846761 0.6180593593 0)
(2.556906226 0.6063756257 0)
(2.568392959 0.5945870942 0)
(2.580092313 0.5821966971 0)
(2.591391695 0.5797821965 0)
(2.603427478 0.5744469035 0)
(3.097815467 -0.5714330634 0)
(3.058257791 -0.3693344061 0)
(3.035009865 -0.1749045969 0)
(2.99029651 0.05284570325 0)
(2.970453904 0.01909436928 0)
(2.968823173 0.01022943551 0)
(2.967125363 0.02567264402 0)
(2.948937625 0.04840979243 0)
(2.94622404 0.04506210299 0)
(2.948276117 0.0405911975 0)
(2.952897253 0.040220604 0)
(2.953005047 0.03927391246 0)
(2.952205434 0.03861588437 0)
(2.95139023 0.0370946763 0)
(2.951535168 0.03611966363 0)
(2.948728197 0.04110309007 0)
(2.91778292 0.107053481 0)
(2.708296026 0.4162270189 0)
(2.569364427 0.6462743982 0)
(2.550569034 0.664123892 0)
(2.552094263 0.6469729238 0)
(2.557314899 0.6386207637 0)
(2.553895193 0.6426856037 0)
(2.537685902 0.6516165116 0)
(2.52419625 0.6472468121 0)
(2.533492111 0.6351990327 0)
(2.543172025 0.6212220918 0)
(2.55569091 0.6086188943 0)
(2.567128257 0.5990747671 0)
(2.572418576 0.5919474397 0)
(2.575337573 0.584429441 0)
(2.588448318 0.5762808787 0)
(3.13685548 -0.7149199109 0)
(3.130586729 -0.6914410782 0)
(3.109543919 -0.6039012853 0)
(3.072551501 -0.4087304429 0)
(3.030938514 -0.2163541685 0)
(3.028319458 -0.1044417709 0)
(2.980030402 0.06893304206 0)
(2.953646372 0.08197518976 0)
(2.937739411 0.04164209563 0)
(2.95075003 0.04645188721 0)
(2.95555063 0.04708219755 0)
(2.949824448 0.04220766086 0)
(2.949434633 0.037821657 0)
(2.950015226 0.0363787969 0)
(2.951685276 0.03450739594 0)
(2.952782016 0.03264135631 0)
(2.946700353 0.04539006095 0)
(2.882434432 0.1664928121 0)
(2.671531576 0.5199451026 0)
(2.602490969 0.6085735419 0)
(2.570226714 0.6417262431 0)
(2.565826346 0.646495105 0)
(2.550647554 0.6602207955 0)
(2.527482267 0.6668184217 0)
(2.516519201 0.652527529 0)
(2.530853956 0.6347147924 0)
(2.542590267 0.6225950728 0)
(2.55727636 0.6116004086 0)
(2.568024238 0.6029241342 0)
(2.570995338 0.5994301902 0)
(2.568732744 0.5956536729 0)
(2.578749547 0.585056605 0)
(3.137507903 -0.7047474643 0)
(3.137250202 -0.705517037 0)
(3.136199151 -0.7047229282 0)
(3.13066587 -0.6841138204 0)
(3.112227244 -0.6000504611 0)
(3.085460798 -0.4541042177 0)
(3.034992085 -0.2314104823 0)
(3.039031811 -0.1581073986 0)
(3.0089902 -0.05705295553 0)
(2.980813464 0.01427075388 0)
(2.970313385 0.03768954196 0)
(2.950475124 0.03227302387 0)
(2.947838357 0.0337364764 0)
(2.954191471 0.03386115359 0)
(2.955476988 0.02961030836 0)
(2.955268542 0.024516194 0)
(2.954850437 0.02841672338 0)
(2.942892818 0.05874950782 0)
(2.845277671 0.2453282599 0)
(2.698008182 0.4963671341 0)
(2.610622578 0.5880220312 0)
(2.570431695 0.6506053978 0)
(2.53691941 0.6816349683 0)
(2.515717444 0.6786580949 0)
(2.516919064 0.6549425682 0)
(2.534571606 0.6334567073 0)
(2.54921258 0.6176577326 0)
(2.564254274 0.6071708379 0)
(2.571184401 0.6040524483 0)
(2.568775416 0.604244732 0)
(2.565045447 0.6012686743 0)
(2.57566474 0.5897083445 0)
(3.136146912 -0.6896826954 0)
(3.137055566 -0.6910676456 0)
(3.13634136 -0.695217993 0)
(3.136186474 -0.6948485216 0)
(3.13602962 -0.693475636 0)
(3.132897607 -0.6839218516 0)
(3.113255582 -0.6165642546 0)
(3.089885719 -0.4501632015 0)
(3.054388348 -0.2348964442 0)
(3.006439293 -0.06408773502 0)
(3.010232689 -0.07846576567 0)
(2.984954938 -0.01730653313 0)
(2.971982758 0.02197171404 0)
(2.969275425 0.02811688659 0)
(2.962112745 0.02607181379 0)
(2.959611565 0.02724890915 0)
(2.958608198 0.03083847945 0)
(2.957241976 0.03682684222 0)
(2.939745012 0.07603894896 0)
(2.836150096 0.2767555509 0)
(2.698890458 0.4796369664 0)
(2.569728534 0.6392481445 0)
(2.530787448 0.6871131041 0)
(2.516622105 0.6819947822 0)
(2.526701554 0.6603265312 0)
(2.544988935 0.6336204691 0)
(2.561704381 0.6158459099 0)
(2.574501856 0.6070822507 0)
(2.574037563 0.6094698546 0)
(2.564718974 0.6082021733 0)
(2.561451913 0.6002666447 0)
(2.571834447 0.5877508767 0)
(3.134685639 -0.6759605843 0)
(3.135577573 -0.6759068847 0)
(3.136188953 -0.6786617261 0)
(3.135744597 -0.6821818217 0)
(3.135372666 -0.6839531789 0)
(3.136809517 -0.6837755975 0)
(3.136359441 -0.6831120724 0)
(3.132852488 -0.6745996033 0)
(3.121793759 -0.6306606528 0)
(3.083358819 -0.4799105326 0)
(3.061237106 -0.3066968784 0)
(3.02617721 -0.1074199329 0)
(2.992940265 0.06722671061 0)
(2.970818708 0.01558302011 0)
(2.970780223 0.01771802387 0)
(2.970862401 0.03156701482 0)
(2.956046827 0.04595998506 0)
(2.955769787 0.03949526653 0)
(2.95678329 0.04147347486 0)
(2.933513651 0.09715906442 0)
(2.829458109 0.2986558216 0)
(2.632619276 0.5539399254 0)
(2.53319669 0.6982157409 0)
(2.515617705 0.6876769757 0)
(2.540536055 0.6581830709 0)
(2.559256978 0.6308084861 0)
(2.575315237 0.6168173485 0)
(2.582852429 0.6176790636 0)
(2.57388324 0.6261151276 0)
(2.559816721 0.6224335588 0)
(2.559082546 0.6087677951 0)
(2.570865388 0.5915522126 0)
(3.133756753 -0.6619517063 0)
(3.134044695 -0.662473956 0)
(3.135188759 -0.6626522576 0)
(3.135298892 -0.6660224357 0)
(3.134423817 -0.6691510642 0)
(3.134596989 -0.6695417595 0)
(3.135565391 -0.6720242 0)
(3.136180288 -0.6734028913 0)
(3.135642278 -0.6738029082 0)
(3.132870531 -0.6678797196 0)
(3.124115741 -0.6289537826 0)
(3.103277319 -0.532321501 0)
(3.055118597 -0.3107761939 0)
(3.044292641 -0.1989824786 0)
(3.006574314 -0.05509020771 0)
(2.98580648 0.08265380296 0)
(2.946869418 0.06851138425 0)
(2.950388996 0.03543444976 0)
(2.960878793 0.04149874745 0)
(2.95952516 0.04571406578 0)
(2.921085741 0.114051458 0)
(2.762756123 0.3621116815 0)
(2.566107482 0.6538600478 0)
(2.534944559 0.6716426929 0)
(2.557871573 0.6442514654 0)
(2.570708352 0.6321502883 0)
(2.580880572 0.6273688536 0)
(2.574270959 0.6389921403 0)
(2.554002759 0.6493683684 0)
(2.548733312 0.6390335442 0)
(2.561104535 0.6173863689 0)
(2.573345042 0.5992231346 0)
(3.133482572 -0.6485451429 0)
(3.132905885 -0.6503300091 0)
(3.133763869 -0.6506297462 0)
(3.134618758 -0.6512479434 0)
(3.134104256 -0.6548273704 0)
(3.133347539 -0.6573771579 0)
(3.133958824 -0.6572598109 0)
(3.13509877 -0.6581747274 0)
(3.135098626 -0.662891666 0)
(3.134197232 -0.6646604679 0)
(3.134654005 -0.6637866351 0)
(3.133548287 -0.6599731986 0)
(3.123378526 -0.6251911605 0)
(3.103409362 -0.5153472139 0)
(3.066130934 -0.3561344853 0)
(3.029225292 -0.174798842 0)
(3.037775602 -0.1233888155 0)
(3.000855983 -0.03779569916 0)
(2.986936873 0.02392516961 0)
(2.976620743 0.02398955027 0)
(2.951967268 0.05375551089 0)
(2.892509751 0.1584340806 0)
(2.682351397 0.4865687363 0)
(2.593329182 0.6040516293 0)
(2.576903506 0.6266429024 0)
(2.578991935 0.6280911097 0)
(2.578207584 0.6339175719 0)
(2.561439325 0.6566860627 0)
(2.542391533 0.6576534278 0)
(2.549291996 0.6379938507 0)
(2.564826224 0.6138783434 0)
(2.579011734 0.601884315 0)
(3.133133472 -0.6328942785 0)
(3.132395337 -0.6366387781 0)
(3.132082757 -0.6379725834 0)
(3.133173921 -0.6382270649 0)
(3.133673324 -0.6406619751 0)
(3.133087136 -0.644364371 0)
(3.132666891 -0.6460176328 0)
(3.133673094 -0.645803093 0)
(3.134285586 -0.6475462736 0)
(3.133660821 -0.6517517345 0)
(3.133480087 -0.6524299385 0)
(3.13435776 -0.6534701806 0)
(3.134315474 -0.6540000775 0)
(3.133008065 -0.6522814626 0)
(3.12672895 -0.6309609185 0)
(3.099386268 -0.5303178497 0)
(3.082966949 -0.3592826771 0)
(3.036024213 -0.1328365851 0)
(2.997371238 -0.03394767652 0)
(3.012536194 -0.05647726468 0)
(2.993676123 -0.007510772145 0)
(2.977056431 0.04080102103 0)
(2.882515001 0.2053562416 0)
(2.699023883 0.4975976853 0)
(2.626547027 0.558167585 0)
(2.588814841 0.6114606476 0)
(2.567769879 0.6460156995 0)
(2.543961739 0.660616138 0)
(2.536671358 0.6477003398 0)
(2.55384982 0.6249096848 0)
(2.568012875 0.6096457332 0)
(2.585623097 0.6033226725 0)
(3.132069796 -0.6169848406 0)
(3.131880749 -0.6212763383 0)
(3.131023676 -0.6242898842 0)
(3.131307707 -0.6250196641 0)
(3.13245612 -0.6254884787 0)
(3.13270859 -0.6294219599 0)
(3.131927139 -0.6327757411 0)
(3.13187563 -0.633754606 0)
(3.132934669 -0.6339116154 0)
(3.133392294 -0.6376048286 0)
(3.132559428 -0.6412459131 0)
(3.132714123 -0.641976707 0)
(3.133857276 -0.6427205605 0)
(3.13358329 -0.6471291418 0)
(3.133232942 -0.646704435 0)
(3.132393975 -0.6436852294 0)
(3.127912364 -0.6237210389 0)
(3.111896831 -0.5559722411 0)
(3.062173415 -0.3719003008 0)
(3.062636726 -0.2402207703 0)
(3.011651145 -0.01210906618 0)
(2.992410522 0.04938691435 0)
(2.976215836 0.07747105179 0)
(2.851796971 0.2987236902 0)
(2.722206949 0.471561883 0)
(2.607222975 0.5989715289 0)
(2.563312565 0.662428922 0)
(2.536111851 0.6758902701 0)
(2.540398084 0.6630189551 0)
(2.555296715 0.6381715143 0)
(2.576549654 0.6149447788 0)
(2.594199819 0.6109600378 0)
(3.13036232 -0.6041057233 0)
(3.131105091 -0.6059634026 0)
(3.130530123 -0.6106609004 0)
(3.12990496 -0.6127155661 0)
(3.130824342 -0.6129264567 0)
(3.131762697 -0.6140665908 0)
(3.131388948 -0.6185433017 0)
(3.130663927 -0.6207327253 0)
(3.131358317 -0.620971252 0)
(3.132334473 -0.6219287175 0)
(3.132065716 -0.6262946407 0)
(3.131343735 -0.6284176788 0)
(3.13182661 -0.6283058539 0)
(3.132775658 -0.6309097557 0)
(3.132662607 -0.6356950739 0)
(3.132617456 -0.6370061566 0)
)
;

boundaryField
{
    inlet
    {
        type            fixedValue;
        value           nonuniform 0();
    }
    outlet
    {
        type            inletOutlet;
        inletValue      uniform (3 0 0);
        value           nonuniform List<vector> 
69
(
(2.589275084 0.4704746218 0)
(2.58130466 0.4762937493 0)
(2.577674822 0.4803261124 0)
(2.574156984 0.4853923564 0)
(2.571573741 0.4892558973 0)
(2.565676765 0.4941288423 0)
(2.561043697 0.4978323058 0)
(2.555316743 0.5018944166 0)
(2.550075064 0.507186089 0)
(2.548279422 0.5075562883 0)
(2.546576693 0.5167494598 0)
(2.552962338 0.519819377 0)
(2.570217213 0.52814534 0)
(2.595216702 0.540286867 0)
(2.617489975 0.5495467595 0)
(2.629455504 0.5525741676 0)
(2.628511807 0.55977358 0)
(2.621731433 0.5667860722 0)
(2.616055752 0.5698350619 0)
(2.603427478 0.5744469035 0)
(2.588448318 0.5762808787 0)
(2.578749547 0.585056605 0)
(2.57566474 0.5897083445 0)
(2.571834447 0.5877508767 0)
(2.570865388 0.5915522126 0)
(2.573345042 0.5992231346 0)
(2.579011734 0.601884315 0)
(2.585623097 0.6033226725 0)
(2.594199819 0.6109600378 0)
(2.590594449 0.457880078 0)
(2.590288997 0.457954731 0)
(2.589973753 0.4579598989 0)
(2.589631698 0.4579392211 0)
(2.589266855 0.4580068133 0)
(2.588954331 0.4581828717 0)
(2.588718796 0.4585121791 0)
(2.588636073 0.4591124519 0)
(2.588509277 0.4598590825 0)
(2.588343726 0.4600587691 0)
(2.588246296 0.4602398536 0)
(2.58829698 0.4603736124 0)
(2.588530297 0.4604659173 0)
(2.588972407 0.4606039428 0)
(2.589633261 0.4607080839 0)
(2.590477127 0.4608276118 0)
(2.591418743 0.4610548922 0)
(2.592218925 0.4617487225 0)
(2.592900767 0.4629228133 0)
(2.593465844 0.4635289057 0)
(2.593797594 0.4634948766 0)
(2.593954392 0.4633408932 0)
(2.593996491 0.463144883 0)
(2.593914683 0.4628381478 0)
(2.593763388 0.4626756849 0)
(2.593610659 0.4626544791 0)
(2.59336214 0.4627187758 0)
(2.5931129 0.4631545859 0)
(2.592991847 0.4647949208 0)
(2.592809837 0.4666577661 0)
(2.592625589 0.4672449527 0)
(2.592216697 0.4673059652 0)
(2.591764675 0.4670710894 0)
(2.591528601 0.4672419706 0)
(2.59141199 0.4673364244 0)
(2.591046035 0.4675519135 0)
(2.590688582 0.4680134417 0)
(2.590516293 0.4687749601 0)
(2.590606803 0.4690705377 0)
(2.591116933 0.468876006 0)
)
;
    }
    bottom
    {
        type            slip;
    }
    top
    {
        type            slip;
    }
    obstacle
    {
        type            slip;
    }
    defaultFaces
    {
        type            empty;
    }
    procBoundary29to23
    {
        type            processor;
        value           nonuniform List<vector> 
36
(
(2.574591485 0.4803669723 0)
(2.577748791 0.476751668 0)
(2.583003624 0.4683401586 0)
(2.591054241 0.4575387004 0)
(2.352909032 0.6377300436 0)
(2.388809729 0.640982026 0)
(2.396360138 0.6466815002 0)
(2.409817422 0.6528084698 0)
(2.41369303 0.6567226236 0)
(2.425861914 0.6481606394 0)
(2.439981552 0.6315725236 0)
(2.453750094 0.6134840956 0)
(2.468419946 0.600317485 0)
(2.481777954 0.5885390802 0)
(2.489388841 0.5894375184 0)
(2.492472828 0.5829289264 0)
(2.491624041 0.573623476 0)
(2.49198772 0.5669819959 0)
(2.496373844 0.5623982199 0)
(2.50486926 0.5585237149 0)
(2.517477987 0.5480044073 0)
(2.526144288 0.534324246 0)
(2.531111867 0.5288990251 0)
(2.538584296 0.5190453008 0)
(2.542182525 0.5136657712 0)
(2.543846086 0.5125076022 0)
(2.550401005 0.5056768357 0)
(2.555719689 0.5003328366 0)
(2.561913818 0.4937647293 0)
(2.569551945 0.4847517567 0)
(2.569551945 0.4847517567 0)
(2.419033261 0.5716183975 0)
(2.300896092 0.6312034959 0)
(2.28658386 0.6478339582 0)
(2.303860749 0.645481092 0)
(2.303860749 0.645481092 0)
)
;
    }
    procBoundary29to28
    {
        type            processor;
        value           nonuniform List<vector> 
69
(
(2.84752855 0.393278923 0)
(2.913260923 0.3678909059 0)
(2.972506477 0.349070591 0)
(3.025192244 0.3271892282 0)
(3.065813496 0.293352324 0)
(3.090570446 0.2447799246 0)
(2.679466847 0.5102553646 0)
(2.679466847 0.5102553646 0)
(2.737385149 0.4939597418 0)
(2.793993305 0.4766400735 0)
(2.854840335 0.456868075 0)
(2.915809982 0.4318648693 0)
(2.971562712 0.3981805983 0)
(3.019867313 0.3580099978 0)
(3.059314729 0.3209756491 0)
(3.085213632 0.2910341418 0)
(3.095767793 0.2646047748 0)
(3.092088131 0.2343151182 0)
(3.078408436 0.1994895791 0)
(3.060892997 0.1704668829 0)
(3.044689155 0.1504872307 0)
(3.032415925 0.1339531136 0)
(3.02500383 0.1170571633 0)
(3.014749252 0.3812223594 0)
(3.014749252 0.3812223594 0)
(3.033786288 0.3486289618 0)
(3.042799841 0.3091641675 0)
(3.042425222 0.2707416109 0)
(3.034845402 0.2406423862 0)
(3.023073958 0.2169902584 0)
(3.010963598 0.192383483 0)
(3.001530252 0.1663019506 0)
(2.996287805 0.1447073611 0)
(2.994599555 0.1299129126 0)
(2.995189741 0.1172817857 0)
(2.995644467 0.1042662441 0)
(2.993411091 0.09271067337 0)
(2.987666392 0.08385038321 0)
(2.979261092 0.08057448181 0)
(2.974390547 0.07109902467 0)
(2.971485452 0.05227736096 0)
(2.970056476 0.04128490687 0)
(2.969236844 0.04018114675 0)
(2.969219878 0.04050675528 0)
(2.968270393 0.03842500107 0)
(2.965411278 0.03329893096 0)
(2.957148349 0.03728572283 0)
(2.945132166 0.03810393177 0)
(2.93481445 0.03191818194 0)
(2.929419538 0.03045788561 0)
(2.92860483 0.03527642963 0)
(2.929025944 0.03917400935 0)
(2.930577705 0.04413955104 0)
(2.932739082 0.04037448444 0)
(2.935670941 0.03208470889 0)
(2.940039883 0.03823894477 0)
(2.940618582 0.04659493613 0)
(2.923875914 0.04861572836 0)
(3.005566119 -0.07747576878 0)
(3.061170075 -0.3163070572 0)
(3.129072841 -0.6929928226 0)
(3.137747244 -0.716992532 0)
(3.136562925 -0.7022474552 0)
(3.135356989 -0.6897659355 0)
(3.134982656 -0.6749968976 0)
(3.134591351 -0.6593524168 0)
(3.134100329 -0.6447026136 0)
(3.132815615 -0.6294970775 0)
(3.130972866 -0.6163751863 0)
)
;
    }
    procBoundary29to34
    {
        type            processor;
        value           uniform (3.129137927 -0.6038353347 0);
    }
    procBoundary29to35
    {
        type            processor;
        value           nonuniform List<vector> 
33
(
(3.132927481 -0.6368716644 0)
(3.132388189 -0.6358295161 0)
(3.127371037 -0.6200062296 0)
(3.114443407 -0.5620448107 0)
(3.081364371 -0.4129910187 0)
(3.067392291 -0.2896160158 0)
(3.050476383 -0.167635425 0)
(2.977353465 0.04566527518 0)
(2.891656372 0.2700921775 0)
(2.673683816 0.5476490616 0)
(2.553187714 0.706835584 0)
(2.524282786 0.7041781516 0)
(2.539034489 0.6758121817 0)
(2.568958873 0.6407022872 0)
(2.586150632 0.6256924681 0)
(2.596231635 0.6274612062 0)
(3.128293457 -0.5921432359 0)
(3.129691838 -0.5924479325 0)
(3.130006288 -0.5960021824 0)
(3.129241723 -0.6004218856 0)
(3.129010688 -0.6018660808 0)
(3.130311564 -0.6019593312 0)
(3.130823921 -0.6047272133 0)
(3.13005522 -0.6089109376 0)
(3.129834252 -0.6100395169 0)
(3.130950653 -0.6099255134 0)
(3.131480537 -0.6126413205 0)
(3.130641938 -0.6166779397 0)
(3.13051504 -0.6174054841 0)
(3.131307881 -0.6170610738 0)
(3.131920111 -0.6213717803 0)
(3.132927481 -0.6368716644 0)
(3.131290149 -0.6246290827 0)
)
;
    }
}


// ************************************************************************* //
