/*--------------------------------*- C++ -*----------------------------------*\
  =========                 |
  \\      /  F ield         | OpenFOAM: The Open Source CFD Toolbox
   \\    /   O peration     | Website:  https://openfoam.org
    \\  /    A nd           | Version:  7
     \\/     M anipulation  |
\*---------------------------------------------------------------------------*/
FoamFile
{
    version     2.0;
    format      ascii;
    class       volVectorField;
    location    "1.9";
    object      U;
}
// * * * * * * * * * * * * * * * * * * * * * * * * * * * * * * * * * * * * * //

dimensions      [0 1 -1 0 0 0 0];

internalField   nonuniform List<vector> 
2223
(
(3 -1.259843491e-14 0)
(3 -1.197089959e-14 0)
(3 -1.187536584e-14 0)
(3 -1.066921369e-14 0)
(3 -9.565799874e-15 0)
(3 -6.914147206e-15 0)
(3 -3.211819979e-15 0)
(3 -3.738635136e-15 0)
(3 -8.505366522e-15 0)
(3 -1.121721678e-14 0)
(3 -1.046645812e-14 0)
(3 -8.651477584e-15 0)
(3 -7.675215669e-16 0)
(3 -1.378472853e-15 0)
(3 -1.16986616e-16 0)
(3 -1.210740985e-15 0)
(3 -7.890896507e-16 0)
(3 2.114820104e-15 0)
(3 1.822116451e-15 0)
(3 1.93798259e-15 0)
(3 1.742857846e-15 0)
(3 8.839311769e-16 0)
(3 1.569605534e-15 0)
(3 2.040455947e-15 0)
(3 3.812454752e-15 0)
(3 3.111956465e-15 0)
(3 1.710837283e-15 0)
(3 3.605277634e-15 0)
(3 4.168113765e-15 0)
(3 5.189617898e-15 0)
(3 4.832632699e-15 0)
(3 4.711617891e-15 0)
(3 6.320306976e-15 0)
(3 4.571254092e-15 0)
(3 3.339767052e-15 0)
(3 1.056135337e-15 0)
(3 1.391443066e-15 0)
(3 6.623322259e-17 0)
(3 -1.861832021e-15 0)
(3 -4.702528651e-15 0)
(3 -6.012281109e-15 0)
(3 -3.701689666e-15 0)
(3 -8.066370235e-16 0)
(3 9.54959368e-17 0)
(3 -9.033867627e-16 0)
(3 -4.54101271e-15 0)
(3 -3.93470453e-15 0)
(3 -4.836252126e-15 0)
(3 -5.64872334e-15 0)
(3 -7.896631156e-15 0)
(3 -8.647735426e-15 0)
(3 -1.004250527e-14 0)
(3 -1.261112345e-14 0)
(3 -1.614756902e-14 0)
(3 -2.085202084e-14 0)
(3 -2.405451468e-14 0)
(3 -2.210900499e-14 0)
(3 -1.692992144e-14 0)
(3 -1.401225227e-14 0)
(3 -8.726479362e-15 0)
(3 -6.212706555e-15 0)
(3 -6.511344318e-15 0)
(3 -8.318638014e-15 0)
(3 -1.365039492e-14 0)
(3 -1.470781741e-14 0)
(3 -1.390076313e-14 0)
(3 -1.144000788e-14 0)
(3 -1.106754859e-14 0)
(3 -1.23908481e-14 0)
(3 -1.619336224e-14 0)
(3 -1.374263105e-14 0)
(3 -1.880357689e-14 0)
(3 -1.947172208e-14 0)
(3 -1.551277737e-14 0)
(3 -1.683893685e-14 0)
(3 -1.749168578e-14 0)
(3 -1.746575749e-14 0)
(3 -1.562204368e-14 0)
(3 -1.324131049e-14 0)
(3 -4.911700594e-16 0)
(3 -3.447969279e-15 0)
(3 -3.965386688e-15 0)
(3 -3.315232006e-15 0)
(3 -1.719464208e-15 0)
(3 -5.197990313e-16 0)
(3 2.067446652e-15 0)
(3 2.038083625e-15 0)
(3 3.614059685e-15 0)
(3 5.866142772e-15 0)
(3 6.047949896e-15 0)
(3 4.418744336e-15 0)
(3 5.287522458e-15 0)
(3 6.647375332e-15 0)
(3 7.369237067e-15 0)
(3 1.027258064e-14 0)
(3 1.253936811e-14 0)
(3 1.380271984e-14 0)
(3 1.244530336e-14 0)
(3 1.061299221e-14 0)
(3 8.663419105e-15 0)
(3 7.55809935e-15 0)
(3 5.636259275e-15 0)
(3 5.795371549e-15 0)
(3 8.013277564e-15 0)
(3 7.811968526e-15 0)
(3 6.128426962e-15 0)
(3 4.766441715e-15 0)
(3 5.872952586e-16 0)
(3 -6.066506775e-15 0)
(3 -7.539536995e-15 0)
(3 -7.640436992e-15 0)
(3 -8.970742413e-15 0)
(3 -1.204849975e-14 0)
(3 -1.22552483e-14 0)
(3 -1.195068024e-14 0)
(3 -1.306975792e-14 0)
(3 -1.390002023e-14 0)
(3 -1.362603075e-14 0)
(3 -1.322503562e-14 0)
(3 -1.225378747e-14 0)
(3 -1.15767368e-14 0)
(3 -1.209486463e-14 0)
(3 -1.239359823e-14 0)
(3 -9.346740673e-15 0)
(3 -3.276291431e-15 0)
(3 -1.472371535e-15 0)
(3 2.805089142e-16 0)
(3 2.539308791e-15 0)
(3 5.679363365e-15 0)
(3 5.515784572e-15 0)
(3 -6.109622141e-17 0)
(3 -7.900852182e-15 0)
(3 -9.525679499e-15 0)
(3 -1.164320924e-14 0)
(3 -1.362104292e-14 0)
(3 -1.515382927e-14 0)
(3 -1.630538184e-14 0)
(3 -1.474938947e-14 0)
(3 -1.477535677e-14 0)
(3 -1.556581079e-14 0)
(3 -1.893997466e-14 0)
(3 -1.891825986e-14 0)
(3 -1.988488935e-14 0)
(3 -2.006983784e-14 0)
(3 -2.068796228e-14 0)
(3 -1.670969131e-14 0)
(3 5.586327931e-16 0)
(3 1.703427977e-15 0)
(3 1.2780605e-15 0)
(3 2.995932322e-15 0)
(3 4.211279419e-15 0)
(3 3.650557089e-15 0)
(3 2.927169816e-15 0)
(3 3.005147442e-15 0)
(3 4.684446154e-15 0)
(3 4.104906567e-15 0)
(3 2.50878879e-15 0)
(3 3.444639138e-15 0)
(3 4.941815466e-15 0)
(3 7.933437576e-15 0)
(3 9.295735409e-15 0)
(3 1.088810304e-14 0)
(3 1.098872948e-14 0)
(3 8.767402571e-15 0)
(3 1.025844989e-14 0)
(3 1.027307116e-14 0)
(3 6.839980971e-15 0)
(3 5.757337264e-15 0)
(3 4.883629199e-15 0)
(3 7.398132952e-15 0)
(3 5.863517373e-15 0)
(3 4.577030965e-15 0)
(3 2.697803949e-15 0)
(3 8.242411923e-16 0)
(3 -3.302723583e-15 0)
(3 -8.060791506e-15 0)
(3 -1.471401809e-14 0)
(3 -2.199714009e-14 0)
(3 -2.497028874e-14 0)
(3 -2.299042683e-14 0)
(3 -2.189155002e-14 0)
(3 -2.12547045e-14 0)
(3 -1.920413416e-14 0)
(3 -1.688503283e-14 0)
(3 -1.597175947e-14 0)
(3 -1.412824264e-14 0)
(3 -1.127562556e-14 0)
(3 -6.043727512e-15 0)
(3 -4.040850497e-15 0)
(3 3.581846807e-15 0)
(3 4.731908127e-15 0)
(3 5.222934732e-15 0)
(3 6.70082739e-15 0)
(3 6.521423282e-15 0)
(3 7.144374183e-15 0)
(3 6.742980525e-15 0)
(3 6.442600813e-15 0)
(3 4.766049582e-15 0)
(3 3.270655198e-17 0)
(3 -9.114125539e-15 0)
(3 -1.485824135e-14 0)
(3 -1.559092004e-14 0)
(3 -1.38427594e-14 0)
(3 -1.22940342e-14 0)
(3 -9.457269826e-15 0)
(3 -8.048175133e-15 0)
(3 -1.050758456e-14 0)
(3 -1.483330024e-14 0)
(3 -1.846849444e-14 0)
(3 -1.680180045e-14 0)
(3 -1.552130466e-14 0)
(3 -1.620421503e-14 0)
(3 -1.691963994e-14 0)
(3 1.071063495e-15 0)
(3 5.557471174e-15 0)
(3 6.078715448e-15 0)
(3 4.293991777e-15 0)
(3 4.929218287e-15 0)
(3 2.739129628e-15 0)
(3 1.256766227e-15 0)
(3 1.56024504e-15 0)
(3 1.843810244e-15 0)
(3 1.974335488e-15 0)
(3 9.269431565e-16 0)
(3 3.289046208e-15 0)
(3 3.457018095e-15 0)
(3 4.417840286e-15 0)
(3 1.91888479e-15 0)
(3 3.062200311e-15 0)
(3 5.407073174e-16 0)
(3 -2.840540391e-15 0)
(3 -2.430162871e-15 0)
(3 -5.694570986e-16 0)
(3 2.752398233e-15 0)
(3 3.714421074e-15 0)
(3 4.151378808e-15 0)
(3 3.974800911e-15 0)
(3 6.404362835e-16 0)
(3 -4.29629412e-15 0)
(3 -6.402704521e-15 0)
(3 -9.742557959e-15 0)
(3 -1.494001393e-14 0)
(3 -1.573634517e-14 0)
(3 -2.014050979e-14 0)
(3 -2.28833245e-14 0)
(3 -2.506084572e-14 0)
(3 -2.172706184e-14 0)
(3 -1.788342887e-14 0)
(3 -1.605152819e-14 0)
(3 -1.619976721e-14 0)
(3 -1.426285236e-14 0)
(3 -1.503862238e-14 0)
(3 -1.159360295e-14 0)
(3 -5.493835956e-15 0)
(3 -3.546397787e-15 0)
(3 -1.54443345e-15 0)
(3 4.68930192e-15 0)
(3 1.039505359e-14 0)
(3 1.338863667e-14 0)
(3 1.332801119e-14 0)
(3 1.429263536e-14 0)
(3 9.119446897e-15 0)
(3 3.339188798e-15 0)
(3 -2.79986285e-15 0)
(3 -4.519026577e-15 0)
(3 -4.872493174e-15 0)
(3 -6.868537604e-15 0)
(3 -6.067988811e-15 0)
(3 -7.590754003e-15 0)
(3 -6.220577506e-15 0)
(3 -7.497910009e-15 0)
(3 -9.601235745e-15 0)
(3 -1.040237673e-14 0)
(3 -1.065028489e-14 0)
(3 -1.38906736e-14 0)
(3 -1.842651194e-14 0)
(3 -1.883463042e-14 0)
(3 -1.772961504e-14 0)
(3 -1.529270055e-14 0)
(3 -1.25686461e-14 0)
(3 -8.963241647e-16 0)
(3 -1.408418211e-15 0)
(3 -1.975842522e-15 0)
(3 -1.95564334e-15 0)
(3 -1.86676155e-15 0)
(3 -3.845301881e-15 0)
(3 -2.184863698e-15 0)
(3 -1.871286068e-15 0)
(3 -2.630342608e-15 0)
(3 -2.307164719e-15 0)
(3 -7.448626834e-16 0)
(3 -4.023902323e-16 0)
(3 1.658637422e-16 0)
(3 7.194196343e-16 0)
(3 -1.266880982e-15 0)
(3 -3.520512838e-15 0)
(3 -5.911893176e-15 0)
(3 -8.093406404e-15 0)
(3 -8.24317432e-15 0)
(3 -6.458927141e-15 0)
(3 -2.615949218e-15 0)
(3 -1.116194633e-15 0)
(3 -8.210840822e-16 0)
(3 -2.457403231e-15 0)
(3 -6.996720706e-15 0)
(3 -9.816668426e-15 0)
(3 -1.192983315e-14 0)
(3 -1.525299086e-14 0)
(3 -1.530582351e-14 0)
(3 -1.415697108e-14 0)
(3 -1.023696621e-14 0)
(3 -1.092933828e-14 0)
(3 -1.141995242e-14 0)
(3 -1.446163745e-14 0)
(3 -1.341806751e-14 0)
(3 -1.122208131e-14 0)
(3 -1.125751005e-14 0)
(3 -8.805056761e-15 0)
(3 -3.751143921e-15 0)
(3 2.085950438e-15 0)
(3 4.332859862e-15 0)
(3 4.972625661e-15 0)
(3 6.451685013e-15 0)
(3 1.115650835e-14 0)
(3 1.461437995e-14 0)
(3 1.334430911e-14 0)
(3 1.342688457e-14 0)
(3 1.345673512e-14 0)
(3 1.20402537e-14 0)
(3 9.239439192e-15 0)
(3 4.423666805e-15 0)
(3 1.135896429e-15 0)
(3 -7.539146555e-16 0)
(3 1.903168775e-16 0)
(3 2.04505028e-15 0)
(3 8.514029965e-16 0)
(3 1.65096281e-16 0)
(3 -6.241398018e-15 0)
(3 -1.053476284e-14 0)
(3 -1.08538704e-14 0)
(3 -8.629768703e-15 0)
(3 -7.592498391e-15 0)
(3 -7.305767251e-15 0)
(3 -8.244441986e-15 0)
(3 -1.18822386e-14 0)
(3 -1.226238549e-14 0)
(3 -1.178865514e-14 0)
(3 -4.578764229e-16 0)
(3 -2.208702956e-15 0)
(3 -3.170743577e-15 0)
(3 -3.47090606e-15 0)
(3 -3.835438491e-15 0)
(3 -2.276914388e-15 0)
(3 -1.813237643e-15 0)
(3 -2.604189998e-15 0)
(3 -3.011699017e-17 0)
(3 1.435944149e-15 0)
(3 1.198756188e-15 0)
(3 1.186598878e-15 0)
(3 -1.004580865e-15 0)
(3 -1.940075551e-15 0)
(3 -2.791645642e-15 0)
(3 -4.687619378e-15 0)
(3 -5.052714806e-15 0)
(3 -3.981682638e-15 0)
(3 -3.360587964e-15 0)
(3 -2.332985106e-15 0)
(3 -2.551710216e-15 0)
(3 -3.032673622e-15 0)
(3 -5.032846729e-15 0)
(3 -1.091993679e-14 0)
(3 -1.407531179e-14 0)
(3 -1.360035432e-14 0)
(3 -1.497243944e-14 0)
(3 -1.427124399e-14 0)
(3 -1.289476851e-14 0)
(3 -1.107784149e-14 0)
(3 -5.986087984e-15 0)
(3 -1.807474154e-15 0)
(3 9.72543555e-16 0)
(3 8.994407341e-16 0)
(3 -8.636059872e-16 0)
(3 -3.312263277e-15 0)
(3 -3.401326994e-15 0)
(3 -2.921764579e-15 0)
(3 -9.261445832e-16 0)
(3 5.685725312e-15 0)
(3 4.95508891e-15 0)
(3 7.831450966e-15 0)
(3 1.193753246e-14 0)
(3 1.781749708e-14 0)
(3 1.987897277e-14 0)
(3 2.135494741e-14 0)
(3 2.161362059e-14 0)
(3 1.756084724e-14 0)
(3 1.616468634e-14 0)
(3 1.198085584e-14 0)
(3 6.897972224e-15 0)
(3 5.554182815e-15 0)
(3 4.233445545e-15 0)
(3 5.181626076e-15 0)
(3 6.482142145e-15 0)
(3 6.546134884e-15 0)
(3 5.733837786e-15 0)
(3 5.601984104e-15 0)
(3 5.480561429e-15 0)
(3 4.243274246e-15 0)
(3 2.780271954e-15 0)
(3 4.375231303e-15 0)
(3 8.202694644e-15 0)
(3 1.045042632e-14 0)
(3 8.430904902e-15 0)
(3 1.962173397e-15 0)
(3 -4.074379829e-15 0)
(3 -6.25136852e-16 0)
(3 -4.836694415e-16 0)
(3 6.621370152e-16 0)
(3 -4.424311105e-16 0)
(3 -3.260675871e-15 0)
(3 -1.284450677e-15 0)
(3 -3.345179634e-16 0)
(3 -5.72095326e-17 0)
(3 1.314255923e-15 0)
(3 1.08285431e-15 0)
(3 6.673667449e-16 0)
(3 -7.092781174e-16 0)
(3 -4.603639873e-15 0)
(3 -7.098487906e-15 0)
(3 -6.418537611e-15 0)
(3 -4.777524728e-15 0)
(3 -2.091032035e-15 0)
(3 3.544649517e-15 0)
(3 6.592142368e-15 0)
(3 5.321099216e-15 0)
(3 1.769283503e-15 0)
(3 -4.55110344e-17 0)
(3 -7.016351136e-16 0)
(3 -1.629637343e-15 0)
(3 -2.844426717e-15 0)
(3 -3.640969682e-15 0)
(3 -5.697137197e-15 0)
(3 -4.741108929e-15 0)
(3 -3.914778001e-15 0)
(3 -3.861524519e-15 0)
(3 -2.39655747e-15 0)
(3 -1.783195306e-16 0)
(3 3.59595217e-15 0)
(3 6.232011201e-15 0)
(3 5.270571003e-15 0)
(3 3.727968025e-15 0)
(3 2.00261939e-15 0)
(3 -1.376621623e-15 0)
(3 -1.059043189e-15 0)
(3 2.062862326e-15 0)
(3 3.40820027e-15 0)
(3 5.287553429e-15 0)
(3 9.364645545e-15 0)
(3 1.306298429e-14 0)
(3 1.4073982e-14 0)
(3 1.319064517e-14 0)
(3 1.01860492e-14 0)
(3 7.428164746e-15 0)
(3 6.26424241e-15 0)
(3 4.439205705e-15 0)
(3 1.162593614e-15 0)
(3 1.983311168e-16 0)
(3 4.051302412e-16 0)
(3 3.204750822e-15 0)
(3 4.435450489e-15 0)
(3 5.585173735e-15 0)
(3 5.94857588e-15 0)
(3 8.435461395e-15 0)
(3 9.531578717e-15 0)
(3 7.191357838e-15 0)
(3 8.626579864e-15 0)
(3 1.165328593e-14 0)
(3 1.04945167e-14 0)
(3 9.85985955e-15 0)
(3 1.080095405e-14 0)
(3 1.316257374e-14 0)
(3 1.106423841e-14 0)
(3 7.991822505e-17 0)
(3 1.887610775e-16 0)
(3 2.210410696e-15 0)
(3 3.474348396e-15 0)
(3 6.624188058e-16 0)
(3 -2.726446802e-15 0)
(3 -3.147426329e-15 0)
(3 -2.54152719e-15 0)
(3 -1.097112949e-15 0)
(3 -6.352599244e-16 0)
(3 -1.444588161e-15 0)
(3 -5.859540515e-16 0)
(3 -2.465472972e-15 0)
(3 -4.340107016e-15 0)
(3 -4.324834074e-15 0)
(3 -2.863255057e-15 0)
(3 5.932237385e-16 0)
(3 4.971920518e-15 0)
(3 7.160106474e-15 0)
(3 7.031155166e-15 0)
(3 5.153447659e-15 0)
(3 3.404520352e-15 0)
(3 5.263761586e-15 0)
(3 4.824353317e-15 0)
(3 7.298096114e-15 0)
(3 5.957620035e-15 0)
(3 5.573667533e-15 0)
(3 7.410596986e-15 0)
(3 1.072351444e-14 0)
(3 1.042370472e-14 0)
(3 6.271099282e-15 0)
(3 6.245989628e-15 0)
(3 5.96240322e-15 0)
(3 6.418684158e-15 0)
(3 5.565955836e-15 0)
(3 5.311468551e-15 0)
(3 4.651157764e-15 0)
(3 3.610800394e-15 0)
(3 1.208348561e-16 0)
(3 -2.636268804e-15 0)
(3 -1.437289076e-15 0)
(3 -2.664597038e-15 0)
(3 -4.183617424e-15 0)
(3 -5.763508595e-15 0)
(3 -5.48719771e-15 0)
(3 -5.331337272e-15 0)
(3 -6.446762813e-15 0)
(3 -5.923522402e-15 0)
(3 -4.680025048e-15 0)
(3 -3.868896274e-15 0)
(3 -2.438882063e-15 0)
(3 -1.003549441e-15 0)
(3 1.293995736e-15 0)
(3 8.668903076e-16 0)
(3 -5.873917922e-16 0)
(3 -9.914638122e-17 0)
(3 -1.573001771e-15 0)
(3 -1.633720001e-17 0)
(3 3.347553813e-15 0)
(3 4.316651413e-15 0)
(3 3.213045186e-15 0)
(3 4.232070199e-15 0)
(3 7.686958222e-15 0)
(3 8.213056254e-15 0)
(3 9.92253058e-15 0)
(3 9.941995056e-15 0)
(3 7.683345808e-15 0)
(3 7.06580831e-16 0)
(3 -2.205731975e-16 0)
(3 -1.372263688e-15 0)
(3 6.921753557e-16 0)
(3 2.150323117e-15 0)
(3 1.961915295e-15 0)
(3 -1.413076444e-15 0)
(3 -1.438084647e-15 0)
(3 -1.693171433e-15 0)
(3 -1.804379985e-15 0)
(3 -2.638341788e-15 0)
(3 -1.06413072e-15 0)
(3 -7.962098606e-16 0)
(3 -1.125006908e-15 0)
(3 -4.605687285e-16 0)
(3 4.439264794e-17 0)
(3 -6.494204117e-16 0)
(3 -3.828358007e-16 0)
(3 1.31982236e-15 0)
(3 2.802961174e-15 0)
(3 3.652887895e-15 0)
(3 4.635489086e-15 0)
(3 4.561469449e-15 0)
(3 6.384586074e-15 0)
(3 7.943039729e-15 0)
(3 9.863678789e-15 0)
(3 9.304379243e-15 0)
(3 1.128694465e-14 0)
(3 1.139678866e-14 0)
(3 1.177478089e-14 0)
(3 1.137794366e-14 0)
(3 9.448887614e-15 0)
(3 8.684809962e-15 0)
(3 7.913706518e-15 0)
(3 5.662725849e-15 0)
(3 4.073917614e-15 0)
(3 3.800922966e-15 0)
(3 5.147497876e-15 0)
(3 4.342536165e-15 0)
(3 1.909654961e-15 0)
(3 -7.054839098e-16 0)
(3 -4.415651551e-15 0)
(3 -9.095513842e-15 0)
(3 -9.761499776e-15 0)
(3 -1.049007624e-14 0)
(3 -9.095059062e-15 0)
(3 -6.793041317e-15 0)
(3 -4.383102429e-15 0)
(3 -3.193501559e-15 0)
(3 -2.256698793e-15 0)
(3 2.404325572e-16 0)
(3 4.533380423e-15 0)
(3 7.491071852e-15 0)
(3 7.109241393e-15 0)
(3 5.44306881e-15 0)
(3 4.020004673e-15 0)
(3 2.429808186e-16 0)
(3 -2.159807317e-15 0)
(3 -1.187144402e-15 0)
(3 5.95908613e-16 0)
(3 -4.046772189e-15 0)
(3 -6.239010199e-15 0)
(3 -2.605830979e-15 0)
(3 -2.725629983e-16 0)
(3 2.137812984e-15 0)
(3 1.041721957e-15 0)
(3 -9.108986915e-16 0)
(3 6.133702049e-16 0)
(3 -1.28721766e-15 0)
(3 -3.036880808e-15 0)
(3 -1.005281247e-15 0)
(3 1.003174113e-15 0)
(3 1.297423335e-15 0)
(3 -4.625425988e-16 0)
(3 -1.801355234e-15 0)
(3 -4.996076429e-15 0)
(3 -6.246594632e-15 0)
(3 -4.496286678e-15 0)
(3 -2.164353341e-15 0)
(3 -3.382112728e-16 0)
(3 -2.156268289e-17 0)
(3 -1.16538928e-15 0)
(3 -1.630866787e-15 0)
(3 -2.664721462e-15 0)
(3 -4.179365573e-15 0)
(3 -4.565440346e-15 0)
(3 -4.430113727e-15 0)
(3 -3.115114474e-15 0)
(3 -6.33686357e-16 0)
(3 1.238425662e-15 0)
(3 2.606832888e-15 0)
(3 3.126730616e-15 0)
(3 5.5903292e-15 0)
(3 6.061452116e-15 0)
(3 8.546944475e-15 0)
(3 9.860927488e-15 0)
(3 9.146908286e-15 0)
(3 7.760858637e-15 0)
(3 7.585094953e-15 0)
(3 7.716214917e-15 0)
(3 5.758294409e-15 0)
(3 4.677960295e-15 0)
(3 3.936690707e-15 0)
(3 3.017928331e-15 0)
(3 5.355150675e-15 0)
(3 8.200330774e-15 0)
(3 9.30510956e-15 0)
(3 1.040252907e-14 0)
(3 1.037382733e-14 0)
(3 5.868550249e-15 0)
(3 3.044564599e-16 0)
(3 -2.547070286e-15 0)
(3 -5.645118846e-15 0)
(3 -4.466564672e-15 0)
(3 -4.064977347e-15 0)
(3 -2.145710585e-15 0)
(3 1.208508113e-15 0)
(3 4.77369239e-15 0)
(3 5.95830921e-15 0)
(3 9.898471019e-15 0)
(3 1.33334522e-14 0)
(3 1.317062081e-14 0)
(3 6.289275237e-15 0)
(3 3.111850439e-15 0)
(3 -3.827365796e-15 0)
(3 -8.595170917e-15 0)
(3 -9.598828644e-15 0)
(3 -1.165082557e-14 0)
(3 -1.310738712e-14 0)
(3 -1.183182607e-14 0)
(3 -7.746431381e-15 0)
(3 -6.370668506e-15 0)
(3 -7.474005857e-15 0)
(3 -8.512746479e-15 0)
(3 -6.850716873e-16 0)
(3 6.044969288e-17 0)
(3 2.218270348e-15 0)
(3 1.615975231e-15 0)
(3 1.721893732e-16 0)
(3 -1.311665731e-15 0)
(3 -1.690682556e-15 0)
(3 -1.725608623e-15 0)
(3 -5.785268368e-16 0)
(3 8.045583498e-16 0)
(3 2.871569527e-15 0)
(3 2.421244313e-15 0)
(3 1.621399008e-15 0)
(3 9.909645929e-16 0)
(3 -1.033278747e-15 0)
(3 -2.521635129e-15 0)
(3 -3.501427889e-15 0)
(3 -4.026259701e-15 0)
(3 -4.423209391e-15 0)
(3 -3.015801379e-15 0)
(3 -2.044161952e-15 0)
(3 -1.129641152e-16 0)
(3 2.520694912e-15 0)
(3 2.721620531e-15 0)
(3 3.617201578e-15 0)
(3 5.6262059e-15 0)
(3 1.047985559e-14 0)
(3 1.222002687e-14 0)
(3 1.613432708e-14 0)
(3 1.635115096e-14 0)
(3 1.519234036e-14 0)
(3 1.35827174e-14 0)
(3 9.772987576e-15 0)
(3 1.889073293e-15 0)
(3 2.728660086e-16 0)
(3 2.002693991e-15 0)
(3 1.353579368e-15 0)
(3 4.354222652e-15 0)
(3 7.067460863e-15 0)
(3 1.001182471e-14 0)
(3 1.154023538e-14 0)
(3 1.478231937e-14 0)
(3 1.56077484e-14 0)
(3 8.881631661e-15 0)
(3 6.352720198e-15 0)
(3 4.780726858e-15 0)
(3 7.932001251e-15 0)
(3 9.326161147e-15 0)
(3 7.038253966e-15 0)
(3 5.375405588e-15 0)
(3 4.940622145e-15 0)
(3 3.639064054e-15 0)
(3 4.939191837e-15 0)
(3 6.610347558e-15 0)
(3 2.22213098e-15 0)
(3 -6.229895187e-15 0)
(3 -1.004957966e-14 0)
(3 -1.338903238e-14 0)
(3 -1.819802638e-14 0)
(3 -1.793784503e-14 0)
(3 -1.139828706e-14 0)
(3 -5.709055103e-15 0)
(3 -3.474624549e-15 0)
(3 -1.462134434e-15 0)
(3 -4.288382987e-15 0)
(3 -5.070353289e-15 0)
(3 -6.379746748e-15 0)
(3 -1.569442635e-15 0)
(3 -1.947129262e-15 0)
(3 -1.359130261e-15 0)
(3 -3.827655068e-15 0)
(3 -5.42721093e-15 0)
(3 -4.621529477e-15 0)
(3 -1.794620116e-15 0)
(3 1.273975745e-15 0)
(3 2.484126143e-15 0)
(3 2.972035547e-15 0)
(3 2.560422135e-15 0)
(3 5.586048855e-16 0)
(3 -9.500837653e-16 0)
(3 -1.073231479e-15 0)
(3 2.664635941e-15 0)
(3 3.39794607e-15 0)
(3 3.608672569e-15 0)
(3 2.667549794e-15 0)
(3 2.309906992e-15 0)
(3 4.174256576e-15 0)
(3 3.616629852e-15 0)
(3 5.333486455e-15 0)
(3 6.500246484e-15 0)
(3 9.197713361e-15 0)
(3 1.128971805e-14 0)
(3 1.114897709e-14 0)
(3 1.491886589e-14 0)
(3 2.089851802e-14 0)
(3 2.136335183e-14 0)
(3 2.183357051e-14 0)
(3 1.734351901e-14 0)
(3 1.084625851e-14 0)
(3 6.297916049e-15 0)
(3 5.801931219e-15 0)
(3 7.231954838e-15 0)
(3 7.794837422e-15 0)
(3 9.868650607e-15 0)
(3 1.097991783e-14 0)
(3 1.188064804e-14 0)
(3 1.556086894e-14 0)
(3 1.691242467e-14 0)
(3 1.933858913e-14 0)
(3 2.175681715e-14 0)
(3 2.11041996e-14 0)
(3 2.126971964e-14 0)
(3 1.934315887e-14 0)
(3 1.815925906e-14 0)
(3 1.648509493e-14 0)
(3 1.238997616e-14 0)
(3 7.965789107e-15 0)
(3 2.865342507e-15 0)
(3 1.460827521e-15 0)
(3 -2.519601975e-15 0)
(3 -8.763326065e-15 0)
(3 -1.822706724e-14 0)
(3 -1.968506409e-14 0)
(3 -2.190738658e-14 0)
(3 -2.466216103e-14 0)
(3 -2.691022394e-14 0)
(3 -2.307139615e-14 0)
(3 -1.632446175e-14 0)
(3 -7.362264282e-15 0)
(3 -3.579332792e-15 0)
(3 -4.084852689e-15 0)
(3 -2.85451164e-15 0)
(3 -2.612559164e-15 0)
(3 -2.523685939e-15 0)
(3 -2.993052681e-17 0)
(3 -1.36853446e-15 0)
(3 -6.283912964e-15 0)
(3 -7.89744992e-15 0)
(3 -7.188034492e-15 0)
(3 -4.651695801e-15 0)
(3 -3.242232138e-16 0)
(3 3.847052983e-16 0)
(3 -3.161741417e-15 0)
(3 -4.86997838e-15 0)
(3 -6.026379713e-15 0)
(3 -7.778785294e-15 0)
(3 -6.215013178e-15 0)
(3 -1.825942819e-15 0)
(3 -5.030193705e-16 0)
(3 1.309416814e-15 0)
(3 2.099756257e-15 0)
(3 3.761846786e-15 0)
(3 4.480026317e-15 0)
(3 4.203974066e-15 0)
(3 3.519154348e-15 0)
(3 2.285982094e-15 0)
(3 3.727549884e-15 0)
(3 6.390578789e-15 0)
(3 7.929770094e-15 0)
(3 7.456047195e-15 0)
(3 8.582325402e-15 0)
(3 8.779081913e-15 0)
(3 1.044470636e-14 0)
(3 9.113722946e-15 0)
(3 5.904576736e-15 0)
(3 3.156518947e-15 0)
(3 3.173265205e-15 0)
(3 4.459635272e-15 0)
(3 7.743790327e-15 0)
(3 9.539758539e-15 0)
(3 1.594367542e-14 0)
(3 1.808691311e-14 0)
(3 1.589638584e-14 0)
(3 1.528326265e-14 0)
(3 1.571589347e-14 0)
(3 1.754468893e-14 0)
(3 2.081887385e-14 0)
(3 2.148570917e-14 0)
(3 2.048736726e-14 0)
(3 1.658422806e-14 0)
(3 9.390242004e-15 0)
(3 1.931203408e-15 0)
(3 -1.80356501e-15 0)
(3 -2.994189429e-15 0)
(3 -8.064376973e-15 0)
(3 -9.550952652e-15 0)
(3 -1.381672668e-14 0)
(3 -1.810591174e-14 0)
(3 -2.025146224e-14 0)
(3 -2.297086783e-14 0)
(3 -2.600239474e-14 0)
(3 -2.625575459e-14 0)
(3 -2.602580006e-14 0)
(3 -2.183777353e-14 0)
(3 -1.864350278e-14 0)
(3 -1.63845644e-14 0)
(3 -1.288183529e-14 0)
(3 -1.309075831e-14 0)
(3 -1.529005498e-14 0)
(3 -1.630116386e-14 0)
(3 -1.446673167e-14 0)
(3 7.092867191e-16 0)
(3 2.198686537e-15 0)
(3 1.490533252e-15 0)
(3 1.655516829e-15 0)
(3 1.705587217e-15 0)
(3 7.569690138e-16 0)
(3 -1.632596063e-15 0)
(3 -3.299020416e-15 0)
(3 -5.711303323e-15 0)
(3 -4.902145199e-15 0)
(3 -6.728152329e-15 0)
(3 -6.912346e-15 0)
(3 -5.946337876e-15 0)
(3 -4.225792697e-15 0)
(3 -4.315282558e-15 0)
(3 -4.78095661e-15 0)
(3 -4.395654808e-15 0)
(3 -3.635179462e-15 0)
(3 -3.178269968e-15 0)
(3 -4.210177164e-15 0)
(3 -5.143029445e-15 0)
(3 -8.246544449e-15 0)
(3 -6.523797675e-15 0)
(3 -5.266162819e-15 0)
(3 -3.906710609e-15 0)
(3 -6.383456543e-15 0)
(3 -1.041600476e-14 0)
(3 -1.246023412e-14 0)
(3 -1.183745606e-14 0)
(3 -9.541512562e-15 0)
(3 -5.691465704e-15 0)
(3 -5.533551905e-15 0)
(3 -3.811505298e-15 0)
(3 -1.083745509e-15 0)
(3 9.963744294e-17 0)
(3 5.213608784e-15 0)
(3 8.468958682e-15 0)
(3 1.083232882e-14 0)
(3 1.292057073e-14 0)
(3 1.266848602e-14 0)
(3 1.204864339e-14 0)
(3 1.837666856e-14 0)
(3 1.918625714e-14 0)
(3 2.123949629e-14 0)
(3 2.12233169e-14 0)
(3 1.819745684e-14 0)
(3 1.239875502e-14 0)
(3 9.777771507e-15 0)
(3 8.802191695e-15 0)
(3 8.171187714e-15 0)
(3 4.295605433e-15 0)
(3 4.202311886e-16 0)
(3 -3.474815473e-15 0)
(3 -8.210892781e-15 0)
(3 -1.504562628e-14 0)
(3 -1.913461184e-14 0)
(3 -2.104943242e-14 0)
(3 -1.747661097e-14 0)
(3 -1.275599117e-14 0)
(3 -1.152268638e-14 0)
(3 -1.329274074e-14 0)
(3 -1.507965726e-14 0)
(3 -1.519479468e-14 0)
(3 -1.292790429e-14 0)
(3 -1.232246955e-14 0)
(3 -1.298406399e-14 0)
(3 -1.158434487e-14 0)
(3 -1.199424215e-16 0)
(3 2.779780602e-15 0)
(3 4.565469875e-15 0)
(3 4.144734786e-15 0)
(3 3.174771826e-15 0)
(3 1.399115111e-15 0)
(3 -2.50039305e-15 0)
(3 -6.271890266e-15 0)
(3 -2.787495989e-15 0)
(3 -2.746505226e-15 0)
(3 -2.15346659e-15 0)
(3 -2.058910803e-15 0)
(3 -4.254339797e-15 0)
(3 -4.055173785e-15 0)
(3 -6.15762861e-15 0)
(3 -6.238672504e-15 0)
(3 -6.003946348e-15 0)
(3 -7.344866151e-15 0)
(3 -7.018806739e-15 0)
(3 -5.424440042e-15 0)
(3 -4.931157382e-15 0)
(3 -3.628370892e-15 0)
(3 -4.207287056e-15 0)
(3 -4.541324586e-15 0)
(3 -8.373909818e-15 0)
(3 -1.423423371e-14 0)
(3 -1.559753516e-14 0)
(3 -1.534214348e-14 0)
(3 -1.595469856e-14 0)
(3 -1.361409069e-14 0)
(3 -7.811091764e-15 0)
(3 -5.996421812e-15 0)
(3 -7.488267883e-15 0)
(3 -5.252391208e-15 0)
(3 4.407200868e-15 0)
(3 7.201128084e-15 0)
(3 6.924009922e-15 0)
(3 7.280178691e-15 0)
(3 9.383565334e-15 0)
(3 9.032987938e-15 0)
(3 6.800065575e-15 0)
(3 5.609624574e-15 0)
(3 5.669047348e-15 0)
(3 7.46811887e-15 0)
(3 4.056403359e-15 0)
(3 7.175415721e-15 0)
(3 7.255840427e-15 0)
(3 4.578027302e-15 0)
(3 3.995227319e-15 0)
(3 3.242161292e-15 0)
(3 1.481171879e-15 0)
(3 -2.095323853e-15 0)
(3 -4.960541248e-15 0)
(3 -9.599195987e-15 0)
(3 -6.897509161e-15 0)
(3 -5.896709155e-15 0)
(3 -8.937731651e-15 0)
(3 -1.46433004e-15 0)
(3 1.74002385e-15 0)
(3 2.507353955e-15 0)
(3 2.756831488e-15 0)
(3 -4.926817487e-16 0)
(3 -5.059702197e-15 0)
(3 -4.690774564e-15 0)
(3 -2.293096759e-15 0)
(3 -1.204430834e-16 0)
(3 3.839687209e-15 0)
(3 -6.249564677e-16 0)
(3 2.912649324e-16 0)
(3 1.095674581e-15 0)
(3 -3.784075042e-16 0)
(3 -1.908075325e-15 0)
(3 -2.160420397e-15 0)
(3 -1.789019252e-15 0)
(3 -2.519558123e-15 0)
(3 -4.236524031e-15 0)
(3 -5.492156887e-15 0)
(3 -4.696984706e-15 0)
(3 -1.729540565e-15 0)
(3 -1.791707428e-15 0)
(3 -1.773521582e-15 0)
(3 -2.315951904e-15 0)
(3 -3.368489414e-15 0)
(3 -4.806485037e-15 0)
(3 -4.100165496e-15 0)
(3 -3.484485788e-15 0)
(3 -4.024732803e-15 0)
(3 -2.936411846e-15 0)
(3 -1.603339255e-16 0)
(3 2.844054029e-17 0)
(3 -2.626748337e-15 0)
(3 -6.09532101e-15 0)
(3 -7.08208399e-15 0)
(3 -6.950454167e-15 0)
(3 -1.255095252e-14 0)
(3 -1.768239882e-14 0)
(3 -1.780282873e-14 0)
(3 -1.751639725e-14 0)
(3 -1.197377325e-14 0)
(3 -6.413731168e-15 0)
(3 -1.83019044e-15 0)
(3 3.408241016e-15 0)
(3 6.011203215e-15 0)
(3 5.353845255e-15 0)
(3 2.185998043e-15 0)
(3 -6.861395792e-16 0)
(3 2.672976787e-15 0)
(3 1.816726631e-15 0)
(3 -2.212046434e-15 0)
(3 -2.049531463e-15 0)
(3 -1.761922537e-15 0)
(3 -6.089358298e-15 0)
(3 -5.3883806e-15 0)
(3 -7.584219346e-18 0)
(3 -1.531529132e-15 0)
(3 -2.31389043e-15 0)
(3 -4.401964133e-15 0)
(3 -5.283165566e-15 0)
(3 -6.264330166e-15 0)
(3 -4.94108861e-15 0)
(3 -5.93625251e-15 0)
(3 -5.206174801e-15 0)
(3 2.3960932e-16 0)
(3 6.223657704e-15 0)
(3 1.160919149e-14 0)
(3 1.467322388e-14 0)
(3 1.533816459e-14 0)
(3 1.682010934e-14 0)
(3 1.241637396e-14 0)
(3 9.855014228e-15 0)
(3 8.116716112e-15 0)
(3 9.47459981e-15 0)
(3 1.261382532e-14 0)
(3 1.804778905e-14 0)
(3 4.290472743e-16 0)
(3 -2.968295589e-17 0)
(3 1.495027335e-16 0)
(3 7.552897447e-16 0)
(3 -3.644133257e-16 0)
(3 -3.075741451e-15 0)
(3 -2.438943145e-15 0)
(3 -1.147741536e-15 0)
(3 -1.846902097e-15 0)
(3 -2.848403687e-15 0)
(3 -2.365133746e-15 0)
(3 -1.62547564e-15 0)
(3 5.480916412e-16 0)
(3 -1.557120034e-15 0)
(3 -2.185908375e-15 0)
(3 -2.173866896e-15 0)
(3 -2.326519709e-15 0)
(3 -3.527389096e-15 0)
(3 -3.872555416e-15 0)
(3 -2.701909388e-15 0)
(3 3.587144387e-16 0)
(3 1.164583959e-15 0)
(3 9.265640489e-16 0)
(3 -1.95278974e-15 0)
(3 -4.412752176e-15 0)
(3 -4.426931958e-15 0)
(3 -4.545792091e-15 0)
(3 -5.27895796e-15 0)
(3 -3.909548843e-15 0)
(3 -3.593333326e-15 0)
(3 -3.75842989e-15 0)
(3 -9.131898338e-16 0)
(3 3.811722533e-15 0)
(3 7.69104248e-15 0)
(3 5.289065427e-15 0)
(3 1.305558148e-15 0)
(3 1.457846656e-16 0)
(3 -1.437523802e-15 0)
(3 -2.032565244e-15 0)
(3 -2.19897352e-15 0)
(3 -3.009182519e-15 0)
(3 -7.772369777e-15 0)
(3 -1.275610994e-14 0)
(3 -1.906541923e-14 0)
(3 -1.893897145e-14 0)
(3 -1.488735169e-14 0)
(3 -8.951103767e-15 0)
(3 -4.911667374e-15 0)
(3 -4.242116446e-15 0)
(3 -3.307763399e-15 0)
(3 -1.120500613e-15 0)
(3 4.996287156e-16 0)
(3 2.473255984e-16 0)
(3 2.596164165e-15 0)
(3 5.770091221e-15 0)
(3 1.182529219e-14 0)
(3 1.747243123e-14 0)
(3 1.88051758e-14 0)
(3 2.188584949e-14 0)
(3 2.275322472e-14 0)
(3 2.128189773e-14 0)
(3 2.042963839e-14 0)
(3 1.431647956e-14 0)
(3 1.34499175e-14 0)
(3 1.503368711e-14 0)
(3 1.569099896e-14 0)
(3 1.931654564e-14 0)
(3 2.825796684e-16 0)
(3 8.931248304e-17 0)
(3 1.411993097e-15 0)
(3 2.578483769e-15 0)
(3 1.585090383e-15 0)
(3 -5.351379872e-16 0)
(3 -2.173190277e-15 0)
(3 -9.375939013e-16 0)
(3 8.252114167e-16 0)
(3 4.323688441e-15 0)
(3 3.637280131e-15 0)
(3 1.043187301e-15 0)
(3 7.791747203e-16 0)
(3 -3.264264638e-15 0)
(3 -2.589150952e-15 0)
(3 -3.566739005e-16 0)
(3 1.1356684e-15 0)
(3 1.001395299e-15 0)
(3 1.329234194e-15 0)
(3 1.126637222e-15 0)
(3 1.201684167e-15 0)
(3 -6.833553289e-16 0)
(3 -3.792139733e-15 0)
(3 -4.707337098e-15 0)
(3 -6.278899244e-15 0)
(3 -4.995982752e-15 0)
(3 -2.9317477e-15 0)
(3 2.218127916e-15 0)
(3 9.013702296e-15 0)
(3 1.296196847e-14 0)
(3 1.406751687e-14 0)
(3 1.346843907e-14 0)
(3 1.194488634e-14 0)
(3 9.51686798e-15 0)
(3 5.08616474e-15 0)
(3 -6.359886428e-16 0)
(3 -3.451082698e-16 0)
(3 -6.869450199e-16 0)
(3 -3.652008532e-15 0)
(3 -9.94474816e-15 0)
(3 -1.72574182e-14 0)
(3 -1.916291355e-14 0)
(3 -2.01909575e-14 0)
(3 -1.931898926e-14 0)
(3 -1.69161464e-14 0)
(3 -1.479180065e-14 0)
(3 -1.099961358e-14 0)
(3 -8.044674461e-15 0)
(3 -4.052548273e-15 0)
(3 1.630589611e-15 0)
(3 5.426941858e-15 0)
(3 5.618460738e-15 0)
(3 2.422888575e-15 0)
(3 1.703379171e-16 0)
(3 1.087838448e-15 0)
(3 6.203417078e-15 0)
(3 1.376606766e-14 0)
(3 1.915110123e-14 0)
(3 1.963911549e-14 0)
(3 1.888038144e-14 0)
(3 1.995574878e-14 0)
(3 2.34809649e-14 0)
(3 2.478779496e-14 0)
(3 2.180254273e-14 0)
(3 1.752650876e-14 0)
(3 9.051334268e-15 0)
(3 2.176263733e-15 0)
(3 -3.10649053e-16 0)
(3 -4.831878295e-17 0)
(3 -1.391605197e-16 0)
(3 -8.023908486e-16 0)
(3 -8.100530739e-16 0)
(3 -7.811100243e-16 0)
(3 5.861940004e-17 0)
(3 1.370743575e-15 0)
(3 4.893209207e-16 0)
(3 4.798682312e-16 0)
(3 1.663246743e-17 0)
(3 -1.206368248e-15 0)
(3 -2.604716234e-15 0)
(3 -2.408272724e-15 0)
(3 4.488810399e-17 0)
(3 3.674677997e-15 0)
(3 4.593882174e-15 0)
(3 4.375617239e-15 0)
(3 1.877381741e-15 0)
(3 -1.279412013e-15 0)
(3 -4.765534607e-15 0)
(3 -8.160725638e-15 0)
(3 -1.165059343e-14 0)
(3 -9.495814527e-15 0)
(3 -7.493409561e-15 0)
(3 -3.380873818e-15 0)
(3 4.880596178e-15 0)
(3 9.749421213e-15 0)
(3 1.134766415e-14 0)
(3 1.462440227e-14 0)
(3 1.444160761e-14 0)
(3 1.181713645e-14 0)
(3 8.387125219e-15 0)
(3 5.628492659e-15 0)
(3 2.931673231e-15 0)
(3 1.483583142e-15 0)
(3 -1.462748278e-15 0)
(3 -5.677558373e-15 0)
(3 -6.99159495e-15 0)
(3 -1.279772636e-14 0)
(3 -1.82863551e-14 0)
(3 -1.808756404e-14 0)
(3 -1.680503038e-14 0)
(3 -1.511773035e-14 0)
(3 -1.575339941e-14 0)
(3 -1.771413559e-14 0)
(3 -1.85533641e-14 0)
(3 -1.806812481e-14 0)
(3 -1.616816737e-14 0)
(3 -1.113290373e-14 0)
(3 -6.201363488e-15 0)
(3 -2.945444872e-15 0)
(3 -2.437198152e-16 0)
(3 2.387023106e-15 0)
(3 2.35880367e-15 0)
(3 3.66236409e-15 0)
(3 7.864379155e-15 0)
(3 1.534517929e-14 0)
(3 1.675623198e-14 0)
(3 1.551560046e-14 0)
(3 1.370465864e-14 0)
(3 1.301118006e-14 0)
(3 1.624424977e-14 0)
(3 2.055133177e-14 0)
(3 2.020378733e-14 0)
(3 1.838044815e-14 0)
(3 1.526009943e-14 0)
(3 -2.450725815e-16 0)
(3 -3.896285881e-17 0)
(3 -3.265894897e-16 0)
(3 -1.008673146e-15 0)
(3 4.433713371e-16 0)
(3 3.186403354e-16 0)
(3 1.40498526e-15 0)
(3 6.161627011e-16 0)
(3 -2.20028023e-15 0)
(3 -7.320846372e-15 0)
(3 -7.072707432e-15 0)
(3 -5.059858201e-15 0)
(3 -4.675210686e-15 0)
(3 -7.493890409e-16 0)
(3 5.237105109e-16 0)
(3 2.282889386e-15 0)
(3 3.749534292e-15 0)
(3 4.084624938e-15 0)
(3 3.736222129e-15 0)
(3 2.086018002e-15 0)
(3 3.90698745e-16 0)
(3 -2.651647249e-15 0)
(3 -3.510778492e-15 0)
(3 1.542021308e-16 0)
(3 5.584593669e-15 0)
(3 1.153494095e-14 0)
(3 1.372743742e-14 0)
(3 1.308756133e-14 0)
(3 1.340854478e-14 0)
(3 1.264361853e-14 0)
(3 8.196565812e-15 0)
(3 6.248101084e-15 0)
(3 3.57894808e-15 0)
(3 2.330872642e-15 0)
(3 7.62367609e-16 0)
(3 -9.449036224e-16 0)
(3 -4.535506845e-15 0)
(3 -3.540180071e-15 0)
(3 -5.12075156e-15 0)
(3 -5.648335492e-15 0)
(3 -6.57604891e-15 0)
(3 -9.31082827e-15 0)
(3 -7.794703751e-15 0)
(3 -6.813003092e-15 0)
(3 -5.743577446e-15 0)
(3 -5.763839849e-15 0)
(3 -8.452263899e-15 0)
(3 -9.40727393e-15 0)
(3 -9.557539881e-15 0)
(3 -1.049244211e-14 0)
(3 -9.371198475e-15 0)
(3 -8.258533439e-15 0)
(3 -2.126009437e-15 0)
(3 6.51910113e-16 0)
(3 4.323834564e-15 0)
(3 2.282987674e-15 0)
(3 4.583593792e-15 0)
(3 6.901402366e-15 0)
(3 7.923464233e-15 0)
(3 7.518155891e-15 0)
(3 6.519550544e-15 0)
(3 5.619379687e-15 0)
(3 7.726615163e-15 0)
(3 1.273667821e-14 0)
(3 1.534053845e-14 0)
(3 1.764021761e-14 0)
(3 1.939486818e-14 0)
(3 3.219979381e-16 0)
(3 3.378556038e-16 0)
(3 -1.302617289e-16 0)
(3 4.1024252e-16 0)
(3 1.784546247e-16 0)
(3 4.685761096e-16 0)
(3 9.877236438e-17 0)
(3 -1.762381544e-15 0)
(3 -2.695216848e-15 0)
(3 -2.517559978e-15 0)
(3 -3.346412096e-15 0)
(3 -3.267659316e-15 0)
(3 -1.966832779e-15 0)
(3 -1.203076309e-15 0)
(3 -5.924727528e-16 0)
(3 1.924955892e-15 0)
(3 2.680964696e-15 0)
(3 4.514888185e-15 0)
(3 7.754957237e-15 0)
(3 7.680351903e-15 0)
(3 7.666820611e-15 0)
(3 6.426722491e-15 0)
(3 1.009006087e-14 0)
(3 1.56250634e-14 0)
(3 2.30985262e-14 0)
(3 2.544675589e-14 0)
(3 2.415157575e-14 0)
(3 2.003697841e-14 0)
(3 1.293421127e-14 0)
(3 1.031695001e-14 0)
(3 2.032011532e-15 0)
(3 1.320451646e-15 0)
(3 2.581796468e-15 0)
(3 3.479130804e-15 0)
(3 3.853374797e-15 0)
(3 7.59080779e-15 0)
(3 8.808239357e-15 0)
(3 1.197093163e-14 0)
(3 1.060686613e-14 0)
(3 1.220016878e-14 0)
(3 1.400705643e-14 0)
(3 8.866857637e-15 0)
(3 5.978708951e-15 0)
(3 4.208747963e-15 0)
(3 3.344792214e-15 0)
(3 3.41615608e-15 0)
(3 1.188443319e-15 0)
(3 -2.035967577e-16 0)
(3 -2.90345691e-15 0)
(3 -1.007376975e-14 0)
(3 -1.954986868e-14 0)
(3 -1.908895942e-14 0)
(3 -1.602082024e-14 0)
(3 -1.436386847e-14 0)
(3 -8.31370695e-15 0)
(3 -4.708279943e-15 0)
(3 -2.48893329e-15 0)
(3 6.92095399e-16 0)
(3 4.692029263e-15 0)
(3 4.566487854e-15 0)
(3 4.50861657e-15 0)
(3 4.575309229e-15 0)
(3 6.828091536e-15 0)
(3 7.876336068e-15 0)
(3 1.045368084e-14 0)
(3 1.360559065e-14 0)
(3 1.453589416e-14 0)
(3 -7.267129637e-16 0)
(3 -2.415508022e-15 0)
(3 -2.990231961e-15 0)
(3 -1.132187346e-15 0)
(3 -9.558051011e-16 0)
(3 -2.292593793e-16 0)
(3 -4.010899887e-16 0)
(3 2.7782064e-15 0)
(3 3.660045217e-15 0)
(3 5.777802172e-15 0)
(3 4.83079243e-15 0)
(3 4.583022221e-15 0)
(3 4.841795808e-15 0)
(3 3.396789742e-15 0)
(3 2.754146093e-15 0)
(3 2.411196527e-15 0)
(3 2.624214249e-15 0)
(3 2.369383948e-15 0)
(3 2.517161707e-15 0)
(3 6.071612657e-15 0)
(3 8.161139706e-15 0)
(3 1.156402148e-14 0)
(3 1.532719497e-14 0)
(3 1.865787256e-14 0)
(3 2.206938853e-14 0)
(3 2.467901891e-14 0)
(3 2.081311412e-14 0)
(3 1.376234903e-14 0)
(3 9.722247029e-15 0)
(3 4.162278971e-15 0)
(3 2.137054939e-15 0)
(3 4.547368223e-15 0)
(3 6.125333694e-15 0)
(3 8.701093885e-15 0)
(3 1.055150393e-14 0)
(3 1.803920816e-14 0)
(3 2.196628402e-14 0)
(3 1.767784585e-14 0)
(3 1.851883726e-14 0)
(3 1.92299986e-14 0)
(3 1.791368571e-14 0)
(3 1.589543582e-14 0)
(3 1.115119929e-14 0)
(3 4.569364611e-15 0)
(3 3.162781797e-15 0)
(3 3.58686867e-15 0)
(3 2.863219952e-15 0)
(3 -2.926579471e-15 0)
(3 -1.358745434e-14 0)
(3 -2.044560692e-14 0)
(3 -2.246395348e-14 0)
(3 -2.08869085e-14 0)
(3 -1.910434809e-14 0)
(3 -1.823624171e-14 0)
(3 -1.69158863e-14 0)
(3 -1.044761029e-14 0)
(3 -5.343843968e-15 0)
(3 1.240051303e-15 0)
(3 4.534772125e-15 0)
(3 4.791316432e-15 0)
(3 1.535289951e-15 0)
(3 -5.600087057e-16 0)
(3 5.115353945e-16 0)
(3 6.613860167e-15 0)
(3 1.456941123e-14 0)
(3 1.631774021e-14 0)
(3 6.822656804e-15 0)
(3 -6.799184428e-16 0)
(3 -2.072898422e-15 0)
(3 -1.725782943e-15 0)
(3 -1.075364092e-16 0)
(3 1.38041473e-15 0)
(3 2.273017556e-15 0)
(3 2.776939749e-15 0)
(3 4.13440082e-15 0)
(3 5.382374442e-15 0)
(3 4.403401562e-15 0)
(3 6.429033125e-15 0)
(3 9.371072245e-15 0)
(3 7.58828695e-15 0)
(3 7.815281274e-15 0)
(3 5.299423313e-15 0)
(3 2.366833598e-15 0)
(3 6.262210776e-16 0)
(3 -8.883000805e-16 0)
(3 -2.292717626e-16 0)
(3 9.522429085e-16 0)
(3 5.585670629e-16 0)
(3 3.568644636e-15 0)
(3 3.9919835e-15 0)
(3 5.874159105e-15 0)
(3 6.19533937e-15 0)
(3 6.922424995e-15 0)
(3 1.558678893e-15 0)
(3 -3.02066901e-16 0)
(3 4.979396979e-16 0)
(3 7.499080457e-16 0)
(3 4.399449529e-15 0)
(3 6.36579085e-15 0)
(3 6.85861421e-15 0)
(3 8.029438304e-15 0)
(3 1.207519706e-14 0)
(3 1.309670339e-14 0)
(3 1.569339035e-14 0)
(3 1.66170572e-14 0)
(3 1.468029371e-14 0)
(3 1.392535881e-14 0)
(3 1.424975217e-14 0)
(3 1.522071873e-14 0)
(3 1.194764238e-14 0)
(3 5.530184986e-15 0)
(3 8.99277501e-16 0)
(3 6.706419219e-16 0)
(3 1.73834806e-15 0)
(3 1.084225582e-15 0)
(3 5.382254842e-16 0)
(3 -4.716398827e-16 0)
(3 5.520920312e-16 0)
(3 1.697984937e-15 0)
(3 3.55533263e-15 0)
(3 4.285808629e-15 0)
(3 4.188246564e-16 0)
(3 -1.291734454e-15 0)
(3 -1.77491712e-15 0)
(3 1.727898838e-15 0)
(3 -3.750345121e-15 0)
(3 -8.022902897e-15 0)
(3 -8.924575833e-15 0)
(3 -9.15826045e-15 0)
(3 -7.8700791e-15 0)
(3 -4.788564704e-15 0)
(3 -2.912582316e-15 0)
(3 -5.268421034e-15 0)
(3 -8.412455664e-15 0)
(3 2.046350571e-15 0)
(3 3.179770463e-15 0)
(3 3.043820471e-15 0)
(3 1.803279112e-15 0)
(3 1.320596887e-15 0)
(3 1.841248596e-15 0)
(3 2.669081568e-15 0)
(3 2.041330479e-15 0)
(3 2.125888451e-15 0)
(3 2.489444875e-15 0)
(3 3.338322187e-15 0)
(3 2.738533015e-15 0)
(3 2.4293888e-15 0)
(3 2.298072112e-15 0)
(3 1.122535232e-15 0)
(3 -1.800630496e-15 0)
(3 -4.668390598e-15 0)
(3 -4.521478346e-15 0)
(3 -6.119680287e-15 0)
(3 -4.925028704e-15 0)
(3 -3.366009665e-15 0)
(3 -3.744000829e-15 0)
(3 -4.291288789e-15 0)
(3 -5.968481104e-15 0)
(3 -8.852684615e-15 0)
(3 -9.333211023e-15 0)
(3 -7.306909062e-15 0)
(3 -3.130683103e-15 0)
(3 1.496103296e-15 0)
(3 6.358933842e-15 0)
(3 5.54255631e-15 0)
(3 4.277822398e-15 0)
(3 1.625589623e-15 0)
(3 1.880431802e-15 0)
(3 4.574266558e-15 0)
(3 7.369858508e-15 0)
(3 1.091256316e-14 0)
(3 1.114600341e-14 0)
(3 1.23300588e-14 0)
(3 1.441455803e-14 0)
(3 1.427698241e-14 0)
(3 1.59601617e-14 0)
(3 1.651771263e-14 0)
(3 1.403471547e-14 0)
(3 6.650551431e-15 0)
(3 1.123428498e-15 0)
(3 -2.641107644e-16 0)
(3 -3.749423062e-16 0)
(3 3.526207078e-15 0)
(3 1.003083384e-14 0)
(3 1.242479066e-14 0)
(3 1.90878006e-14 0)
(3 1.804136077e-14 0)
(3 1.523476151e-14 0)
(3 1.143367988e-14 0)
(3 9.28555951e-16 0)
(3 -3.260667702e-15 0)
(3 -4.833448068e-15 0)
(3 -6.32597885e-15 0)
(3 -7.889166662e-15 0)
(3 -8.127596065e-15 0)
(3 -9.818975073e-15 0)
(3 -7.91924659e-15 0)
(3 -6.416442855e-15 0)
(3 -7.831238652e-15 0)
(3 -1.123744973e-14 0)
(3 -1.089371585e-14 0)
(3 5.808484199e-16 0)
(3 1.838439252e-15 0)
(3 1.1523976e-15 0)
(3 -7.317091086e-16 0)
(3 -3.820164085e-16 0)
(3 -6.692551761e-16 0)
(3 -2.154803997e-16 0)
(3 2.892904975e-16 0)
(3 4.27500856e-16 0)
(3 1.003642439e-15 0)
(3 7.699122112e-16 0)
(3 -6.011799133e-16 0)
(3 9.319851076e-17 0)
(3 -1.909586824e-16 0)
(3 -1.076276286e-15 0)
(3 -3.396157486e-15 0)
(3 -3.240662469e-15 0)
(3 -3.897849528e-15 0)
(3 -5.319106475e-15 0)
(3 -7.736649706e-15 0)
(3 -6.949472999e-15 0)
(3 -7.804830846e-15 0)
(3 -7.898349757e-15 0)
(3 -9.300149413e-15 0)
(3 -1.288372522e-14 0)
(3 -1.220657657e-14 0)
(3 -8.440734612e-15 0)
(3 -5.03589273e-15 0)
(3 -1.76169407e-15 0)
(3 9.36768377e-18 0)
(3 -1.007285984e-15 0)
(3 1.660678924e-15 0)
(3 1.914737878e-15 0)
(3 -7.662872816e-16 0)
(3 -6.222739352e-17 0)
(3 -3.437848801e-16 0)
(3 1.901867345e-15 0)
(3 3.649926376e-15 0)
(3 5.146577035e-15 0)
(3 6.058499116e-15 0)
(3 3.730494012e-15 0)
(3 3.330168422e-15 0)
(3 5.116134963e-15 0)
(3 6.951390562e-15 0)
(3 7.491864898e-15 0)
(3 2.465670224e-15 0)
(3 -2.817610191e-15 0)
(3 -2.869709903e-16 0)
(3 4.974349683e-15 0)
(3 1.06505011e-14 0)
(3 1.615582011e-14 0)
(3 2.097625304e-14 0)
(3 2.26131104e-14 0)
(3 2.189171212e-14 0)
(3 2.078740009e-14 0)
(3 1.705585338e-14 0)
(3 1.207769389e-14 0)
(3 6.136833613e-15 0)
(3 4.628534702e-15 0)
(3 3.242299046e-15 0)
(3 3.038084388e-15 0)
(3 2.289726913e-15 0)
(3 1.2366608e-15 0)
(3 1.557719147e-15 0)
(3 2.394227276e-15 0)
(3 1.376711179e-15 0)
(3 2.085146404e-15 0)
(3 -9.165925235e-16 0)
(3 -7.259310318e-16 0)
(3 -7.095205899e-16 0)
(3 -1.79840255e-16 0)
(3 8.43276734e-16 0)
(3 1.285129305e-15 0)
(3 5.978362099e-16 0)
(3 2.039215477e-16 0)
(3 5.16961352e-16 0)
(3 3.498710753e-16 0)
(3 1.18918564e-15 0)
(3 2.101002439e-15 0)
(3 8.707760324e-16 0)
(3 -5.028387464e-16 0)
(3 -5.599782762e-16 0)
(3 8.344459825e-17 0)
(3 1.745391954e-15 0)
(3 1.623019375e-15 0)
(3 8.730784582e-16 0)
(3 -1.161260323e-15 0)
(3 -2.359173431e-15 0)
(3 -2.05847711e-15 0)
(3 -1.72311606e-15 0)
(3 -2.035956118e-15 0)
(3 -2.860616844e-15 0)
(3 -4.036557846e-15 0)
(3 -5.054357245e-15 0)
(3 -7.06234038e-15 0)
(3 -9.277257793e-15 0)
(3 -1.162447277e-14 0)
(3 -1.131465207e-14 0)
(3 -1.064890864e-14 0)
(3 -6.24943711e-15 0)
(3 -5.531410565e-15 0)
(3 -4.349964361e-15 0)
(3 -1.765950537e-15 0)
(3 1.29045732e-15 0)
(3 2.987987862e-15 0)
(3 6.453771604e-16 0)
(3 4.185294031e-16 0)
(3 -4.970230789e-16 0)
(3 -5.337105764e-15 0)
(3 -5.170370154e-15 0)
(3 -1.491102354e-15 0)
(3 7.1015213e-16 0)
(3 2.711989492e-15 0)
(3 -1.207857378e-16 0)
(3 8.035041328e-15 0)
(3 8.95958714e-15 0)
(3 1.358096131e-14 0)
(3 1.691403601e-14 0)
(3 1.88965106e-14 0)
(3 1.830379071e-14 0)
(3 1.881951221e-14 0)
(3 1.879421245e-14 0)
(3 1.920717105e-14 0)
(3 1.757017416e-14 0)
(3 1.565144952e-14 0)
(3 1.735088117e-14 0)
(3 1.864166557e-14 0)
(3 1.55938125e-14 0)
(3 1.156439453e-14 0)
(3 6.986826512e-15 0)
(3 8.592171073e-15 0)
(3 1.226568104e-14 0)
(3 1.148093104e-14 0)
(3 9.054789614e-15 0)
(3 -4.463492674e-16 0)
(3 -1.842470234e-15 0)
(3 1.823723779e-16 0)
(3 -4.015978955e-16 0)
(3 4.786995158e-16 0)
(3 2.099574927e-16 0)
(3 -1.103107804e-18 0)
(3 1.539978566e-15 0)
(3 1.811184058e-15 0)
(3 1.424135777e-15 0)
(3 1.590924277e-15 0)
(3 1.214938471e-15 0)
(3 -1.384810078e-15 0)
(3 -1.77316974e-15 0)
(3 -1.647387003e-15 0)
(3 -3.95912943e-16 0)
(3 -2.800649779e-16 0)
(3 7.852237517e-16 0)
(3 8.979082911e-16 0)
(3 -8.722541327e-17 0)
(3 -5.591291121e-16 0)
(3 -7.21026327e-16 0)
(3 -3.842257458e-16 0)
(3 -5.536946159e-16 0)
(3 -4.205145639e-16 0)
(3 -8.740140235e-16 0)
(3 -1.481146984e-15 0)
(3 -1.979651624e-15 0)
(3 -3.731531318e-15 0)
(3 -6.221333407e-15 0)
(3 -7.844677569e-15 0)
(3 -8.248773637e-15 0)
(3 -7.44704072e-15 0)
(3 -6.156830579e-15 0)
(3 -6.589410639e-15 0)
(3 -6.366540866e-15 0)
(3 -4.55370207e-15 0)
(3 -7.047365364e-15 0)
(3 -8.297803634e-15 0)
(3 -1.100777852e-14 0)
(3 -1.229389568e-14 0)
(3 -1.048240269e-14 0)
(3 -7.169944729e-15 0)
(3 -4.507441138e-15 0)
(3 -2.094405392e-15 0)
(3 2.282570078e-15 0)
(3 6.037122127e-15 0)
(3 7.76646994e-15 0)
(3 7.948174439e-15 0)
(3 8.573368428e-15 0)
(3 9.802418479e-15 0)
(3 1.031760629e-14 0)
(3 9.522562204e-15 0)
(3 9.153781785e-15 0)
(3 1.030560475e-14 0)
(3 1.218637774e-14 0)
(3 1.272961523e-14 0)
(3 1.254309698e-14 0)
(3 1.523948916e-14 0)
(3 1.717361422e-14 0)
(3 1.747136963e-14 0)
(3 1.590660342e-14 0)
(3 1.213100438e-14 0)
(3 9.057617174e-15 0)
(3 8.464197727e-15 0)
(3 9.379294597e-15 0)
(3 5.308341965e-15 0)
(3 -2.104471391e-16 0)
(3 -9.86023806e-16 0)
(3 -7.423107521e-16 0)
(3 -1.215940877e-15 0)
(3 -2.296698929e-15 0)
(3 -3.37991074e-15 0)
(3 -3.419297544e-15 0)
(3 -1.943916772e-15 0)
(3 -2.487716334e-15 0)
(3 -1.429718403e-15 0)
(3 -3.244957259e-16 0)
(3 -7.684345961e-17 0)
(3 2.061920129e-16 0)
(3 1.848219247e-15 0)
(3 2.138250561e-15 0)
(3 2.81629686e-15 0)
(3 2.198792495e-15 0)
(3 1.035460793e-15 0)
(3 1.25000562e-15 0)
(3 2.076156948e-15 0)
(3 1.163186429e-15 0)
(3 9.676213798e-16 0)
(3 3.398391239e-16 0)
(3 9.111372345e-16 0)
(3 2.041969458e-15 0)
(3 3.278593414e-15 0)
(3 2.185129168e-15 0)
(3 2.673712145e-15 0)
(3 2.387204875e-15 0)
(3 2.736191245e-15 0)
(3 3.268318076e-15 0)
(3 1.310413395e-15 0)
(3 -5.227145993e-16 0)
(3 -4.409645995e-15 0)
(3 -1.036480301e-14 0)
(3 -1.189663285e-14 0)
(3 -1.455705623e-14 0)
(3 -1.452568195e-14 0)
(3 -1.36802079e-14 0)
(3 -1.383665708e-14 0)
(3 -1.496737025e-14 0)
(3 -1.086422927e-14 0)
(3 -8.058582249e-15 0)
(3 -4.327613205e-15 0)
(3 -1.169349347e-15 0)
(3 3.327031764e-15 0)
(3 4.210962477e-15 0)
(3 3.278402185e-15 0)
(3 4.467146809e-15 0)
(3 4.475180289e-15 0)
(3 5.045577794e-15 0)
(3 6.255608955e-15 0)
(3 8.916312253e-15 0)
(3 1.121788669e-14 0)
(3 1.298397194e-14 0)
(3 1.177519386e-14 0)
(3 1.058137869e-14 0)
(3 8.989689312e-15 0)
(3 7.967199979e-15 0)
(3 8.437647495e-15 0)
(3 1.027180862e-14 0)
(3 1.319421931e-14 0)
(3 1.178681368e-14 0)
(3 6.597570322e-15 0)
(3 -1.40606723e-15 0)
(3 -5.177707442e-15 0)
(3 -4.735218364e-15 0)
(3 -5.995654784e-16 0)
(3 -1.019037883e-15 0)
(3 -1.423781744e-15 0)
(3 1.274252965e-15 0)
(3 5.152003978e-16 0)
(3 1.448961811e-15 0)
(3 5.985354836e-16 0)
(3 -7.338317903e-16 0)
(3 -2.368215544e-17 0)
(3 4.535355882e-16 0)
(3 2.697690815e-15 0)
(3 4.455383271e-15 0)
(3 7.640974913e-15 0)
(3 7.807545609e-15 0)
(3 6.650100821e-15 0)
(3 6.138213662e-15 0)
(3 6.093786812e-15 0)
(3 6.278182555e-15 0)
(3 7.973864336e-15 0)
(3 1.140427892e-14 0)
(3 1.306715052e-14 0)
(3 1.25511774e-14 0)
(3 1.127509673e-14 0)
(3 1.148471012e-14 0)
(3 1.220807936e-14 0)
(3 1.132671281e-14 0)
(3 7.053368111e-15 0)
(3 5.02298205e-15 0)
(3 3.952880536e-15 0)
(3 5.55117137e-15 0)
(3 2.774373137e-15 0)
(3 5.094994801e-16 0)
(3 -2.734439619e-15 0)
(3 -6.402115563e-15 0)
(3 -9.460193247e-15 0)
(3 -1.330062537e-14 0)
(3 -1.541497917e-14 0)
(3 -1.639623778e-14 0)
(3 -1.714950301e-14 0)
(3 -1.257013835e-14 0)
(3 -1.047516037e-14 0)
(3 -8.615915873e-15 0)
(3 -2.968628304e-15 0)
(3 1.275293071e-15 0)
(3 4.091333097e-15 0)
(3 2.155415393e-15 0)
(3 1.185604917e-15 0)
(3 1.366300258e-15 0)
(3 2.83545084e-15 0)
(3 7.554357722e-15 0)
(3 9.795585851e-15 0)
(3 1.361130874e-14 0)
(3 1.457424933e-14 0)
(3 1.450435974e-14 0)
(3 1.082647711e-14 0)
(3 3.365497731e-15 0)
(3 -1.986452492e-15 0)
(3 -2.398351376e-15 0)
(3 3.463463561e-16 0)
(3 5.513897547e-15 0)
(3 6.978872573e-15 0)
(3 5.343074196e-15 0)
(3 2.333989616e-15 0)
(3 -5.468570114e-15 0)
(3 -7.743991059e-15 0)
(3 -7.694674622e-15 0)
(3 -3.218533705e-15 0)
(3 8.700946646e-17 0)
(3 6.851333187e-17 0)
(3 -2.022702684e-16 0)
(3 1.079000369e-15 0)
(3 1.781813652e-15 0)
(3 1.789238555e-15 0)
(3 1.634129938e-15 0)
(3 -1.089782091e-16 0)
(3 1.189217384e-16 0)
(3 1.849463095e-16 0)
(3 9.39849267e-16 0)
(3 2.750421504e-15 0)
(3 3.501016412e-15 0)
(3 2.499287968e-15 0)
(3 1.373039332e-15 0)
(3 -5.326737355e-16 0)
(3 -6.989036466e-16 0)
(3 1.276836738e-15 0)
(3 3.785018902e-15 0)
(3 7.686484926e-15 0)
(3 1.143302911e-14 0)
(3 1.008451594e-14 0)
(3 9.937819161e-15 0)
(3 9.317512986e-15 0)
(3 9.104609534e-15 0)
(3 7.926951639e-15 0)
(3 4.417033095e-15 0)
(3 1.587669105e-15 0)
(3 -3.78295737e-16 0)
(3 7.445452475e-16 0)
(3 -5.807403358e-15 0)
(3 -6.899719321e-15 0)
(3 -1.238518011e-14 0)
(3 -1.208886857e-14 0)
(3 -1.122536343e-14 0)
(3 -1.380424424e-14 0)
(3 -1.367418219e-14 0)
(3 -1.157338294e-14 0)
(3 -1.05430395e-14 0)
(3 -1.094201201e-14 0)
(3 -7.5713405e-15 0)
(3 -2.959163826e-15 0)
(3 7.016747464e-15 0)
(3 9.80104953e-15 0)
(3 7.039091795e-15 0)
(3 3.33726488e-15 0)
(3 2.961704746e-15 0)
(3 2.657370528e-15 0)
(3 5.667892823e-15 0)
(3 8.133515305e-15 0)
(3 1.309759609e-14 0)
(3 1.319359043e-14 0)
(3 7.732234236e-15 0)
(3 5.367503387e-15 0)
(3 -3.073483453e-16 0)
(3 -4.507825312e-15 0)
(3 -5.548305104e-15 0)
(3 -6.094256767e-15 0)
(3 -4.65209346e-15 0)
(3 -6.242460957e-17 0)
(3 -5.8071334e-16 0)
(3 -2.011222443e-15 0)
(3 -7.004605921e-15 0)
(3 -6.967914568e-15 0)
(3 -4.917563974e-15 0)
(3 -1.387329891e-15 0)
(3 -1.673474071e-15 0)
(3 2.092042742e-16 0)
(3 1.366895493e-15 0)
(3 1.801897288e-15 0)
(3 2.136552245e-15 0)
(3 2.845716341e-15 0)
(3 1.805756917e-15 0)
(3 1.369220297e-15 0)
(3 -5.65190874e-17 0)
(3 -3.007376103e-15 0)
(3 -3.854865302e-15 0)
(3 -3.162499143e-15 0)
(3 -9.518866308e-16 0)
(3 1.111986143e-15 0)
(3 2.084461931e-15 0)
(3 1.861821397e-15 0)
(3 4.698072725e-16 0)
(3 6.304888458e-16 0)
(3 1.128989381e-15 0)
(3 1.761121972e-15 0)
(3 2.895949256e-15 0)
(3 3.481185887e-15 0)
(3 2.35186583e-15 0)
(3 1.539893074e-15 0)
(3 1.094493094e-15 0)
(3 -1.810337634e-15 0)
(3 -3.995166651e-15 0)
(3 -3.945528818e-15 0)
(3 -5.736906733e-15 0)
(3 -6.88521084e-15 0)
(3 -1.154901427e-14 0)
(3 -1.615741603e-14 0)
(3 -1.886549589e-14 0)
(3 -1.641196922e-14 0)
(3 -1.29670257e-14 0)
(3 -8.130370076e-15 0)
(3 -6.153656972e-15 0)
(3 -5.374807111e-15 0)
(3 -2.483927878e-15 0)
(3 -3.397367438e-15 0)
(3 -3.88407089e-15 0)
(3 -9.473958463e-16 0)
(3 1.701403302e-16 0)
(3 5.720500431e-15 0)
(3 7.787540284e-15 0)
(3 8.404230035e-15 0)
(3 8.285031314e-15 0)
(3 4.641264079e-15 0)
(3 -1.144114963e-15 0)
(3 -1.162133195e-15 0)
(3 -2.20804259e-16 0)
(3 3.93038606e-15 0)
(3 4.199226622e-15 0)
(3 -1.119925277e-16 0)
(3 -3.192178721e-15 0)
(3 -5.835743712e-15 0)
(3 -6.458275696e-15 0)
(3 -5.328426409e-15 0)
(3 -5.778176503e-15 0)
(3 -6.347372803e-15 0)
(3 -8.787464424e-15 0)
(3 -1.027495286e-14 0)
(3 -8.191522075e-15 0)
(3 -3.704560026e-15 0)
(3 -1.665600111e-15 0)
(3 3.502169224e-15 0)
(3 5.209038161e-15 0)
(3 2.830556104e-15 0)
(3 -9.806458099e-16 0)
(3 -4.751054983e-16 0)
(3 -5.778510138e-16 0)
(3 -1.087110736e-15 0)
(3 1.051977835e-16 0)
(3 1.08058603e-15 0)
(3 5.044126257e-16 0)
(3 -1.413958132e-15 0)
(3 -3.440491908e-15 0)
(3 -5.016354476e-15 0)
(3 -7.183702258e-15 0)
(3 -7.105257277e-15 0)
(3 -5.394066285e-15 0)
(3 -2.237916201e-15 0)
(3 4.988589809e-16 0)
(3 3.568245505e-15 0)
(3 4.603443588e-15 0)
(3 3.083238251e-15 0)
(3 3.306038622e-15 0)
(3 3.135948042e-15 0)
(3 -8.139112323e-16 0)
(3 7.034451427e-16 0)
(3 9.201215878e-16 0)
(3 1.322958424e-15 0)
(3 -1.758836504e-16 0)
(3 2.62239143e-16 0)
(3 4.614742787e-16 0)
(3 -1.497427022e-15 0)
(3 -5.711972431e-15 0)
(3 -8.96187196e-15 0)
(3 -1.445039861e-14 0)
(3 -1.81907456e-14 0)
(3 -2.235343473e-14 0)
(3 -2.302498579e-14 0)
(3 -2.079750912e-14 0)
(3 -1.572174577e-14 0)
(3 -1.233435895e-14 0)
(3 -8.563468243e-15 0)
(3 -6.00645265e-15 0)
(3 3.292056422e-16 0)
(3 9.123172172e-15 0)
(3 1.232993419e-14 0)
(3 8.369135964e-15 0)
(3 9.254093879e-15 0)
(3 4.173227893e-15 0)
(3 3.766232938e-15 0)
(3 4.921073038e-15 0)
(3 3.807105492e-15 0)
(3 8.317860943e-16 0)
(3 6.48717582e-16 0)
(3 1.411424306e-15 0)
(3 1.94378795e-15 0)
(3 4.456764195e-17 0)
(3 -7.508424343e-15 0)
(3 -8.439467576e-15 0)
(3 -5.414476942e-15 0)
(3 -3.483360119e-15 0)
(3 -2.971282277e-15 0)
(3 -5.131511084e-15 0)
(3 -9.323169108e-15 0)
(3 -8.484437257e-15 0)
(3 -4.322309547e-15 0)
(3 1.614519434e-15 0)
(3 5.342706192e-15 0)
(3 4.625684544e-15 0)
(3 2.797583968e-15 0)
(3 1.430083628e-15 0)
(3 -1.041949977e-15 0)
(3 -5.057500023e-16 0)
(3 -1.306853566e-15 0)
(3 -2.776235012e-15 0)
(3 -2.538709172e-15 0)
(3 -1.303072222e-15 0)
(3 -1.419557805e-15 0)
(3 -1.856500396e-15 0)
(3 -2.246963285e-15 0)
(3 -5.024112065e-15 0)
(3 -8.011140275e-15 0)
(3 -8.920850098e-15 0)
(3 -7.881476301e-15 0)
(3 -6.527319535e-15 0)
(3 -4.279667022e-15 0)
(3 -4.174550833e-16 0)
(3 -1.78003454e-16 0)
(3 -1.78819835e-15 0)
(3 -3.648720767e-16 0)
(3 1.915055104e-16 0)
(3 8.869867949e-17 0)
(3 7.718164078e-16 0)
(3 2.238636326e-15 0)
(3 2.731972147e-15 0)
(3 2.592386362e-15 0)
(3 2.451696878e-15 0)
(3 2.039149233e-15 0)
(3 1.561491324e-15 0)
(3 -1.138819647e-15 0)
(3 -2.144631076e-15 0)
(3 -6.279700024e-15 0)
(3 -7.852121439e-15 0)
(3 -1.060090126e-14 0)
(3 -1.464210703e-14 0)
(3 -1.461447372e-14 0)
(3 -1.062012619e-14 0)
(3 -7.410950289e-15 0)
(3 -6.978548234e-15 0)
(3 -5.8010941e-15 0)
(3 -4.230241217e-15 0)
(3 -2.248806932e-15 0)
(3 1.260747594e-15 0)
(3 1.760741336e-15 0)
(3 1.668916901e-15 0)
(3 1.521109211e-15 0)
(3 2.332055648e-15 0)
(3 4.690296042e-15 0)
(3 4.689792344e-15 0)
(3 3.868900435e-15 0)
(3 4.075050475e-15 0)
(3 4.008230009e-15 0)
(3 3.017864109e-15 0)
(3 2.653939552e-15 0)
(3 7.850308296e-16 0)
(3 9.159788186e-16 0)
(3 2.096978761e-15 0)
(3 2.617801397e-15 0)
(3 1.724402813e-15 0)
(3 -2.467387808e-15 0)
(3 -4.126104481e-15 0)
(3 -4.259369458e-15 0)
(3 -2.902402525e-15 0)
(3 -1.419625822e-15 0)
(3 -3.535692323e-16 0)
(3 -1.073890702e-15 0)
(3 -2.205459358e-15 0)
(3 -1.831134179e-15 0)
)
;

boundaryField
{
    inlet
    {
        type            fixedValue;
        value           uniform (3 0 0);
    }
    outlet
    {
        type            inletOutlet;
        inletValue      nonuniform 0();
        value           nonuniform 0();
    }
    bottom
    {
        type            slip;
    }
    top
    {
        type            slip;
    }
    obstacle
    {
        type            slip;
    }
    defaultFaces
    {
        type            empty;
    }
    procBoundary30to24
    {
        type            processor;
        value           nonuniform List<vector> 
68
(
(3 -2.584122551e-15 0)
(3 -2.821442601e-15 0)
(3 -1.170864414e-15 0)
(3 -5.983571012e-16 0)
(3 5.248801828e-15 0)
(3 1.017838683e-14 0)
(3 1.044775348e-14 0)
(3 1.181495168e-14 0)
(3 8.425181692e-15 0)
(3 2.891210709e-15 0)
(3 -4.998587079e-16 0)
(3 -7.716470205e-16 0)
(3 -3.049973281e-16 0)
(3 5.447478336e-16 0)
(3 1.769148631e-15 0)
(3 2.263180115e-15 0)
(3 1.43792076e-15 0)
(3 3.30422512e-15 0)
(3 2.77950623e-15 0)
(3 1.988017788e-15 0)
(3 -2.360946958e-16 0)
(3 -4.87823568e-15 0)
(3 -4.727110193e-15 0)
(3 -2.518598929e-15 0)
(3 -1.57365722e-15 0)
(3 -8.28771621e-16 0)
(3 -2.188467302e-16 0)
(3 -1.207259978e-15 0)
(3 -3.0266816e-15 0)
(3 -2.398562077e-15 0)
(3 -5.307417942e-15 0)
(3 -6.637812604e-15 0)
(3 -5.236263001e-15 0)
(3 -6.171738753e-15 0)
(3 -5.862352986e-15 0)
(3 -5.685884002e-15 0)
(3 -5.970032614e-15 0)
(3 -5.007774999e-15 0)
(3 -3.89015999e-15 0)
(3 -3.285531509e-15 0)
(3 -2.325450554e-15 0)
(3 3.052000343e-16 0)
(3 2.09414094e-15 0)
(3 4.634868983e-15 0)
(3 3.916462955e-15 0)
(3 2.832652915e-15 0)
(3 1.750156641e-15 0)
(3 1.58216439e-15 0)
(3 2.088052995e-15 0)
(3 1.43482029e-15 0)
(3 -1.432797693e-15 0)
(3 -5.465477472e-15 0)
(3 -1.028255503e-14 0)
(3 -1.14833117e-14 0)
(3 -1.289694371e-14 0)
(3 -1.737197552e-14 0)
(3 -1.870469393e-14 0)
(3 -2.156900024e-14 0)
(3 -1.962838805e-14 0)
(3 -1.642042454e-14 0)
(3 -1.311036736e-14 0)
(3 -1.61781046e-14 0)
(3 -1.575064488e-14 0)
(3 -1.491017192e-14 0)
(3 -1.367926776e-14 0)
(3 -1.161483558e-14 0)
(3 -1.339206435e-14 0)
(3 -1.339206435e-14 0)
)
;
    }
    procBoundary30to25
    {
        type            processor;
        value           uniform (3 -4.949664151e-15 0);
    }
    procBoundary30to31
    {
        type            processor;
        value           nonuniform List<vector> 
33
(
(3 -7.975437642e-15 0)
(3 -9.239068659e-15 0)
(3 -1.164755293e-14 0)
(3 -1.131204946e-14 0)
(3 -1.288018825e-14 0)
(3 -8.599698788e-15 0)
(3 4.995081878e-16 0)
(3 2.395392281e-15 0)
(3 -4.563405953e-15 0)
(3 -9.349534122e-15 0)
(3 -6.157167752e-15 0)
(3 -6.221582695e-15 0)
(3 -8.913557525e-15 0)
(3 -2.732838292e-15 0)
(3 1.083009586e-14 0)
(3 2.224736787e-14 0)
(3 2.452049366e-14 0)
(3 9.964136412e-15 0)
(3 1.040623181e-14 0)
(3 1.716261558e-14 0)
(3 1.296690491e-14 0)
(3 -9.856783636e-16 0)
(3 -9.224602104e-15 0)
(3 -1.244849762e-14 0)
(3 -2.156951583e-16 0)
(3 6.182777565e-15 0)
(3 1.804646334e-15 0)
(3 -3.623656027e-15 0)
(3 -7.10743201e-16 0)
(3 -2.038165139e-15 0)
(3 -4.009643117e-15 0)
(3 -2.784805567e-15 0)
(3 -1.120355901e-15 0)
)
;
    }
}


// ************************************************************************* //
