/*--------------------------------*- C++ -*----------------------------------*\
  =========                 |
  \\      /  F ield         | OpenFOAM: The Open Source CFD Toolbox
   \\    /   O peration     | Website:  https://openfoam.org
    \\  /    A nd           | Version:  7
     \\/     M anipulation  |
\*---------------------------------------------------------------------------*/
FoamFile
{
    version     2.0;
    format      ascii;
    class       volVectorField;
    location    "1.7";
    object      U;
}
// * * * * * * * * * * * * * * * * * * * * * * * * * * * * * * * * * * * * * //

dimensions      [0 1 -1 0 0 0 0];

internalField   nonuniform List<vector> 
2225
(
(2.514915876 0.5521628777 0)
(2.506894079 0.5431950639 0)
(2.494080455 0.5348035774 0)
(2.48173585 0.5227739749 0)
(2.468869322 0.5116668176 0)
(2.455369027 0.5011366022 0)
(2.439856872 0.4936014516 0)
(2.424099286 0.4842451036 0)
(2.405949858 0.4802201236 0)
(2.38988185 0.4732344207 0)
(2.375259816 0.4689360077 0)
(2.365897557 0.4631264506 0)
(2.360559614 0.4608761413 0)
(2.361845732 0.4564294083 0)
(2.366809225 0.45231771 0)
(2.382851376 0.4425486699 0)
(2.550803538 0.6419395638 0)
(2.531987592 0.6419135806 0)
(2.508075945 0.6533476251 0)
(2.493327154 0.6594464595 0)
(2.49894816 0.6476073309 0)
(2.517533226 0.6347338403 0)
(2.532882434 0.6180442311 0)
(2.540216395 0.6043088603 0)
(2.540838628 0.5971744231 0)
(2.530185947 0.6020703517 0)
(2.513289312 0.610481258 0)
(2.507542672 0.6049497242 0)
(2.514534022 0.5890791913 0)
(2.523275436 0.5741784085 0)
(2.530127724 0.5648794555 0)
(2.533475812 0.559605944 0)
(2.531298778 0.5573311965 0)
(2.525428136 0.5509214045 0)
(2.517273764 0.5442266753 0)
(2.512206468 0.5327865179 0)
(2.506916849 0.5231840583 0)
(2.500144326 0.5144114708 0)
(2.489491626 0.5092006424 0)
(2.475918756 0.5020111941 0)
(2.457671032 0.4977544083 0)
(2.43892842 0.4883390452 0)
(2.418717931 0.4826028199 0)
(2.401561991 0.471952879 0)
(2.38722125 0.4613269376 0)
(2.378466796 0.4527491975 0)
(2.375080779 0.4433211654 0)
(2.381481234 0.4359916327 0)
(2.546217797 0.6528031969 0)
(2.517017 0.6600158313 0)
(2.499282322 0.6631545679 0)
(2.498158322 0.6552627841 0)
(2.51638738 0.6441173417 0)
(2.535570297 0.6296441847 0)
(2.546249595 0.6130379663 0)
(2.549653458 0.6004673209 0)
(2.542345194 0.6008462667 0)
(2.524750523 0.6110491558 0)
(2.510094483 0.6143981091 0)
(2.512910398 0.6015548083 0)
(2.525275183 0.5837847156 0)
(2.534789218 0.5700891458 0)
(2.540999578 0.5628874796 0)
(2.542577437 0.5614443752 0)
(2.538263971 0.5629923518 0)
(2.533020887 0.5594429268 0)
(2.530600368 0.5515417549 0)
(2.532624274 0.5401536433 0)
(2.534202454 0.5314585024 0)
(2.53328924 0.5256435902 0)
(2.52778257 0.5226922296 0)
(2.517841435 0.5178439614 0)
(2.502272558 0.5141889571 0)
(2.485182628 0.5048448837 0)
(2.465999664 0.495921348 0)
(2.447721409 0.4835717848 0)
(2.429833293 0.4733794983 0)
(2.41505531 0.4628572149 0)
(2.404702238 0.4536460274 0)
(2.39699446 0.4460781291 0)
(2.52277328 0.664204903 0)
(2.500575961 0.6658840093 0)
(2.500425972 0.6607806657 0)
(2.511760591 0.6503508261 0)
(2.535008475 0.6388246823 0)
(2.550483293 0.6228656255 0)
(2.556568611 0.607802464 0)
(2.552316924 0.6019698124 0)
(2.537013876 0.6092076102 0)
(2.519302842 0.6191462457 0)
(2.512438875 0.613865282 0)
(2.524402669 0.5964413521 0)
(2.537362963 0.5796629065 0)
(2.545120579 0.5689867798 0)
(2.548804454 0.5649429799 0)
(2.546583962 0.5675645067 0)
(2.538790782 0.5718400815 0)
(2.536046126 0.5673940849 0)
(2.54016878 0.5573339314 0)
(2.547371337 0.5463418187 0)
(2.552640265 0.5398010256 0)
(2.554942265 0.5364307268 0)
(2.552288291 0.5354855154 0)
(2.544857499 0.5323902866 0)
(2.532874515 0.5281951647 0)
(2.520883752 0.5173060712 0)
(2.507118143 0.5071562858 0)
(2.493375929 0.494059736 0)
(2.478189977 0.4819730338 0)
(2.462746674 0.4715028392 0)
(2.449412422 0.461597942 0)
(2.431103096 0.4506327931 0)
(2.495956011 0.6750804261 0)
(2.495889381 0.6689468207 0)
(2.512314833 0.6588159089 0)
(2.530806935 0.6441572991 0)
(2.551178282 0.6286607194 0)
(2.56202165 0.6153085854 0)
(2.561215812 0.6084025534 0)
(2.548341152 0.6094131486 0)
(2.529784907 0.6207964411 0)
(2.518402042 0.6230485685 0)
(2.522597875 0.6102471132 0)
(2.538746243 0.5937499522 0)
(2.548633223 0.5803865938 0)
(2.554377753 0.5715982944 0)
(2.554908428 0.5706947264 0)
(2.547725963 0.5774030678 0)
(2.538133407 0.5812402783 0)
(2.540329354 0.5738758014 0)
(2.549799668 0.5629108362 0)
(2.558969484 0.5530271963 0)
(2.565069282 0.5477055515 0)
(2.567576475 0.5458581043 0)
(2.564762365 0.5458967853 0)
(2.558169906 0.5431980658 0)
(2.550048294 0.5374616058 0)
(2.544443154 0.5253605383 0)
(2.538242495 0.513530737 0)
(2.531117338 0.5012392763 0)
(2.521113743 0.4905250158 0)
(2.508811084 0.4815010556 0)
(2.496148346 0.4729768549 0)
(2.473765178 0.4638203581 0)
(2.479077274 0.6762109508 0)
(2.496272928 0.6614748116 0)
(2.531969717 0.64276601 0)
(2.550758056 0.6309695157 0)
(2.565929411 0.6228182246 0)
(2.567312453 0.6176850392 0)
(2.556541193 0.6159966967 0)
(2.538040388 0.6238503338 0)
(2.523657799 0.6317978609 0)
(2.523443798 0.62416361 0)
(2.537586077 0.6098099056 0)
(2.551636725 0.5947713802 0)
(2.558532511 0.5836469421 0)
(2.561858181 0.5779790626 0)
(2.557127125 0.5828563694 0)
(2.545409124 0.5922112423 0)
(2.539238589 0.5913924899 0)
(2.548630399 0.5807556403 0)
(2.559851264 0.5690242351 0)
(2.568397425 0.5596680195 0)
(2.573220793 0.5548513744 0)
(2.573091309 0.5539904077 0)
(2.567860049 0.554601174 0)
(2.562054473 0.5509119283 0)
(2.559102926 0.5418975667 0)
(2.559963767 0.5279925766 0)
(2.560022242 0.5166375717 0)
(2.558460075 0.5063844238 0)
(2.553433672 0.4977470403 0)
(2.544985744 0.4919891498 0)
(2.535174635 0.4854797335 0)
(2.515864513 0.4767049462 0)
(2.476333483 0.6679004442 0)
(2.522413632 0.6449221517 0)
(2.549977466 0.6290751637 0)
(2.568658741 0.6267809044 0)
(2.574281474 0.6255899248 0)
(2.567530081 0.6253719668 0)
(2.547676595 0.6299868318 0)
(2.52730042 0.6394815925 0)
(2.523550352 0.6357500563 0)
(2.535851522 0.6224278626 0)
(2.551749919 0.6100198324 0)
(2.561174643 0.597937707 0)
(2.566681013 0.5901792298 0)
(2.565952066 0.5900104154 0)
(2.555688949 0.6000764314 0)
(2.544075264 0.6066538785 0)
(2.546131744 0.6000834291 0)
(2.559590226 0.5867780734 0)
(2.569727451 0.5736786836 0)
(2.57632969 0.564431877 0)
(2.577963381 0.5596861093 0)
(2.573554883 0.5602411116 0)
(2.566054868 0.5609602138 0)
(2.56299927 0.5543642661 0)
(2.565730339 0.5418258874 0)
(2.571243768 0.5277502569 0)
(2.575081453 0.5179409084 0)
(2.576367714 0.5107028441 0)
(2.574196781 0.5049653781 0)
(2.568498798 0.5024616036 0)
(2.562167822 0.4976324216 0)
(2.549973082 0.4898974523 0)
(2.513758315 0.6561128055 0)
(2.553051675 0.6300038422 0)
(2.569372221 0.6283611724 0)
(2.577585516 0.6329655664 0)
(2.568446122 0.6384813373 0)
(2.547719223 0.6449342082 0)
(2.526889957 0.6509498137 0)
(2.519993507 0.6482710992 0)
(2.531598757 0.6367804451 0)
(2.548068067 0.6268699309 0)
(2.562280368 0.6144117577 0)
(2.569045265 0.60592931 0)
(2.572438216 0.6009095485 0)
(2.56527555 0.6069603667 0)
(2.55189868 0.6187728979 0)
(2.546662844 0.6184400026 0)
(2.557236361 0.6055999988 0)
(2.570798252 0.5885350321 0)
(2.578639029 0.5753040785 0)
(2.582034906 0.5664902201 0)
(2.579258449 0.5634404362 0)
(2.570714004 0.5662988062 0)
(2.563387337 0.5652332759 0)
(2.565155925 0.5543511995 0)
(2.572734076 0.5395761783 0)
(2.580513635 0.5267745509 0)
(2.585361994 0.5201655871 0)
(2.586869801 0.5163403676 0)
(2.585322765 0.5133693588 0)
(2.58041789 0.5139214351 0)
(2.577931756 0.5092721659 0)
(2.574293883 0.5014186033 0)
(2.557928911 0.6377760597 0)
(2.569885577 0.6263867751 0)
(2.577702493 0.6278181369 0)
(2.573046389 0.6400726761 0)
(2.547134207 0.657427233 0)
(2.520731268 0.6635899032 0)
(2.512988462 0.6610623524 0)
(2.522581534 0.6521784037 0)
(2.540885559 0.6428211935 0)
(2.560308642 0.6312376834 0)
(2.56989489 0.6211156419 0)
(2.575902547 0.6133335099 0)
(2.572604322 0.613920764 0)
(2.559863945 0.6254634472 0)
(2.548894639 0.6316249615 0)
(2.554078137 0.6220536183 0)
(2.568663966 0.6051620433 0)
(2.580019909 0.5879127968 0)
(2.585330896 0.5750025848 0)
(2.584961897 0.5674442123 0)
(2.577956922 0.5681481068 0)
(2.567157438 0.5719978211 0)
(2.563186915 0.5669123036 0)
(2.570588335 0.5523834751 0)
(2.580759709 0.5377030668 0)
(2.588418711 0.5277470474 0)
(2.59237202 0.5245735388 0)
(2.592261151 0.5240488841 0)
(2.589453554 0.5242140736 0)
(2.584625472 0.5257107923 0)
(2.586872458 0.5196204282 0)
(2.590641972 0.5108934034 0)
(2.587700951 0.6170232881 0)
(2.576205586 0.6191460801 0)
(2.571066464 0.6298558229 0)
(2.550205806 0.6567067408 0)
(2.517789859 0.6704849738 0)
(2.505674397 0.6678241355 0)
(2.511590472 0.6631123476 0)
(2.530896981 0.6536885001 0)
(2.553060749 0.6403242262 0)
(2.567575385 0.629258861 0)
(2.575579097 0.6214838457 0)
(2.575452788 0.6196442141 0)
(2.566073796 0.6274898871 0)
(2.552637524 0.6354022806 0)
(2.549865458 0.631912055 0)
(2.563487026 0.6189482091 0)
(2.577552891 0.6020777656 0)
(2.586209105 0.5855804836 0)
(2.588936016 0.5735018684 0)
(2.584707167 0.5705340009 0)
(2.574274586 0.5751801736 0)
(2.564776567 0.5769873284 0)
(2.567429903 0.5664915483 0)
(2.579497253 0.5503416901 0)
(2.589285879 0.5378245912 0)
(2.595318509 0.5311775064 0)
(2.597136426 0.5314755507 0)
(2.594182426 0.5342275489 0)
(2.589557939 0.5364569434 0)
(2.586504164 0.5360087364 0)
(2.593579285 0.527802446 0)
(2.601756521 0.5173897568 0)
(2.662455232 0.5520421665 0)
(2.568474763 0.6201671129 0)
(2.547084962 0.6491625714 0)
(2.512611918 0.6762426551 0)
(2.496223992 0.6773628837 0)
(2.500697245 0.6713300601 0)
(2.51876238 0.6608228834 0)
(2.548705534 0.6450719733 0)
(2.562277006 0.6341291617 0)
(2.571961296 0.6258052951 0)
(2.574940512 0.6216642763 0)
(2.569549794 0.6241332454 0)
(2.557398912 0.6335387616 0)
(2.548400856 0.6357586074 0)
(2.555545939 0.6269263061 0)
(2.571908094 0.6132101741 0)
(2.582803682 0.5971975194 0)
(2.588860309 0.5825701653 0)
(2.588609451 0.5747822613 0)
(2.581000635 0.5770713405 0)
(2.570491667 0.5825178498 0)
(2.56623456 0.5790599587 0)
(2.576720819 0.5653337506 0)
(2.589622207 0.5511220557 0)
(2.597278456 0.5417837047 0)
(2.601026833 0.5380115309 0)
(2.599553537 0.5417466651 0)
(2.593518018 0.5464090223 0)
(2.588869121 0.5478142167 0)
(2.590148746 0.5436139583 0)
(2.600320552 0.5325058865 0)
(2.609439387 0.520223915 0)
(2.755573939 0.3937970733 0)
(2.614275365 0.5596122901 0)
(2.53779898 0.6362794516 0)
(2.504852797 0.6813185827 0)
(2.500453491 0.6801178549 0)
(2.507475987 0.6668289801 0)
(2.539461656 0.6489923386 0)
(2.556431726 0.6360809458 0)
(2.567282141 0.6299774967 0)
(2.571936382 0.6263892642 0)
(2.567581482 0.625269759 0)
(2.555887484 0.6308305938 0)
(2.546111882 0.6353022551 0)
(2.548105062 0.630353271 0)
(2.563774038 0.6201671095 0)
(2.577108909 0.6061390796 0)
(2.585027899 0.5928481302 0)
(2.588566747 0.5822876126 0)
(2.585266318 0.5796360393 0)
(2.576032797 0.585821469 0)
(2.568853823 0.5881306254 0)
(2.57305829 0.5791355172 0)
(2.588640569 0.5664080543 0)
(2.599025294 0.5549231099 0)
(2.604334044 0.5485162466 0)
(2.605211356 0.5478849916 0)
(2.599260502 0.5546550978 0)
(2.591947784 0.5584649964 0)
(2.590298462 0.5560890111 0)
(2.596378858 0.547131719 0)
(2.607252978 0.5334343994 0)
(2.614647016 0.5207828189 0)
(2.981814884 -0.06926308771 0)
(2.75638316 0.3654473768 0)
(2.5256006 0.6535221791 0)
(2.514549255 0.6974696121 0)
(2.509428773 0.6790579692 0)
(2.532925807 0.6525778323 0)
(2.54967902 0.6337772049 0)
(2.562564157 0.6309709186 0)
(2.569049911 0.6303725304 0)
(2.563692504 0.6302117152 0)
(2.550109388 0.632984266 0)
(2.540588594 0.6364842253 0)
(2.540425436 0.6335784858 0)
(2.553331766 0.6250651614 0)
(2.569878744 0.6133182951 0)
(2.579333494 0.602139145 0)
(2.584907972 0.5925708695 0)
(2.585203785 0.5860061598 0)
(2.578947214 0.5887888207 0)
(2.570703551 0.595201239 0)
(2.571193077 0.5914538526 0)
(2.584327572 0.5811112769 0)
(2.598819073 0.5697891788 0)
(2.606036332 0.5610358042 0)
(2.609140437 0.5569240987 0)
(2.606201975 0.5602351936 0)
(2.596606287 0.5681277224 0)
(2.591776999 0.5678596876 0)
(2.594887891 0.5601793696 0)
(2.604177669 0.5465513192 0)
(2.61410947 0.5320571326 0)
(2.618092409 0.5208365024 0)
(3.074677417 -0.2728757246 0)
(2.972629589 0.006969803935 0)
(2.613351162 0.5378454878 0)
(2.562945666 0.6541916886 0)
(2.541294614 0.6451879244 0)
(2.545708852 0.639575225 0)
(2.552345423 0.6294099685 0)
(2.562242264 0.628527461 0)
(2.559747961 0.63364335 0)
(2.544372495 0.6398928383 0)
(2.533886911 0.6434259481 0)
(2.534142989 0.6407851889 0)
(2.541318905 0.6312823019 0)
(2.559493774 0.6199762215 0)
(2.572290842 0.6095113655 0)
(2.579085016 0.6024208536 0)
(2.581927953 0.595850831 0)
(2.578268022 0.5937531479 0)
(2.570567727 0.6004611681 0)
(2.568283098 0.6020971038 0)
(2.578538874 0.5947769234 0)
(2.593697547 0.5862931319 0)
(2.60459658 0.5756277296 0)
(2.60910629 0.5689987044 0)
(2.608969438 0.5675796165 0)
(2.601655958 0.57451159 0)
(2.593071791 0.5790903703 0)
(2.594609954 0.5725850969 0)
(2.602013153 0.5596423298 0)
(2.612496792 0.5433170678 0)
(2.620423298 0.5302897292 0)
(2.62018307 0.5218583885 0)
(3.083385008 -0.2965443623 0)
(3.073259873 -0.2579901366 0)
(2.834546136 0.1846185468 0)
(2.681216752 0.5045183626 0)
(2.561814256 0.6628460867 0)
(2.546793521 0.6482754739 0)
(2.545893691 0.63174305 0)
(2.544813475 0.6300555596 0)
(2.542417159 0.6403255138 0)
(2.532832853 0.650120648 0)
(2.529518579 0.6499517841 0)
(2.534883775 0.6434097953 0)
(2.5466018 0.6293423642 0)
(2.562374779 0.6177051826 0)
(2.570877799 0.6114084455 0)
(2.575667249 0.6070411772 0)
(2.574792948 0.6038029842 0)
(2.568766729 0.6068324116 0)
(2.564154691 0.6113804894 0)
(2.570845111 0.6074995155 0)
(2.585664033 0.6012745263 0)
(2.598897579 0.5927823511 0)
(2.605627888 0.584642967 0)
(2.607803214 0.579462306 0)
(2.60389856 0.5807363267 0)
(2.595391664 0.5861244785 0)
(2.592613604 0.5838703571 0)
(2.600202134 0.5714651197 0)
(2.610066916 0.5561486092 0)
(2.620195216 0.5399163666 0)
(2.62516493 0.5299595404 0)
(2.620637226 0.5247771255 0)
(3.083778855 -0.2963821268 0)
(3.083114361 -0.2942492676 0)
(3.050357327 -0.2096146362 0)
(2.837224423 0.2760949735 0)
(2.650544566 0.5981248782 0)
(2.570488583 0.6260009576 0)
(2.548297986 0.6216796174 0)
(2.538881245 0.6291128472 0)
(2.534176132 0.6494400827 0)
(2.529406522 0.6562867638 0)
(2.530847549 0.6540473413 0)
(2.541179587 0.6449059206 0)
(2.551532202 0.6308128406 0)
(2.561133652 0.6218650621 0)
(2.567914608 0.6175756552 0)
(2.569489167 0.6171338802 0)
(2.564898306 0.6184085791 0)
(2.559926463 0.6214107805 0)
(2.563037818 0.6189076558 0)
(2.575647332 0.6132854131 0)
(2.58962569 0.6069757089 0)
(2.599456519 0.5986523831 0)
(2.604506948 0.5906863241 0)
(2.603495298 0.5860327823 0)
(2.596759472 0.5889607484 0)
(2.590566302 0.5899650308 0)
(2.595153844 0.5820657988 0)
(2.606577135 0.5675648515 0)
(2.617222938 0.5526526068 0)
(2.625402614 0.5381986767 0)
(2.626412174 0.5329203396 0)
(2.618980632 0.5304114455 0)
(3.08258491 -0.2942688331 0)
(3.083160033 -0.2948345904 0)
(3.081949115 -0.2892808302 0)
(3.02893589 -0.1503789731 0)
(2.851681601 0.2727724814 0)
(2.651441804 0.5704736034 0)
(2.541901 0.6430413967 0)
(2.531800301 0.6424583336 0)
(2.528515063 0.6598185583 0)
(2.529831454 0.6620195352 0)
(2.535644552 0.6550760277 0)
(2.547408291 0.6436703544 0)
(2.553091677 0.6348115788 0)
(2.560256042 0.6281959526 0)
(2.56402309 0.6241528358 0)
(2.560447154 0.6251620496 0)
(2.555565045 0.6275049667 0)
(2.557260298 0.6259295723 0)
(2.566624131 0.6220864077 0)
(2.578970719 0.6159892863 0)
(2.589999271 0.607818818 0)
(2.597666666 0.5986626301 0)
(2.600551301 0.5908404616 0)
(2.596526459 0.5888355613 0)
(2.588954057 0.5921166628 0)
(2.588523041 0.5889748012 0)
(2.599220614 0.5775548872 0)
(2.611858873 0.5631330745 0)
(2.621124232 0.5507807409 0)
(2.626100787 0.5398033046 0)
(2.623021405 0.5398085345 0)
(2.616030262 0.5382302985 0)
(3.081974965 -0.2923843894 0)
(3.082785137 -0.294897842 0)
(3.083476989 -0.2940652931 0)
(3.079564496 -0.2818936885 0)
(3.054242156 -0.1513322459 0)
(2.729658969 0.4479437241 0)
(2.62214217 0.5651948963 0)
(2.55277862 0.6180977393 0)
(2.538965189 0.6550806409 0)
(2.538825958 0.6605953685 0)
(2.541968069 0.6550190163 0)
(2.547840852 0.6459979739 0)
(2.55358752 0.6377199282 0)
(2.558514852 0.6308296433 0)
(2.557514767 0.6295973619 0)
(2.552968692 0.6318880701 0)
(2.552106058 0.6302443149 0)
(2.559498191 0.6267421374 0)
(2.570137008 0.6215277836 0)
(2.580078145 0.613487828 0)
(2.588454051 0.604852833 0)
(2.594206707 0.5969898398 0)
(2.59418406 0.5920988344 0)
(2.588016618 0.5927767026 0)
(2.582901032 0.5925550224 0)
(2.58957516 0.5848685598 0)
(2.603417346 0.5723728152 0)
(2.6137748 0.5609091438 0)
(2.620135826 0.5521607281 0)
(2.621580954 0.5456383294 0)
(2.615817795 0.5498720171 0)
(2.613668201 0.5472886878 0)
(3.081698098 -0.2887298168 0)
(3.081760572 -0.2893267176 0)
(3.082551582 -0.290131052 0)
(3.082546634 -0.2910842772 0)
(3.080347932 -0.2803607389 0)
(2.964122127 -0.03407444684 0)
(2.785916332 0.3513503973 0)
(2.566532473 0.629892231 0)
(2.549469591 0.6870023812 0)
(2.539702914 0.6691278059 0)
(2.542685922 0.6488001668 0)
(2.547066234 0.6410692978 0)
(2.552901112 0.6361170805 0)
(2.554729026 0.634338965 0)
(2.552646978 0.6359355561 0)
(2.550445683 0.6364018554 0)
(2.553248412 0.631426744 0)
(2.562535162 0.6261507383 0)
(2.572068481 0.6182371976 0)
(2.579702577 0.6101487275 0)
(2.586208322 0.6028255195 0)
(2.588695411 0.5970977289 0)
(2.584563206 0.5952388946 0)
(2.579696354 0.5949676156 0)
(2.580665355 0.5906085514 0)
(2.592585866 0.5806357936 0)
(2.604542524 0.5697745056 0)
(2.611643061 0.5618765925 0)
(2.616078189 0.5560043727 0)
(2.615087676 0.554140215 0)
(2.608759522 0.5592009751 0)
(2.613923843 0.5550398802 0)
(3.079314156 -0.278597208 0)
(3.080037516 -0.2846070173 0)
(3.08109756 -0.2857003256 0)
(3.082685031 -0.2906097902 0)
(3.08223659 -0.2903765955 0)
(3.070016837 -0.2585958287 0)
(3.003039359 -0.01276929739 0)
(2.64672404 0.5277537649 0)
(2.594278258 0.6386224029 0)
(2.552613465 0.6455688642 0)
(2.551246723 0.6447547143 0)
(2.550510172 0.6380134787 0)
(2.5523029 0.6348864495 0)
(2.552819698 0.6366639602 0)
(2.551229251 0.6402452845 0)
(2.550646324 0.6402140414 0)
(2.555697718 0.6338256265 0)
(2.564695672 0.626295058 0)
(2.57251917 0.6163839228 0)
(2.577920612 0.6085133659 0)
(2.58146763 0.6026123833 0)
(2.579431815 0.5999326345 0)
(2.574901985 0.5998140763 0)
(2.575091632 0.5967071229 0)
(2.581445677 0.5884673479 0)
(2.594146525 0.5782052471 0)
(2.602648734 0.5702826007 0)
(2.607952844 0.5650207476 0)
(2.610871963 0.5615628758 0)
(2.607483307 0.564297923 0)
(2.60402738 0.5669682903 0)
(2.616548769 0.5617009158 0)
(3.078970785 -0.2730061093 0)
(3.080058809 -0.2798781205 0)
(3.079893307 -0.2827970488 0)
(3.081251996 -0.284453152 0)
(3.081676369 -0.2857281778 0)
(3.081048814 -0.2862372558 0)
(3.074043991 -0.2527737743 0)
(2.856657719 0.1575464314 0)
(2.703137226 0.465311948 0)
(2.57379949 0.6660748188 0)
(2.55390205 0.6623244043 0)
(2.546781859 0.6444358167 0)
(2.548261014 0.6348661684 0)
(2.55021433 0.6358362212 0)
(2.551667869 0.6396059515 0)
(2.552915439 0.6401025397 0)
(2.558317215 0.634312905 0)
(2.56608617 0.625920445 0)
(2.571640875 0.6156130558 0)
(2.574794446 0.6085312307 0)
(2.574833295 0.6056814365 0)
(2.57160088 0.6062024867 0)
(2.570288885 0.6048189287 0)
(2.574586774 0.5978330744 0)
(2.583946071 0.5879552414 0)
(2.593787696 0.5794919616 0)
(2.600130672 0.5736557029 0)
(2.603973787 0.5699914181 0)
(2.604719394 0.5701706885 0)
(2.599898199 0.5745271889 0)
(2.603669888 0.5740222724 0)
(2.619742808 0.5670866185 0)
(3.07547031 -0.2598857815 0)
(3.075347893 -0.2639323181 0)
(3.07711513 -0.2718552141 0)
(3.07803593 -0.275373308 0)
(3.079129223 -0.2769141268 0)
(3.081098421 -0.2849042675 0)
(3.080350486 -0.2838777636 0)
(3.044362174 -0.2009772067 0)
(2.891493781 0.1968079004 0)
(2.609820526 0.6526463261 0)
(2.580502506 0.6506079324 0)
(2.553022082 0.6268578996 0)
(2.552600758 0.629047364 0)
(2.552469583 0.6374009042 0)
(2.551327457 0.6439462974 0)
(2.552317951 0.6427729173 0)
(2.558510262 0.6357067327 0)
(2.56529936 0.6262021308 0)
(2.568847924 0.6166593956 0)
(2.570640488 0.6110941947 0)
(2.569772652 0.6114066578 0)
(2.567702331 0.612218405 0)
(2.569771781 0.6077047794 0)
(2.577343656 0.5995099765 0)
(2.586113837 0.591160923 0)
(2.592621918 0.5846402188 0)
(2.59758405 0.5799945931 0)
(2.599431607 0.5784833965 0)
(2.598121048 0.5823011378 0)
(2.59532925 0.5837293101 0)
(2.606114012 0.5796679863 0)
(2.621816283 0.5683656605 0)
(3.073266649 -0.2553645388 0)
(3.075181507 -0.2583135664 0)
(3.077047938 -0.2656721335 0)
(3.07712806 -0.272114045 0)
(3.077876046 -0.2733319604 0)
(3.080210606 -0.2785626853 0)
(3.080121552 -0.2799766015 0)
(3.078136699 -0.2758837265 0)
(3.04468193 -0.1653650836 0)
(2.793082084 0.3286883998 0)
(2.680489866 0.5382013951 0)
(2.56973448 0.6322054882 0)
(2.554234183 0.644566534 0)
(2.551462575 0.6442873094 0)
(2.551126227 0.6449415237 0)
(2.552556412 0.643069482 0)
(2.55754284 0.6366884307 0)
(2.563074455 0.627957706 0)
(2.566397983 0.6191192044 0)
(2.567244997 0.6149952073 0)
(2.566128078 0.6163026982 0)
(2.566822664 0.6150112312 0)
(2.572784481 0.6094647053 0)
(2.580976073 0.603512562 0)
(2.586716347 0.5976805751 0)
(2.591634243 0.5927961835 0)
(2.595240025 0.589344545 0)
(2.595615442 0.5905945327 0)
(2.593216242 0.5933174521 0)
(2.595661571 0.5890519058 0)
(2.609096285 0.5787471159 0)
(2.621125693 0.5660783669 0)
(3.071418004 -0.2468214301 0)
(3.072884414 -0.2483705116 0)
(3.073070263 -0.2489933845 0)
(3.073975835 -0.2574005733 0)
(3.074616727 -0.2622417273 0)
(3.076173673 -0.2641211604 0)
(3.078117997 -0.2716686741 0)
(3.078315725 -0.2748593391 0)
(3.075884257 -0.2675320461 0)
(3.013414724 -0.1079161554 0)
(2.81323471 0.3572520795 0)
(2.595494837 0.6570436075 0)
(2.564969018 0.6356195496 0)
(2.55659928 0.6361220569 0)
(2.556941982 0.6409346837 0)
(2.557172156 0.6446700161 0)
(2.559593914 0.6387007497 0)
(2.562542463 0.6308699936 0)
(2.564433355 0.6237416 0)
(2.564508593 0.6211116749 0)
(2.564843258 0.6208614693 0)
(2.568196176 0.6174727933 0)
(2.576186879 0.6126569692 0)
(2.582599623 0.6082522944 0)
(2.587047585 0.6045249156 0)
(2.591535668 0.6003905009 0)
(2.593883225 0.5980981041 0)
(2.59250791 0.5988638831 0)
(2.591072628 0.5965553622 0)
(2.597971816 0.5877277051 0)
(2.610310922 0.5756127885 0)
(2.618956464 0.565155215 0)
(3.068068299 -0.2317238126 0)
(3.069393827 -0.2390843014 0)
(3.071115567 -0.2415746417 0)
(3.073015159 -0.2478208124 0)
(3.074135599 -0.2569762068 0)
(3.074538044 -0.2608357705 0)
(3.076430779 -0.2630375297 0)
(3.078273063 -0.2719547601 0)
(3.078166284 -0.2708854927 0)
(3.073761026 -0.2559212058 0)
(3.002037657 -0.05929829131 0)
(2.745912918 0.4111372397 0)
(2.625433636 0.5590813693 0)
(2.572191559 0.6249249063 0)
(2.557952627 0.6579391643 0)
(2.555127688 0.6530127011 0)
(2.559557571 0.6422913564 0)
(2.56223965 0.6335994886 0)
(2.564347077 0.6293197173 0)
(2.564138544 0.628513085 0)
(2.566004072 0.6265247306 0)
(2.571002474 0.6217857472 0)
(2.577953748 0.6159457038 0)
(2.583056634 0.6114501575 0)
(2.587335244 0.6077715831 0)
(2.59036337 0.6040175408 0)
(2.590207187 0.6024439595 0)
(2.588480721 0.6019672223 0)
(2.590571676 0.5960609625 0)
(2.601451148 0.5848888175 0)
(2.610729563 0.5737662636 0)
(2.615556631 0.5656256308 0)
(3.066607789 -0.2214157849 0)
(3.067877895 -0.2304752909 0)
(3.068884263 -0.2353475304 0)
(3.070602074 -0.2360164375 0)
(3.071275065 -0.2417791831 0)
(3.071957887 -0.2494620539 0)
(3.072852372 -0.2507570647 0)
(3.07455568 -0.2548636096 0)
(3.076097843 -0.2631590104 0)
(3.075902807 -0.2647344708 0)
(3.067886884 -0.2412506029 0)
(2.962873045 0.001395969054 0)
(2.755378378 0.4122907182 0)
(2.562280517 0.6834263868 0)
(2.540864834 0.6632081016 0)
(2.546691488 0.6470095097 0)
(2.559012986 0.6364406373 0)
(2.565455001 0.636744445 0)
(2.570574625 0.6338635834 0)
(2.568315776 0.6339487507 0)
(2.569716438 0.6302347631 0)
(2.574810129 0.6241047898 0)
(2.579421018 0.6179595175 0)
(2.583220253 0.6129884971 0)
(2.586681504 0.6090209242 0)
(2.588719417 0.6060136407 0)
(2.58818445 0.6058836426 0)
(2.58734033 0.6037914053 0)
(2.592794702 0.594797767 0)
(2.603692063 0.5819785144 0)
(2.609190011 0.5735714706 0)
(2.611487832 0.5675690764 0)
(3.063042963 -0.2063467887 0)
(3.063643136 -0.2132049059 0)
(3.065327915 -0.222396506 0)
(3.067025562 -0.2262325788 0)
(3.068284379 -0.2287374919 0)
(3.070597633 -0.238861186 0)
(3.071004214 -0.245402424 0)
(3.072660971 -0.2492304726 0)
(3.074863093 -0.2538781829 0)
(3.075731126 -0.2635289952 0)
(3.075343565 -0.2623251435 0)
(3.064908673 -0.2280558375 0)
(2.93578588 0.08315913221 0)
(2.683325145 0.5080960841 0)
(2.586556602 0.5890578328 0)
(2.570259368 0.633548133 0)
(2.566895313 0.6443159522 0)
(2.567709578 0.6447839283 0)
(2.568673893 0.6419005764 0)
(2.569455178 0.6380305271 0)
(2.570540986 0.6347374104 0)
(2.572964012 0.6298189377 0)
(2.577415156 0.6224106008 0)
(2.581971159 0.6148588539 0)
(2.5857186 0.6095324317 0)
(2.587701502 0.6072192182 0)
(2.587170861 0.6077053924 0)
(2.587533139 0.6037326436 0)
(2.595545066 0.5932815189 0)
(2.603176093 0.5810293567 0)
(2.606186044 0.5750033792 0)
(2.607446074 0.57024784 0)
(3.060742229 -0.1993190859 0)
(3.062369277 -0.2038517211 0)
(3.063949112 -0.2126348771 0)
(3.064802155 -0.2198480576 0)
(3.066591171 -0.2228203262 0)
(3.068005542 -0.2257478632 0)
(3.069358666 -0.2349978221 0)
(3.069874836 -0.238853352 0)
(3.071146543 -0.240084112 0)
(3.072819675 -0.2470195588 0)
(3.073671479 -0.2539159932 0)
(3.073402486 -0.2542643342 0)
(3.056250745 -0.205319147 0)
(2.841425094 0.2102881438 0)
(2.677872963 0.5031155091 0)
(2.578625706 0.670623235 0)
(2.564458735 0.6552252654 0)
(2.563522445 0.6410468794 0)
(2.564971821 0.6395938896 0)
(2.567505525 0.6395702426 0)
(2.570646755 0.6372420366 0)
(2.573836113 0.6311363778 0)
(2.578023319 0.6223017332 0)
(2.581651703 0.6149525014 0)
(2.583968639 0.6110385745 0)
(2.585042794 0.6101593717 0)
(2.585477048 0.6098441913 0)
(2.588076184 0.6040764678 0)
(2.59571968 0.5935468707 0)
(2.600616339 0.5828744333 0)
(2.602129648 0.578562775 0)
(2.603874431 0.5740284662 0)
(3.057744289 -0.1900701228 0)
(3.059648071 -0.1927198946 0)
(3.060106064 -0.1966269953 0)
(3.061545625 -0.2057099896 0)
(3.062883222 -0.211792678 0)
(3.064608028 -0.2134733776 0)
(3.06556108 -0.2190948481 0)
(3.067618937 -0.229345313 0)
(3.068406926 -0.2332422998 0)
(3.070837654 -0.2375938828 0)
(3.072584296 -0.2453516232 0)
(3.073384669 -0.2540890051 0)
(3.072284238 -0.2503335391 0)
(3.038225457 -0.1625275252 0)
(2.817750671 0.298230168 0)
(2.659125166 0.5941455504 0)
(2.593022953 0.6198593299 0)
(2.573993952 0.6265727597 0)
(2.569160398 0.6398127348 0)
(2.565095369 0.6456937517 0)
(2.567431368 0.6424361843 0)
(2.572844185 0.6340100915 0)
(2.578053947 0.623619968 0)
(2.581310445 0.6155155986 0)
(2.582764083 0.612144069 0)
(2.58356075 0.6122875662 0)
(2.584369089 0.6117931612 0)
(2.587937036 0.6053747438 0)
(2.594820274 0.5953364307 0)
(2.598382176 0.5865089933 0)
(2.598834017 0.583565774 0)
(2.602073783 0.5787086641 0)
(3.054643315 -0.1787955031 0)
(3.056345805 -0.1840059091 0)
(3.058262345 -0.1875517077 0)
(3.059603683 -0.1944308566 0)
(3.061104424 -0.2035169371 0)
(3.062186998 -0.2083731843 0)
(3.064136511 -0.2106886827 0)
(3.065854333 -0.2178482993 0)
(3.06658405 -0.2260148989 0)
(3.06775067 -0.2275988465 0)
(3.069228517 -0.2305920657 0)
(3.07084225 -0.2398625298 0)
(3.0712932 -0.2433122612 0)
(3.070008427 -0.2385824729 0)
(3.017720756 -0.1073837684 0)
(2.803205332 0.330537307 0)
(2.660658721 0.5559103683 0)
(2.578057031 0.6526287743 0)
(2.569893013 0.656117767 0)
(2.563799385 0.6471079031 0)
(2.565806247 0.64220514 0)
(2.570628927 0.6343111415 0)
(2.576720148 0.6250919872 0)
(2.580276672 0.6174388165 0)
(2.581168462 0.6141371137 0)
(2.58194703 0.6142238893 0)
(2.583032919 0.6136122695 0)
(2.586709775 0.6080116263 0)
(2.592998132 0.5993679677 0)
(2.595749445 0.5930338023 0)
(2.596230725 0.5906541803 0)
(2.601805035 0.5852951645 0)
(3.052624866 -0.1686401673 0)
(3.053877872 -0.1762101894 0)
(3.055569063 -0.1799528775 0)
(3.057039938 -0.1824341521 0)
(3.057921168 -0.1894022449 0)
(3.059252462 -0.1974820949 0)
(3.060906156 -0.200802307 0)
(3.061649255 -0.2022326705 0)
(3.063484506 -0.2114957059 0)
(3.064644108 -0.2187172577 0)
(3.066317362 -0.2217488371 0)
(3.068449652 -0.2270523221 0)
(3.069790974 -0.2362418213 0)
(3.070676154 -0.2412074303 0)
(3.06653195 -0.2278033331 0)
(3.016722962 -0.08189935689 0)
(2.740543248 0.4356051455 0)
(2.635177901 0.6149667147 0)
(2.585434918 0.6353112924 0)
(2.574525899 0.636288041 0)
(2.571210737 0.6412865624 0)
(2.573986412 0.6356302721 0)
(2.577735038 0.6272213394 0)
(2.579663078 0.6200477162 0)
(2.579780472 0.616141679 0)
(2.580622676 0.6151330226 0)
(2.581673662 0.6142465971 0)
(2.585870962 0.6095457467 0)
(2.592413004 0.6024243345 0)
(2.595144343 0.599126173 0)
(2.596222783 0.5978255796 0)
(2.603518273 0.5921444112 0)
(3.048449696 -0.1531591272 0)
(3.050323026 -0.1622398139 0)
(3.052077123 -0.1697610729 0)
(3.054084219 -0.1731980653 0)
(3.055264035 -0.1771359332 0)
(3.057235369 -0.1864986965 0)
(3.058283764 -0.1935967198 0)
(3.059977507 -0.1968984757 0)
(3.061626043 -0.2006569015 0)
(3.06343616 -0.2101999107 0)
(3.063999313 -0.2152979837 0)
(3.065462789 -0.216680985 0)
(3.06765188 -0.2239589769 0)
(3.068278336 -0.2304383446 0)
(3.068365937 -0.2316051932 0)
(3.064519801 -0.2157478231 0)
(2.959734396 0.01276203126 0)
(2.75272324 0.4145040608 0)
(2.628615979 0.5858780236 0)
(2.586150878 0.6534295263 0)
(2.574345956 0.6525980023 0)
(2.574708561 0.6427068244 0)
(2.57751828 0.6288103432 0)
(2.579838279 0.6228678004 0)
(2.580156362 0.6203368735 0)
(2.580290504 0.6189920761 0)
(2.579909428 0.6178885548 0)
(2.585280759 0.6128179565 0)
(2.591983737 0.6066198309 0)
(2.595009856 0.6061058637 0)
(2.597692555 0.6047552429 0)
(2.60588223 0.5972523053 0)
(3.04675398 -0.1471354285 0)
(3.048458726 -0.1524887138 0)
(3.050243448 -0.1611592823 0)
(3.051407587 -0.1672651097 0)
(3.053300728 -0.1699187138 0)
(3.054327702 -0.1738422769 0)
(3.056023174 -0.182762967 0)
(3.057055582 -0.1883893823 0)
(3.058665205 -0.1896758888 0)
(3.059318081 -0.1942329873 0)
(3.061148456 -0.2034543946 0)
(3.062265088 -0.2082012207 0)
(3.063895916 -0.2102367267 0)
(3.066009885 -0.2184213709 0)
(3.06722521 -0.2289669314 0)
(3.0679423 -0.2274073448 0)
(3.054055671 -0.1903086396 0)
(2.973457411 0.03519300791 0)
(2.699224172 0.5114797906 0)
(2.584212122 0.6874986569 0)
(2.572787669 0.6509548692 0)
(2.579246251 0.6309474464 0)
(2.582625897 0.6280229403 0)
(2.586620337 0.6275108808 0)
(2.583514842 0.627231992 0)
(2.579235842 0.626340299 0)
(2.578240399 0.622798434 0)
(2.585182233 0.6161013476 0)
(2.592162837 0.6096150624 0)
(2.596003183 0.6096088251 0)
(2.599326293 0.6087049774 0)
(2.606425458 0.6005955788 0)
(3.043169129 -0.1364380076 0)
(3.044851956 -0.1392054531 0)
(3.04580918 -0.1454775481 0)
(3.048035161 -0.1548370277 0)
(3.049817294 -0.1604203333 0)
(3.051549134 -0.1627787506 0)
(3.052568066 -0.1689452591 0)
(3.054674616 -0.178411968 0)
(3.05585187 -0.1835251479 0)
(3.057560085 -0.1855853169 0)
(3.059581725 -0.193173767 0)
(3.060553716 -0.2013172415 0)
(3.061515944 -0.2040379194 0)
(3.063709986 -0.2080559646 0)
(3.065348104 -0.2155509737 0)
(3.06637955 -0.2225758947 0)
(3.065916372 -0.2212650871 0)
(3.056327541 -0.1801831043 0)
(2.889272088 0.1645609659 0)
(2.703339615 0.5057712692 0)
(2.619927443 0.5999460772 0)
(2.59808477 0.6245577409 0)
(2.586126639 0.6404499066 0)
(2.580770554 0.6399304014 0)
(2.578290793 0.6355357421 0)
(2.577358572 0.6313082035 0)
(2.577802367 0.6282178454 0)
(2.585884847 0.6207430293 0)
(2.593477083 0.6124613776 0)
(2.596883562 0.6110992216 0)
(2.600148119 0.6089166875 0)
(2.605828412 0.6005000432 0)
(3.040960061 -0.129368202 0)
(3.042543128 -0.1344923927 0)
(3.044332264 -0.1378655358 0)
(3.046221367 -0.14521116 0)
(3.047767243 -0.1534684204 0)
(3.049150376 -0.1580769151 0)
(3.05073014 -0.1602003581 0)
(3.052374593 -0.1672687765 0)
(3.053652822 -0.1752845997 0)
(3.05502159 -0.1788413359 0)
(3.056030695 -0.1797968528 0)
(3.057563794 -0.1877202647 0)
(3.05870593 -0.1952110896 0)
(3.060152957 -0.1971213166 0)
(3.061815452 -0.2015032425 0)
(3.063848704 -0.2111363266 0)
(3.065125605 -0.2180432507 0)
(3.064856557 -0.2162938146 0)
(3.036451401 -0.1438944125 0)
(2.856793136 0.2327545625 0)
(2.713637267 0.5110035541 0)
(2.596965734 0.6564531968 0)
(2.574861096 0.6464625026 0)
(2.569695066 0.6358691674 0)
(2.571092829 0.6353933357 0)
(2.576494591 0.6328679853 0)
(2.580975262 0.6313610195 0)
(2.588912549 0.6241944837 0)
(2.594697572 0.6156406077 0)
(2.596661948 0.6140367281 0)
(2.599445577 0.6112212403 0)
(2.60402097 0.602306592 0)
(3.037099609 -0.1154292017 0)
(3.039042396 -0.1232895107 0)
(3.041116913 -0.1275060954 0)
(3.042114404 -0.1305596062 0)
(3.043720901 -0.1388721619 0)
(3.045705115 -0.1470175586 0)
(3.047733414 -0.1509955956 0)
(3.048572331 -0.1533115116 0)
(3.050532286 -0.1622425912 0)
(3.052072793 -0.1700355992 0)
(3.053759105 -0.1732031784 0)
(3.055120848 -0.1764639867 0)
(3.05721104 -0.1858383231 0)
(3.0578464 -0.191343858 0)
(3.059560139 -0.1941347523 0)
(3.061609647 -0.1998242119 0)
(3.062984895 -0.2078112703 0)
(3.064176261 -0.213309984 0)
(3.062580223 -0.2087352027 0)
(3.03431428 -0.1266994164 0)
(2.826598976 0.3166333673 0)
(2.696206188 0.5488800073 0)
(2.596401289 0.6098882095 0)
(2.583373622 0.6235571114 0)
(2.576285608 0.6385291712 0)
(2.57779221 0.6392844135 0)
(2.58335042 0.6338624672 0)
(2.590871687 0.6249664216 0)
(2.594873411 0.6175647566 0)
(2.595553511 0.6179361418 0)
(2.597595814 0.6156204659 0)
(2.60237304 0.6050998647 0)
(3.03462081 -0.10506562 0)
(3.037065197 -0.1143682244 0)
(3.038496036 -0.1213407606 0)
(3.040300274 -0.1253266092 0)
(3.041975266 -0.1298323017 0)
(3.044108347 -0.138576663 0)
(3.045272384 -0.1452973982 0)
(3.046956764 -0.1486850026 0)
(3.048286811 -0.1520029331 0)
(3.05045025 -0.1610251363 0)
(3.051273962 -0.1671313476 0)
(3.052834019 -0.1687538013 0)
(3.054037063 -0.1728087302 0)
(3.055626353 -0.1814654821 0)
(3.056551168 -0.1856715214 0)
(3.057866335 -0.1870986733 0)
(3.059833797 -0.1945458975 0)
(3.06144568 -0.2030680127 0)
(3.062557674 -0.2066227476 0)
(3.061313546 -0.2017446185 0)
(3.010262228 -0.07935595197 0)
(2.81623812 0.3234473377 0)
(2.658825924 0.5586656869 0)
(2.591615013 0.6557509906 0)
(2.576218381 0.6515863669 0)
(2.576446953 0.6383003672 0)
(2.582119845 0.6317427381 0)
(2.590353464 0.624615637 0)
(2.595031884 0.618841508 0)
(2.595165073 0.6202685761 0)
(2.596384941 0.6185721661 0)
(2.600804923 0.6082586306 0)
(3.031572944 -0.09484407734 0)
(3.032798982 -0.09993826681 0)
(3.035146598 -0.1092809451 0)
(3.036963592 -0.1156213491 0)
(3.038832094 -0.1185837145 0)
(3.039587618 -0.1233803736 0)
(3.0418407 -0.1326713093 0)
(3.0435842 -0.1389088305 0)
(3.045456951 -0.1414413636 0)
(3.045920453 -0.1458364727 0)
(3.04843363 -0.1556351702 0)
(3.04978231 -0.1613446971 0)
(3.051331215 -0.1628032038 0)
(3.053015358 -0.1695190033 0)
(3.05456432 -0.1781956427 0)
(3.055532145 -0.1812535659 0)
(3.057611184 -0.1850697763 0)
(3.059159108 -0.1919608903 0)
(3.060632432 -0.1997970203 0)
(3.061808071 -0.202631298 0)
(3.057220552 -0.1900384455 0)
(3.011443648 -0.05466021667 0)
(2.740362816 0.4411551189 0)
(2.657293447 0.6013809029 0)
(2.594919699 0.6242187602 0)
(2.589836985 0.6272658426 0)
(2.589969638 0.6328503544 0)
(2.595642731 0.6280545584 0)
(2.59683618 0.6235157424 0)
(2.594421084 0.6231294341 0)
(2.595452179 0.6189464799 0)
(2.599996967 0.6092181394 0)
(3.028650757 -0.08812227019 0)
(3.030434236 -0.09161303309 0)
(3.032453209 -0.09835039253 0)
(3.034716281 -0.1075373677 0)
(3.036163405 -0.1131091749 0)
(3.037979018 -0.1164564195 0)
(3.039865426 -0.1229904433 0)
(3.041787345 -0.1317272631 0)
(3.042971356 -0.136866832 0)
(3.044668569 -0.1395117105 0)
(3.046398483 -0.1456270068 0)
(3.048020985 -0.1541896221 0)
(3.049031981 -0.1582078423 0)
(3.050647066 -0.1599412912 0)
(3.052237981 -0.1668760321 0)
(3.053278342 -0.1742981224 0)
(3.054654729 -0.1762577938 0)
(3.055998886 -0.1796602655 0)
(3.05767388 -0.1876562716 0)
(3.059321902 -0.194768701 0)
(3.059610217 -0.1953565081 0)
(3.055505162 -0.1793622577 0)
(2.951088536 0.04195861491 0)
(2.767031691 0.4094553259 0)
(2.638844331 0.5845165552 0)
(2.60032744 0.6453765596 0)
(2.594119648 0.6411525008 0)
(2.594492773 0.6331494031 0)
(2.595714564 0.6293621752 0)
(2.593822307 0.6277997942 0)
(2.595509688 0.6210271817 0)
(2.600186734 0.6105701448 0)
(3.025688595 -0.0781445945 0)
(3.027537622 -0.08393857452 0)
(3.029111301 -0.08691644754 0)
(3.03088754 -0.09413764066 0)
(3.033117137 -0.1030147274 0)
(3.034954152 -0.1077165826 0)
(3.036300868 -0.110292136 0)
(3.037636878 -0.1174334438 0)
(3.039764806 -0.1260887973 0)
(3.041633026 -0.1304935673 0)
(3.042727722 -0.1324977133 0)
(3.044162999 -0.1401290057 0)
(3.04608099 -0.1486512536 0)
(3.047802682 -0.1518170308 0)
(3.048731154 -0.1541604406 0)
(3.05107984 -0.1635976156 0)
(3.052009668 -0.1693574194 0)
(3.05353813 -0.1717410745 0)
(3.055549341 -0.1775374251 0)
(3.056849495 -0.1846807376 0)
(3.058442027 -0.192974237 0)
(3.058880526 -0.1912913618 0)
(3.043834994 -0.1525635736 0)
(2.984718116 0.04599061658 0)
(2.684288072 0.5524068332 0)
(2.631616237 0.6254805757 0)
(2.603144868 0.6257111998 0)
(2.600463907 0.6245925429 0)
(2.598423078 0.6323843859 0)
(2.595707094 0.634303436 0)
(2.597849685 0.6252267329 0)
(2.601123923 0.6133108912 0)
(3.024715756 -0.07523246107 0)
(3.026452903 -0.08042186705 0)
(3.028029301 -0.08386069674 0)
(3.030467901 -0.09228018423 0)
(3.03236513 -0.1006051965 0)
(3.033976152 -0.1048308765 0)
(3.0356165 -0.1084774553 0)
(3.037941639 -0.1169379141 0)
(3.039317084 -0.1243661746 0)
(3.040828138 -0.1282147094 0)
(3.04232297 -0.1313094692 0)
(3.044652571 -0.1399933604 0)
(3.045510149 -0.1465093272 0)
(3.04706565 -0.1493840015 0)
(3.048307612 -0.1523637148 0)
(3.050395965 -0.1614989385 0)
(3.051160401 -0.1660026259 0)
(3.052520445 -0.1672500231 0)
(3.054386255 -0.1738772753 0)
(3.055710095 -0.1812784745 0)
(3.05729258 -0.1863857932 0)
(3.056916222 -0.1851311154 0)
(3.049331684 -0.1473885236 0)
(2.885406774 0.182943155 0)
(2.730009976 0.4664880347 0)
(2.630345532 0.5911132113 0)
(2.607679194 0.6309706917 0)
(2.595017498 0.6439675377 0)
(2.593518716 0.6412667385 0)
(2.596453301 0.6317054003 0)
(2.601109147 0.6179662882 0)
(3.021133 -0.06294290284 0)
(3.023591758 -0.07189133427 0)
(3.025408288 -0.07642818434 0)
(3.026741865 -0.07990471659 0)
(3.02912679 -0.08867175864 0)
(3.031027871 -0.09634056831 0)
(3.032897358 -0.09978832877 0)
(3.033818826 -0.1032080096 0)
(3.036036803 -0.1121682283 0)
(3.037710402 -0.1189839656 0)
(3.039585491 -0.1218508281 0)
(3.040068904 -0.1252238599 0)
(3.042549265 -0.1348321175 0)
(3.043963669 -0.1406469766 0)
(3.045573556 -0.1425434052 0)
(3.046728004 -0.1479675239 0)
(3.048704088 -0.1567891784 0)
(3.049918149 -0.1605600955 0)
(3.051370143 -0.1629167096 0)
(3.053390072 -0.170718385 0)
(3.054797773 -0.177751889 0)
(3.056509679 -0.1840278516 0)
(3.056339238 -0.1822752473 0)
(3.022542162 -0.1020349218 0)
(2.907706057 0.1807881674 0)
(2.697759138 0.5437416236 0)
(2.598089645 0.6595213657 0)
(2.582470164 0.6412192956 0)
(2.591499838 0.6325633416 0)
(2.596661136 0.6310120517 0)
(2.605370251 0.6219929468 0)
(3.017866357 -0.0523557516 0)
(3.020303714 -0.06036154086 0)
(3.022579774 -0.06878362606 0)
(3.024313529 -0.07287839319 0)
(3.025814317 -0.07719302052 0)
(3.0285119 -0.08653373371 0)
(3.03010557 -0.09336178825 0)
(3.031818496 -0.09667516623 0)
(3.033483501 -0.1017906572 0)
(3.035857176 -0.1109341137 0)
(3.037036241 -0.1167166457 0)
(3.038670388 -0.119508371 0)
(3.040420438 -0.1249375261 0)
(3.042396386 -0.133827261 0)
(3.043290664 -0.1383645807 0)
(3.044911655 -0.1404215387 0)
(3.046850327 -0.1471636752 0)
(3.047993627 -0.1546773747 0)
(3.049260723 -0.1574514765 0)
(3.050864227 -0.1606206558 0)
(3.052208471 -0.1671687703 0)
(3.053787955 -0.1744606658 0)
(3.055455487 -0.1777780063 0)
(3.053390416 -0.1734473159 0)
(3.036689111 -0.1051504578 0)
(2.811000357 0.3301369579 0)
(2.701409784 0.5170539158 0)
(2.617847319 0.602238927 0)
(2.6058433 0.6290557552 0)
(2.598790587 0.6371431228 0)
(2.602719921 0.629096056 0)
(3.015317728 -0.04518367895 0)
(3.01685988 -0.0493675669 0)
(3.019380036 -0.05763951752 0)
(3.021527634 -0.06542831626 0)
(3.023267239 -0.06909739254 0)
(3.024699564 -0.07395965727 0)
(3.027315764 -0.0832855054 0)
(3.02900907 -0.08929542346 0)
(3.030634212 -0.09187887722 0)
(3.031931201 -0.09762736667 0)
(3.03419616 -0.1065621258 0)
(3.035834414 -0.1115629251 0)
(3.037181981 -0.1134663356 0)
(3.03840248 -0.1199913858 0)
(3.040454894 -0.1286648316 0)
(3.042082287 -0.1322751429 0)
(3.043030893 -0.1342629087 0)
(3.04516457 -0.1429672127 0)
(3.046399391 -0.148916945 0)
(3.048015236 -0.1517687032 0)
(3.049429138 -0.1561865899 0)
(3.051207347 -0.1642799445 0)
(3.052630703 -0.1693975754 0)
(3.054190556 -0.1749535736 0)
(3.053062813 -0.1704589077 0)
(2.9880323 -0.0329815368 0)
(2.852731017 0.2919215785 0)
(2.654919848 0.6048617984 0)
(2.608153649 0.6590537275 0)
(2.596196274 0.6392417075 0)
(2.59957022 0.6286642536 0)
(3.012532498 -0.03695196949 0)
(3.014349873 -0.04210305864 0)
(3.015909773 -0.04658344007 0)
(3.018542413 -0.05511304521 0)
(3.020527414 -0.06216657166 0)
(3.022172673 -0.06563749122 0)
(3.023926152 -0.07152562394 0)
(3.026485078 -0.08077518236 0)
(3.028035466 -0.08606243126 0)
(3.029562099 -0.08886939915 0)
(3.031711711 -0.09623148545 0)
(3.033586312 -0.1045291649 0)
(3.03497012 -0.1088372825 0)
(3.036421667 -0.1115024473 0)
(3.03882621 -0.1197299195 0)
(3.039965028 -0.1268684946 0)
(3.041278801 -0.1298595317 0)
(3.042853517 -0.1331676611 0)
(3.04505069 -0.141954615 0)
(3.045827568 -0.1470003045 0)
(3.047261591 -0.1489909189 0)
(3.048978989 -0.1543332521 0)
(3.050331763 -0.1614481869 0)
(3.052101134 -0.1671366318 0)
(3.053046372 -0.1689167808 0)
(3.04678684 -0.1543154618 0)
(3.01088446 -0.02140977441 0)
(2.756930199 0.4372682192 0)
(2.69526587 0.5538444419 0)
(2.611102499 0.6154779863 0)
(2.604622113 0.6236159499 0)
(3.009402229 -0.02717693692 0)
(3.011656888 -0.03432241405 0)
(3.013399811 -0.03908738421 0)
(3.015015407 -0.04394930588 0)
(3.017642029 -0.05247138618 0)
(3.019552649 -0.05888863826 0)
(3.021095013 -0.06213501849 0)
(3.022984011 -0.06876180617 0)
(3.025364123 -0.07756339909 0)
(3.027063005 -0.08216382167 0)
(3.028307097 -0.0847974392 0)
(3.030394075 -0.09276641745 0)
(3.032208659 -0.1003859513 0)
(3.03395728 -0.1038213758 0)
(3.034751228 -0.1064607061 0)
(3.036994735 -0.1152569752 0)
(3.038483282 -0.1218322225 0)
(3.040001954 -0.1236948115 0)
(3.041097953 -0.1283659534 0)
(3.043153943 -0.13689593 0)
(3.044458848 -0.1413763449 0)
(3.045925652 -0.1437144482 0)
(3.047529211 -0.1501868077 0)
(3.048979648 -0.1565637881 0)
(3.051454564 -0.1645650308 0)
(3.051432011 -0.1641948595 0)
(3.047347721 -0.1490339515 0)
(2.941685085 0.06733168776 0)
(2.82568173 0.3763902303 0)
(2.616192214 0.6393540641 0)
(2.597159772 0.6394231202 0)
(3.006774423 -0.01935944837 0)
(3.008689566 -0.02507453246 0)
(3.01080409 -0.03172942399 0)
(3.012483691 -0.0362593951 0)
(3.014164179 -0.0414349675 0)
(3.016761593 -0.04987332662 0)
(3.018584105 -0.05565834459 0)
(3.020071829 -0.05906312851 0)
(3.022239681 -0.06640871769 0)
(3.024426678 -0.0747255987 0)
(3.026039164 -0.07870896754 0)
(3.027445158 -0.08228436706 0)
(3.029961074 -0.09102488499 0)
(3.031402619 -0.0977917695 0)
(3.032928083 -0.1006914281 0)
(3.034583709 -0.1053550086 0)
(3.036830649 -0.1140934722 0)
(3.037755591 -0.1194267686 0)
(3.039360343 -0.1217246526 0)
(3.041187104 -0.127570384 0)
(3.042816741 -0.1356557932 0)
(3.043884825 -0.1391503096 0)
(3.045286763 -0.1416744224 0)
(3.047254175 -0.1489011672 0)
(3.048557822 -0.1547060922 0)
(3.050367107 -0.1610271772 0)
(3.050392387 -0.1603139467 0)
(3.038197178 -0.1303932412 0)
(2.942724819 0.1232086109 0)
(2.775518892 0.443205315 0)
(2.640574848 0.5963402859 0)
(3.004753056 -0.01361687094 0)
(3.006114527 -0.01744052333 0)
(3.007973996 -0.02297951525 0)
(3.009987895 -0.02925854918 0)
(3.0115821 -0.03351349965 0)
(3.013385461 -0.03910571799 0)
(3.015853081 -0.04718122078 0)
(3.017636657 -0.05242148115 0)
(3.019087251 -0.05608490507 0)
(3.021386067 -0.06388944289 0)
(3.023402357 -0.07149967186 0)
(3.02507434 -0.0749056507 0)
(3.026304246 -0.07897426784 0)
(3.028793179 -0.0879300658 0)
(3.030303228 -0.09378797783 0)
(3.031875825 -0.09606614736 0)
(3.032984422 -0.1011860639 0)
(3.035235496 -0.1100888522 0)
(3.036661034 -0.114168551 0)
(3.038022612 -0.1164861511 0)
(3.039433412 -0.1231089548 0)
(3.041132368 -0.1303440338 0)
(3.042711 -0.1338270288 0)
(3.043930651 -0.136923726 0)
(3.045537181 -0.1438632297 0)
(3.047388627 -0.1509955436 0)
(3.049368281 -0.1565811186 0)
(3.049061145 -0.155645399 0)
(3.032473282 -0.1127503253 0)
(2.944849956 0.1310099092 0)
(2.694460667 0.5353354877 0)
(3.002925006 -0.00828032141 0)
(3.00419178 -0.01196853417 0)
(3.005483622 -0.01562206857 0)
(3.007308933 -0.02102837804 0)
(3.009180989 -0.02680227035 0)
(3.010732279 -0.03096617505 0)
(3.012621238 -0.03681624492 0)
(3.014984941 -0.04458769564 0)
(3.016684277 -0.04924925153 0)
(3.01815343 -0.0533538284 0)
(3.020639356 -0.06158488536 0)
(3.022462313 -0.06843599956 0)
(3.024051131 -0.07159292605 0)
(3.025574005 -0.0767110017 0)
(3.028064509 -0.08574094529 0)
(3.029411001 -0.09068182015 0)
(3.030919819 -0.09335140916 0)
(3.03290168 -0.1000369448 0)
(3.034634375 -0.1080487151 0)
(3.03592533 -0.1117955743 0)
(3.037305456 -0.1144908154 0)
(3.039652858 -0.1225875241 0)
(3.040686609 -0.1285729771 0)
(3.041986144 -0.1313233136 0)
(3.043659605 -0.135832243 0)
(3.045303054 -0.1425543637 0)
(3.046854541 -0.1484020158 0)
(3.048573144 -0.154234906 0)
(3.047822855 -0.1521915045 0)
(3.036944993 -0.1092340247 0)
(2.791372391 0.3520670651 0)
(3.00155353 -0.00434873291 0)
(3.002519533 -0.007119750137 0)
(3.003667835 -0.01044245302 0)
(3.004903292 -0.01394634106 0)
(3.006654233 -0.01911865643 0)
(3.008423511 -0.02450659899 0)
(3.009901103 -0.02851303575 0)
(3.011881586 -0.03461292951 0)
(3.014108164 -0.04191463447 0)
(3.015775373 -0.04628225427 0)
(3.017222407 -0.05066923416 0)
(3.019779101 -0.05911670459 0)
(3.021532036 -0.06519164146 0)
(3.02302815 -0.06812776207 0)
(3.02467545 -0.07407028382 0)
(3.026944913 -0.08257695437 0)
(3.028527776 -0.08697125026 0)
(3.029634401 -0.0891419068 0)
(3.031668959 -0.09679224184 0)
(3.033332184 -0.1038830864 0)
(3.034937997 -0.1071331629 0)
(3.035824107 -0.1099535386 0)
(3.037896369 -0.1179962605 0)
(3.039314837 -0.1235946106 0)
(3.040995257 -0.1268610667 0)
(3.041984341 -0.1306682484 0)
(3.043585072 -0.1374181127 0)
(3.045770695 -0.1446182655 0)
(3.047370159 -0.1489397199 0)
(3.047012279 -0.1477189929 0)
(2.930528261 0.1058548127 0)
(3.000742521 -0.002067956344 0)
(3.001293602 -0.003613889488 0)
(3.002148327 -0.006061383193 0)
(3.00319726 -0.009076841293 0)
(3.004352613 -0.0123652759 0)
(3.006032252 -0.01731225698 0)
(3.00768249 -0.02225904768 0)
(3.009147783 -0.02630530577 0)
(3.011137683 -0.03240263342 0)
(3.013254492 -0.03929497525 0)
(3.01484187 -0.04334252738 0)
(3.016456874 -0.04836041114 0)
(3.018920346 -0.056571058 0)
(3.02063259 -0.06217008778 0)
(3.021980627 -0.06499501791 0)
(3.024084364 -0.07205059125 0)
(3.02608424 -0.07984942387 0)
(3.027595446 -0.0839451956 0)
(3.028763895 -0.08667297148 0)
(3.031345413 -0.09524613813 0)
(3.032589516 -0.1013747791 0)
(3.034053894 -0.1044633466 0)
(3.035652473 -0.1088042888 0)
(3.037639326 -0.1166443166 0)
(3.038767175 -0.1213207491 0)
(3.040214855 -0.124657869 0)
(3.042028408 -0.1304140214 0)
(3.043285479 -0.1356186182 0)
(3.04525983 -0.142390779 0)
(3.046804234 -0.1471863088 0)
(3.018767556 -0.06797084082 0)
(3.000292546 -0.0008070003394 0)
(3.00059152 -0.001642958416 0)
(3.001065203 -0.002970991122 0)
(3.001820317 -0.005124993745 0)
(3.00275677 -0.00780784953 0)
(3.003869845 -0.01096859271 0)
(3.005415866 -0.01551937766 0)
(3.006993092 -0.02018538779 0)
(3.008399285 -0.02412766091 0)
(3.010447776 -0.03035391569 0)
(3.012411416 -0.03664936467 0)
(3.013951926 -0.04055618127 0)
(3.015677983 -0.04604013973 0)
(3.018057307 -0.05400705846 0)
(3.019723611 -0.05900222517 0)
(3.021044552 -0.06209840859 0)
(3.023201057 -0.06948598124 0)
(3.025099477 -0.07674983058 0)
(3.026720225 -0.08035903414 0)
(3.027647841 -0.08339790034 0)
(3.030129588 -0.09197943038 0)
(3.03158123 -0.09771287034 0)
(3.03298967 -0.1000295591 0)
(3.034332124 -0.1049862926 0)
(3.036157144 -0.1122927841 0)
(3.037602477 -0.1169319275 0)
(3.039111535 -0.1201414186 0)
(3.040217175 -0.124930647 0)
(3.041900041 -0.1313844118 0)
(3.044423709 -0.1392712861 0)
(3.040502055 -0.1281364903 0)
(3.000090469 -0.0002462992951 0)
(3.00022171 -0.0006100137864 0)
(3.000465432 -0.001289698676 0)
(3.000870408 -0.002422009301 0)
(3.001525594 -0.004288941964 0)
(3.002366896 -0.006680204865 0)
(3.003403457 -0.009634118481 0)
(3.004863469 -0.01391118383 0)
(3.006310126 -0.01813977341 0)
(3.007722165 -0.02215212854 0)
(3.009733024 -0.02823343486 0)
(3.011598094 -0.03413689678 0)
(3.013097655 -0.03795511071 0)
(3.014912611 -0.04376311135 0)
(3.017210341 -0.05144941368 0)
(3.018823413 -0.05595437887 0)
(3.020150067 -0.05947177446 0)
(3.022515344 -0.06730879508 0)
(3.024222325 -0.0738255466 0)
(3.025795522 -0.07735828973 0)
(3.027052335 -0.08134011763 0)
(3.029451 -0.08967914896 0)
(3.030782311 -0.09514414406 0)
(3.032227583 -0.09776059442 0)
(3.033886719 -0.1032327715 0)
(3.035756537 -0.1106187256 0)
(3.036949309 -0.1145748897 0)
(3.03855838 -0.1189944178 0)
(3.039898599 -0.1233002175 0)
(3.042321622 -0.1328652948 0)
(3.041975625 -0.1317268629 0)
(3.000022178 -5.975361488e-05 0)
(3.000064839 -0.0001760500175 0)
(3.000165823 -0.0004550741529 0)
(3.000362232 -0.001000919679 0)
(3.000702583 -0.001951599366 0)
(3.001270784 -0.003564141332 0)
(3.002010256 -0.005662536947 0)
(3.002985197 -0.008428457456 0)
(3.00431705 -0.01233226183 0)
(3.005703334 -0.01634036636 0)
(3.007034067 -0.02016971456 0)
(3.009056592 -0.02626469648 0)
(3.01078156 -0.03153233236 0)
(3.012322234 -0.03563970151 0)
(3.014136328 -0.04144612383 0)
(3.016363989 -0.04887486584 0)
(3.01794898 -0.05299681442 0)
(3.019260721 -0.05684511665 0)
(3.021669092 -0.06480114306 0)
(3.023352265 -0.07085832652 0)
(3.024847834 -0.07394007132 0)
(3.026211513 -0.07871565408 0)
(3.028348396 -0.08643043466 0)
(3.029873066 -0.09145174599 0)
(3.031396416 -0.09454881525 0)
(3.032572918 -0.09949854571 0)
(3.034310587 -0.1060446478 0)
(3.036018616 -0.1110223105 0)
(3.037198369 -0.1140699912 0)
(3.038868956 -0.1201645555 0)
(3.040776201 -0.1271763696 0)
(3.000004042 -1.074657883e-05 0)
(3.000014844 -3.986404374e-05 0)
(3.000045772 -0.000123927306 0)
(3.000122305 -0.000334776587 0)
(3.000278796 -0.0007682964947 0)
(3.000560748 -0.001554295886 0)
(3.001046679 -0.002930968516 0)
(3.001701007 -0.004777589842 0)
(3.002587034 -0.007297624363 0)
(3.003828934 -0.01091033658 0)
(3.005089417 -0.01454831757 0)
(3.006460999 -0.01847910361 0)
(3.008336194 -0.02413848074 0)
(3.010044079 -0.02925424202 0)
(3.011490878 -0.03320147657 0)
(3.013442576 -0.03933063697 0)
(3.015528821 -0.04621134346 0)
(3.017106383 -0.05031894743 0)
(3.018412802 -0.05436340225 0)
(3.020874556 -0.06235681116 0)
(3.022499172 -0.06805752116 0)
(3.023969984 -0.07120868535 0)
(3.025523497 -0.07646391497 0)
(3.027626987 -0.08403802008 0)
(3.029091735 -0.08863494193 0)
(3.03055459 -0.09220894706 0)
(3.032372816 -0.09830104201 0)
(3.033689189 -0.1035226873 0)
(3.035288551 -0.1086806558 0)
(3.036725067 -0.1127558844 0)
(3.039177968 -0.1210734033 0)
(3.000000525 -1.374154087e-06 0)
(3.000002514 -6.66197663e-06 0)
(3.000009767 -2.614319694e-05 0)
(3.000031827 -8.593556293e-05 0)
(3.000088897 -0.0002426208617 0)
(3.000211995 -0.0005828236478 0)
(3.000442886 -0.001224751398 0)
(3.000852798 -0.002383175593 0)
(3.001427383 -0.004000536576 0)
(3.002232304 -0.006284187688 0)
(3.003358688 -0.009557426944 0)
(3.004550308 -0.01295688143 0)
(3.005863346 -0.01675348873 0)
(3.007685101 -0.0222101462 0)
(3.009287608 -0.02693481252 0)
(3.010768467 -0.03107012063 0)
(3.012687266 -0.03705065553 0)
(3.014706299 -0.04362038506 0)
(3.016285261 -0.04769327683 0)
(3.017642206 -0.05203261058 0)
(3.019985631 -0.05965650292 0)
(3.021681988 -0.06521706976 0)
(3.023086042 -0.068378954 0)
(3.024691904 -0.07391388646 0)
(3.026605331 -0.08071587099 0)
(3.028284786 -0.08569638569 0)
(3.029533666 -0.08876640106 0)
(3.031228435 -0.09485582302 0)
(3.032650397 -0.1000591849 0)
(3.034000326 -0.1040907587 0)
(3.036445991 -0.1117600337 0)
(3.000000048 -1.238643806e-07 0)
(3.0000003 -7.844054289e-07 0)
(3.000001533 -4.051462044e-06 0)
(3.00000632 -1.686107661e-05 0)
(3.000021747 -5.856202497e-05 0)
(3.000063842 -0.0001737093595 0)
(3.000158543 -0.0004348409155 0)
(3.000347318 -0.000958105159 0)
(3.000685402 -0.001910837481 0)
(3.001190997 -0.003330115851 0)
(3.001906398 -0.005358180867 0)
(3.002935395 -0.008336364052 0)
(3.004028675 -0.01144411817 0)
(3.005336991 -0.01521542619 0)
(3.007002204 -0.02017961586 0)
(3.008618239 -0.02492707815 0)
(3.009985181 -0.02880964943 0)
(3.012026754 -0.0350380609 0)
(3.01388311 -0.04093636301 0)
(3.01547767 -0.04521903992 0)
(3.016942893 -0.04981574542 0)
(3.019150171 -0.05702661285 0)
(3.020867794 -0.06248562786 0)
(3.022273 -0.065899207 0)
(3.024008829 -0.07166494444 0)
(3.025820296 -0.07799265165 0)
(3.027447623 -0.08301406501 0)
(3.028927987 -0.08694186641 0)
(3.030535893 -0.09253410125 0)
(3.031913748 -0.09742319872 0)
(3.034293117 -0.1049693632 0)
(3.000000003 -7.462950449e-09 0)
(3.000000025 -6.461051678e-08 0)
(3.000000168 -4.38549402e-07 0)
(3.000000917 -2.416107993e-06 0)
(3.000004017 -1.068486316e-05 0)
(3.000014616 -3.92382668e-05 0)
(3.000045119 -0.0001224850765 0)
(3.000117324 -0.000320698417 0)
(3.000267521 -0.0007370455139 0)
(3.000549489 -0.001526737311 0)
(3.000975031 -0.00272385043 0)
(3.00163147 -0.004571947759 0)
(3.002525463 -0.007158442973 0)
(3.003579686 -0.01014168811 0)
(3.004791677 -0.01364192236 0)
(3.006394058 -0.018385669 0)
(3.007921832 -0.02283770397 0)
(3.009321398 -0.02685737549 0)
(3.011261784 -0.03274199663 0)
(3.013152787 -0.03866162253 0)
(3.014612345 -0.04257524546 0)
(3.016285151 -0.04773143284 0)
(3.01829922 -0.05429596866 0)
(3.020059612 -0.05976841167 0)
(3.021478419 -0.06340429571 0)
(3.023172267 -0.06906481276 0)
(3.024924629 -0.0750079147 0)
(3.026583277 -0.07988784273 0)
(3.028116073 -0.08432783012 0)
(3.029431414 -0.08892943358 0)
(3.031673734 -0.09650034455 0)
(3 -2.947759594e-10 0)
(3.000000001 -3.531601946e-09 0)
(3.000000013 -3.296878624e-08 0)
(3.000000092 -2.398202883e-07 0)
(3.000000538 -1.413731051e-06 0)
(3.000002502 -6.63646553e-06 0)
(3.000009681 -2.590832302e-05 0)
(3.000031286 -8.47139329e-05 0)
(3.00008598 -0.0002343814691 0)
(3.000202744 -0.0005573150635 0)
(3.000435424 -0.001208351922 0)
(3.000794821 -0.002213795961 0)
(3.001369571 -0.003836984673 0)
(3.002184412 -0.006169911419 0)
(3.003117391 -0.008826839507 0)
(3.004338118 -0.01231585632 0)
(3.005756973 -0.01649927243 0)
(3.007301987 -0.02102534272 0)
(3.008651994 -0.02487575813 0)
(3.010528561 -0.0305610545 0)
(3.012383762 -0.03626721845 0)
(3.0138824 -0.04036662471 0)
(3.015504078 -0.04537442419 0)
(3.01752609 -0.05183079892 0)
(3.019236613 -0.05703647943 0)
(3.020754565 -0.06120822492 0)
(3.022394807 -0.06658494102 0)
(3.024150728 -0.07239100165 0)
(3.025807772 -0.07736465367 0)
(3.027247694 -0.08169871078 0)
(3.029603971 -0.08951316246 0)
(3 -7.411963054e-12 0)
(3 -1.26112667e-10 0)
(3.000000001 -1.629730832e-09 0)
(3.000000006 -1.645267039e-08 0)
(3.00000005 -1.281246293e-07 0)
(3.00000031 -8.118760949e-07 0)
(3.000001526 -4.03371032e-06 0)
(3.000006314 -1.685845217e-05 0)
(3.000021301 -5.747602517e-05 0)
(3.000062174 -0.0001691762886 0)
(3.000151682 -0.000415909666 0)
(3.000340565 -0.0009433921536 0)
(3.000642163 -0.001786123939 0)
(3.001142336 -0.003192012781 0)
(3.001859157 -0.005248451308 0)
(3.002738335 -0.007727382437 0)
(3.003833168 -0.01087808148 0)
(3.005246742 -0.01500285342 0)
(3.006604952 -0.01894812264 0)
(3.00812256 -0.02329676734 0)
(3.009773299 -0.02827848154 0)
(3.011630739 -0.03396486818 0)
(3.013149188 -0.03815519107 0)
(3.014797249 -0.04320732838 0)
(3.016695376 -0.04919169193 0)
(3.018448707 -0.05447028778 0)
(3.019979853 -0.05883631192 0)
(3.021604149 -0.0640865827 0)
(3.023314103 -0.06961698937 0)
(3.024808563 -0.07411351434 0)
(3.027233132 -0.08168317027 0)
(3 -9.012146236e-14 0)
(3 -2.815449456e-12 0)
(3 -5.257389697e-11 0)
(3 -7.336199178e-10 0)
(3.000000003 -8.017638384e-09 0)
(3.000000026 -6.692835811e-08 0)
(3.000000175 -4.564622295e-07 0)
(3.000000913 -2.405277978e-06 0)
(3.000004036 -1.07548219e-05 0)
(3.000014311 -3.847405372e-05 0)
(3.00004407 -0.0001196852587 0)
(3.000112674 -0.0003081084405 0)
(3.000261638 -0.0007231415077 0)
(3.00051684 -0.001433859221 0)
(3.000937675 -0.002617616499 0)
(3.001583379 -0.004455195988 0)
(3.002361797 -0.0066657774 0)
(3.003414269 -0.009658621225 0)
(3.004690163 -0.01339081483 0)
(3.006053959 -0.01732107325 0)
(3.007434981 -0.02129417735 0)
(3.009184034 -0.02651987519 0)
(3.010848199 -0.03149325173 0)
(3.012456174 -0.03611256094 0)
(3.014066333 -0.04097101783 0)
(3.015928494 -0.04677368181 0)
(3.017636009 -0.05189242333 0)
(3.019232616 -0.05658158103 0)
(3.020875778 -0.06179028789 0)
(3.022391221 -0.06661141045 0)
(3.02490645 -0.07440705214 0)
(3 1.643098934e-14 0)
(3 -1.527154327e-14 0)
(3 -1.044647778e-12 0)
(3 -2.130484025e-11 0)
(3 -3.224845968e-10 0)
(3.000000001 -3.806563444e-09 0)
(3.000000013 -3.423683734e-08 0)
(3.000000096 -2.505736705e-07 0)
(3.000000537 -1.409635079e-06 0)
(3.000002525 -6.711190855e-06 0)
(3.000009478 -2.540244455e-05 0)
(3.000030713 -8.317114287e-05 0)
(3.00008248 -0.0002250379267 0)
(3.000199299 -0.0005489560152 0)
(3.000408744 -0.00113261516 0)
(3.000769139 -0.002140423202 0)
(3.001321869 -0.003715559959 0)
(3.002057044 -0.005787756987 0)
(3.002962787 -0.008382786022 0)
(3.004238109 -0.01207489831 0)
(3.005449085 -0.0155656088 0)
(3.006880403 -0.01967892827 0)
(3.008470083 -0.02437765384 0)
(3.010192518 -0.02955199436 0)
(3.011694219 -0.033835577 0)
(3.013383007 -0.03890731785 0)
(3.015133322 -0.04428387073 0)
(3.016853131 -0.04946134117 0)
(3.018486416 -0.05431906643 0)
(3.019973932 -0.05895870926 0)
(3.022468083 -0.06677876119 0)
(3 1.540162678e-14 0)
(3 1.12141192e-14 0)
(3 7.331949659e-16 0)
(3 -3.662774932e-13 0)
(3 -8.387296098e-12 0)
(3 -1.384624956e-10 0)
(3.000000001 -1.760103893e-09 0)
(3.000000007 -1.714075589e-08 0)
(3.000000052 -1.34277067e-07 0)
(3.00000031 -8.110201035e-07 0)
(3.000001548 -4.099338126e-06 0)
(3.000006176 -1.650320907e-05 0)
(3.000021049 -5.68322775e-05 0)
(3.000059559 -0.0001620580072 0)
(3.000149372 -0.0004104781865 0)
(3.000321708 -0.0008887466593 0)
(3.000618001 -0.001719216574 0)
(3.001107881 -0.003100593097 0)
(3.001748707 -0.004924559512 0)
(3.002615244 -0.007372881071 0)
(3.003712603 -0.01055757867 0)
(3.005002251 -0.01427818398 0)
(3.006225593 -0.01779136495 0)
(3.007874146 -0.02263868622 0)
(3.009461875 -0.02731548887 0)
(3.011056216 -0.03198951009 0)
(3.012632488 -0.03665431091 0)
(3.01438866 -0.04199716289 0)
(3.016098217 -0.04712680412 0)
(3.017592908 -0.0516170502 0)
(3.020122938 -0.05943051306 0)
(3 4.043957749e-15 0)
(3 9.834116232e-15 0)
(3 1.284733828e-14 0)
(3 2.966136023e-15 0)
(3 -1.297694719e-13 0)
(3 -3.209315668e-12 0)
(3 -5.795387753e-11 0)
(3 -7.935868215e-10 0)
(3.000000003 -8.380325451e-09 0)
(3.000000027 -7.034920709e-08 0)
(3.000000175 -4.567652716e-07 0)
(3.000000931 -2.45650205e-06 0)
(3.000003947 -1.051603598e-05 0)
(3.000014205 -3.82400074e-05 0)
(3.000042325 -0.0001148758054 0)
(3.000110609 -0.0003030042263 0)
(3.000248912 -0.000686825459 0)
(3.000497207 -0.001378350348 0)
(3.000903533 -0.002528054065 0)
(3.001506277 -0.004224298098 0)
(3.002242778 -0.006330307073 0)
(3.003313353 -0.009385833692 0)
(3.00443894 -0.01264954129 0)
(3.005786616 -0.01651856887 0)
(3.007153342 -0.02050655657 0)
(3.008842524 -0.02551603088 0)
(3.01034398 -0.02985204769 0)
(3.011976055 -0.03471790965 0)
(3.013649615 -0.0397321704 0)
(3.015196549 -0.04438038325 0)
(3.017752374 -0.05210397223 0)
(3 1.971744777e-15 0)
(3 7.485838507e-15 0)
(3 6.359268809e-15 0)
(3 7.612750664e-15 0)
(3 3.145340514e-15 0)
(3 -4.932438506e-14 0)
(3 -1.20598955e-12 0)
(3 -2.361768706e-11 0)
(3 -3.49405352e-10 0)
(3.000000002 -3.994303973e-09 0)
(3.000000014 -3.605857467e-08 0)
(3.000000097 -2.515502118e-07 0)
(3.000000548 -1.442782524e-06 0)
(3.000002479 -6.584163453e-06 0)
(3.000009397 -2.522117705e-05 0)
(3.000029728 -8.046513882e-05 0)
(3.000080502 -0.0002199524539 0)
(3.00019067 -0.0005246200968 0)
(3.00039338 -0.001090011383 0)
(3.000741336 -0.002064193134 0)
(3.001251498 -0.003514667944 0)
(3.001976026 -0.005549777615 0)
(3.002849694 -0.008073292633 0)
(3.004032632 -0.01146194193 0)
(3.005186808 -0.0147851955 0)
(3.006666609 -0.01910343102 0)
(3.008097416 -0.02326001227 0)
(3.009730717 -0.0280922815 0)
(3.011296712 -0.03267170127 0)
(3.012814936 -0.03722141557 0)
(3.015376251 -0.04484527017 0)
(3 -1.935576737e-15 0)
(3 1.430743944e-15 0)
(3 2.961360407e-15 0)
(3 8.440271736e-15 0)
(3 8.776113685e-15 0)
(3 7.127047844e-15 0)
(3 -9.17952788e-15 0)
(3 -4.317387286e-13 0)
(3 -9.345208818e-12 0)
(3 -1.501858147e-10 0)
(3.000000001 -1.855461976e-09 0)
(3.000000007 -1.807020454e-08 0)
(3.000000052 -1.355101243e-07 0)
(3.000000316 -8.294258267e-07 0)
(3.000001529 -4.048734199e-06 0)
(3.000006111 -1.634549327e-05 0)
(3.000020463 -5.525721361e-05 0)
(3.000058245 -0.0001586281004 0)
(3.000142586 -0.0003916936853 0)
(3.000310995 -0.0008587879807 0)
(3.000594585 -0.001656381357 0)
(3.001054094 -0.002943377156 0)
(3.001664004 -0.004685738013 0)
(3.002547898 -0.007183908406 0)
(3.003495046 -0.009927908361 0)
(3.004788075 -0.01364097791 0)
(3.006008842 -0.01716630086 0)
(3.007561761 -0.02173725806 0)
(3.009030763 -0.0259657492 0)
(3.010532779 -0.03041868627 0)
(3.013056583 -0.0377223813 0)
(3 -6.853560478e-15 0)
(3 1.586294998e-16 0)
(3 2.714155457e-15 0)
(3 3.353672252e-15 0)
(3 6.128366199e-15 0)
(3 9.417506031e-15 0)
(3 1.112205434e-14 0)
(3 5.998475481e-15 0)
(3 -1.389090356e-13 0)
(3 -3.57042128e-12 0)
(3 -6.295211295e-11 0)
(3 -8.405181171e-10 0)
(3.000000003 -8.840036521e-09 0)
(3.000000028 -7.148058014e-08 0)
(3.000000178 -4.661700797e-07 0)
(3.000000925 -2.442563324e-06 0)
(3.000003908 -1.041794691e-05 0)
(3.000013833 -3.723927365e-05 0)
(3.000041429 -0.0001126061517 0)
(3.000106244 -0.0002907892817 0)
(3.000238586 -0.0006587434147 0)
(3.000482848 -0.001338640135 0)
(3.000856152 -0.002396111674 0)
(3.001440833 -0.004031700248 0)
(3.002156267 -0.006096851906 0)
(3.003180098 -0.009002024802 0)
(3.004184668 -0.01191013913 0)
(3.005588407 -0.01598943941 0)
(3.006894174 -0.01970370589 0)
(3.008351011 -0.02397391928 0)
(3.010814957 -0.03074059465 0)
(3 -9.846023342e-15 0)
(3 1.450605662e-15 0)
(3 2.516854282e-15 0)
(3 5.880378256e-15 0)
(3 9.667646816e-15 0)
(3 5.506820711e-15 0)
(3 1.066047869e-14 0)
(3 1.91920057e-14 0)
(3 1.041452662e-14 0)
(3 -5.22715042e-14 0)
(3 -1.356691651e-12 0)
(3 -2.57577946e-11 0)
(3 -3.718162904e-10 0)
(3.000000002 -4.216790738e-09 0)
(3.000000014 -3.688496137e-08 0)
(3.000000099 -2.567271795e-07 0)
(3.000000547 -1.439510934e-06 0)
(3.000002463 -6.547031259e-06 0)
(3.000009163 -2.459359466e-05 0)
(3.000029072 -7.879649464e-05 0)
(3.000077702 -0.0002124448668 0)
(3.000183148 -0.0005037294157 0)
(3.000377629 -0.001049563554 0)
(3.000713996 -0.001987980527 0)
(3.001179113 -0.003321187182 0)
(3.001909071 -0.005376565943 0)
(3.002695115 -0.007664878477 0)
(3.003850541 -0.01097874222 0)
(3.004947645 -0.01405627396 0)
(3.006308319 -0.01798765945 0)
(3.008672446 -0.02389430853 0)
(3 -8.073537876e-15 0)
(3 -2.417242837e-15 0)
(3 2.302696446e-15 0)
(3 8.037990525e-15 0)
(3 7.663866361e-15 0)
(3 2.654197674e-15 0)
(3 7.77042894e-15 0)
(3 1.52627928e-14 0)
(3 1.070174077e-14 0)
(3 1.17156054e-14 0)
(3 -1.320153934e-14 0)
(3 -4.98244339e-13 0)
(3 -1.025550923e-11 0)
(3 -1.605511923e-10 0)
(3.000000001 -1.962196447e-09 0)
(3.000000007 -1.857782543e-08 0)
(3.000000053 -1.385767706e-07 0)
(3.000000316 -8.298447354e-07 0)
(3.000001518 -4.02875402e-06 0)
(3.000005984 -1.603667766e-05 0)
(3.000019858 -5.383140608e-05 0)
(3.000056229 -0.0001538970333 0)
(3.000136006 -0.0003763902865 0)
(3.000296354 -0.0008255302986 0)
(3.000559363 -0.001579451338 0)
(3.000999058 -0.002820963839 0)
(3.001547003 -0.004412441695 0)
(3.002407102 -0.006850900516 0)
(3.00328747 -0.009219633048 0)
(3.004458493 -0.01248014683 0)
(3.006698775 -0.0171892643 0)
(3 -9.345717103e-15 0)
(3 -7.430126434e-15 0)
(3 -1.372391137e-15 0)
(3 5.450778076e-15 0)
(3 1.833136687e-15 0)
(3 2.68774574e-15 0)
(3 5.898956077e-15 0)
(3 7.910746808e-15 0)
(3 6.802876889e-15 0)
(3 1.158930867e-14 0)
(3 9.677658409e-15 0)
(3 -2.392965152e-15 0)
(3 -1.797876162e-13 0)
(3 -3.977374947e-12 0)
(3 -6.774040879e-11 0)
(3 -8.938947485e-10 0)
(3.000000004 -9.155950175e-09 0)
(3.000000028 -7.359127911e-08 0)
(3.000000177 -4.709033739e-07 0)
(3.000000907 -2.443981153e-06 0)
(3.000003776 -1.031842573e-05 0)
(3.00001319 -3.653268248e-05 0)
(3.000038834 -0.0001088489305 0)
(3.000099336 -0.0002800395393 0)
(3.000219645 -0.0006212892922 0)
(3.000444441 -0.001245398342 0)
(3.00078639 -0.002165100554 0)
(3.001337084 -0.003586854856 0)
(3.002038107 -0.005108325259 0)
(3.002954346 -0.007221461793 0)
(3.005009391 -0.0100521736 0)
(3 -7.967908559e-15 0)
(3 -3.427264714e-15 0)
(3 -1.68488226e-15 0)
(3 6.651468963e-16 0)
(3 1.897141695e-15 0)
(3 2.183936334e-15 0)
(3 6.799283061e-15 0)
(3 5.311994185e-15 0)
(3 4.528834058e-15 0)
(3 6.538580048e-15 0)
(3 2.311558632e-15 0)
(3 8.700409885e-15 0)
(3 2.350891854e-15 0)
(3 -3.301162039e-14 0)
(3 -8.576723652e-13 0)
(3 -1.594911969e-11 0)
(3 -2.269590019e-10 0)
(3.000000002 -2.501711563e-09 0)
(3.00000002 -2.157919091e-08 0)
(3.000000138 -1.477280088e-07 0)
(3.000000771 -8.117620162e-07 0)
(3.000003538 -3.655138367e-06 0)
(3.00001344 -1.350709216e-05 0)
(3.000043595 -4.263178806e-05 0)
(3.000119969 -0.0001122182979 0)
(3.000294154 -0.0002647700026 0)
(3.000622791 -0.0005233540246 0)
(3.001223561 -0.0009824896286 0)
(3.002133242 -0.001534433823 0)
(3.003363273 -0.002351301473 0)
(3.006372366 -0.003581848802 0)
)
;

boundaryField
{
    inlet
    {
        type            fixedValue;
        value           nonuniform 0();
    }
    outlet
    {
        type            inletOutlet;
        inletValue      uniform (3 0 0);
        value           nonuniform List<vector> 
71
(
(2.382851376 0.4425486699 0)
(2.381481234 0.4359916327 0)
(2.39699446 0.4460781291 0)
(2.431103096 0.4506327931 0)
(2.473765178 0.4638203581 0)
(2.515864513 0.4767049462 0)
(2.549973082 0.4898974523 0)
(2.574293883 0.5014186033 0)
(2.590641972 0.5108934034 0)
(2.601756521 0.5173897568 0)
(2.609439387 0.520223915 0)
(2.614647016 0.5207828189 0)
(2.618092409 0.5208365024 0)
(2.62018307 0.5218583885 0)
(2.620637226 0.5247771255 0)
(2.618980632 0.5304114455 0)
(2.616030262 0.5382302985 0)
(2.613668201 0.5472886878 0)
(2.613923843 0.5550398802 0)
(2.616548769 0.5617009158 0)
(2.619742808 0.5670866185 0)
(2.621816283 0.5683656605 0)
(2.621125693 0.5660783669 0)
(2.618956464 0.565155215 0)
(2.615556631 0.5656256308 0)
(2.611487832 0.5675690764 0)
(2.607446074 0.57024784 0)
(2.603874431 0.5740284662 0)
(2.602073783 0.5787086641 0)
(2.601805035 0.5852951645 0)
(2.603518273 0.5921444112 0)
(2.60588223 0.5972523053 0)
(2.606425458 0.6005955788 0)
(2.605828412 0.6005000432 0)
(2.60402097 0.602306592 0)
(2.60237304 0.6050998647 0)
(2.600804923 0.6082586306 0)
(2.599996967 0.6092181394 0)
(2.600186734 0.6105701448 0)
(2.601123923 0.6133108912 0)
(2.601109147 0.6179662882 0)
(2.605370251 0.6219929468 0)
(2.602719921 0.629096056 0)
(2.59957022 0.6286642536 0)
(2.604622113 0.6236159499 0)
(2.597159772 0.6394231202 0)
(2.640574848 0.5963402859 0)
(2.694460667 0.5353354877 0)
(2.791372391 0.3520670651 0)
(2.930528261 0.1058548127 0)
(3.018767556 -0.06797084082 0)
(3.040502055 -0.1281364903 0)
(3.041975625 -0.1317268629 0)
(3.040776201 -0.1271763696 0)
(3.039177968 -0.1210734033 0)
(3.036445991 -0.1117600337 0)
(3.034293117 -0.1049693632 0)
(3.031673734 -0.09650034455 0)
(3.029603971 -0.08951316246 0)
(3.027233132 -0.08168317027 0)
(3.02490645 -0.07440705214 0)
(3.022468083 -0.06677876119 0)
(3.020122938 -0.05943051306 0)
(3.017752374 -0.05210397223 0)
(3.015376251 -0.04484527017 0)
(3.013056583 -0.0377223813 0)
(3.010814957 -0.03074059465 0)
(3.008672446 -0.02389430853 0)
(3.006698775 -0.0171892643 0)
(3.005009391 -0.0100521736 0)
(3.006372366 -0.003581848802 0)
)
;
    }
    bottom
    {
        type            slip;
    }
    top
    {
        type            slip;
    }
    obstacle
    {
        type            slip;
    }
    defaultFaces
    {
        type            empty;
    }
    procBoundary35to29
    {
        type            processor;
        value           nonuniform List<vector> 
33
(
(2.485065185 0.5472505844 0)
(2.473267818 0.5340209749 0)
(2.455684501 0.5247388312 0)
(2.43801072 0.5113923181 0)
(2.419509897 0.50030883 0)
(2.402477659 0.4872264636 0)
(2.385255411 0.4795532751 0)
(2.371335604 0.4690166302 0)
(2.358386734 0.4646270216 0)
(2.35074566 0.4571229173 0)
(2.346144163 0.4557175657 0)
(2.34880607 0.4491691434 0)
(2.355030465 0.4492706212 0)
(2.364370913 0.4459896202 0)
(2.375561144 0.4444056012 0)
(2.393563948 0.4409821613 0)
(2.545636508 0.6300769207 0)
(2.538180729 0.6251335367 0)
(2.519680915 0.6304876875 0)
(2.496960887 0.6472870882 0)
(2.486678282 0.6467525822 0)
(2.499230877 0.6329945779 0)
(2.516468645 0.6191549017 0)
(2.527247686 0.6052584403 0)
(2.533350571 0.5958984987 0)
(2.531560474 0.5939117462 0)
(2.519271388 0.6011011732 0)
(2.506947732 0.6025849745 0)
(2.50575059 0.5919506713 0)
(2.510724434 0.5772124633 0)
(2.515725311 0.5657747675 0)
(2.517777875 0.5583749809 0)
(2.517777875 0.5583749809 0)
)
;
    }
    procBoundary35to34
    {
        type            processor;
        value           nonuniform List<vector> 
71
(
(2.561230441 0.6385895415 0)
(2.5650817 0.6494673936 0)
(2.555670862 0.6595094207 0)
(2.523068248 0.6771086087 0)
(2.481351989 0.6863105809 0)
(2.469676244 0.690243702 0)
(2.473449626 0.6886744354 0)
(2.523775702 0.6558844587 0)
(2.612508443 0.6063044506 0)
(2.806865233 0.3259855356 0)
(3.041052777 -0.147568339 0)
(3.081489924 -0.2849672962 0)
(3.083838271 -0.2974490963 0)
(3.083475364 -0.2975056051 0)
(3.083354616 -0.2970146482 0)
(3.082534169 -0.2934445262 0)
(3.082154521 -0.2896483771 0)
(3.08169605 -0.2841804078 0)
(3.078001591 -0.2729139213 0)
(3.076979057 -0.2703808767 0)
(3.074518004 -0.2600555697 0)
(3.072579355 -0.2507605642 0)
(3.0707869 -0.2393485933 0)
(3.066327196 -0.2219190342 0)
(3.065091122 -0.2156400131 0)
(3.061770984 -0.2040172509 0)
(3.058793332 -0.1946666517 0)
(3.056455285 -0.1846565831 0)
(3.052805858 -0.1699268698 0)
(3.050914108 -0.1608179373 0)
(3.047405139 -0.1490591822 0)
(3.04486329 -0.143559973 0)
(3.041200865 -0.1306797684 0)
(3.039290612 -0.1211512395 0)
(3.035154098 -0.1067969165 0)
(3.03281701 -0.10008457 0)
(3.029690296 -0.09141186607 0)
(3.02691558 -0.08160330488 0)
(3.022949321 -0.06845661678 0)
(3.022104324 -0.06581516551 0)
(3.022104324 -0.06581516551 0)
(3.018936131 -0.05552421567 0)
(3.016306826 -0.04840219718 0)
(3.013434396 -0.03964622054 0)
(3.010154253 -0.02939758584 0)
(3.007503281 -0.02147847947 0)
(3.005366842 -0.01542077227 0)
(3.003374937 -0.009566710935 0)
(3.001850778 -0.005189412921 0)
(3.000923762 -0.00257912279 0)
(3.000381236 -0.001053889377 0)
(3.000124385 -0.000339505456 0)
(3.0000326 -8.812137731e-05 0)
(3.000006381 -1.702076421e-05 0)
(3.000000898 -2.359410514e-06 0)
(3.00000009 -2.323212294e-07 0)
(3.000000006 -1.53920911e-08 0)
(3 -6.71918813e-10 0)
(3 -1.88865688e-11 0)
(3 -3.184007724e-13 0)
(3 1.982002217e-15 0)
(3 1.460604067e-15 0)
(3 -7.324345093e-15 0)
(3 -8.726372534e-15 0)
(3 -8.368854989e-15 0)
(3 -1.188582354e-14 0)
(3 -1.352125465e-14 0)
(3 -1.541740716e-14 0)
(3 -1.346865178e-14 0)
(3 -8.186767628e-15 0)
(3 -2.057114833e-15 0)
)
;
    }
}


// ************************************************************************* //
