/*--------------------------------*- C++ -*----------------------------------*\
  =========                 |
  \\      /  F ield         | OpenFOAM: The Open Source CFD Toolbox
   \\    /   O peration     | Website:  https://openfoam.org
    \\  /    A nd           | Version:  7
     \\/     M anipulation  |
\*---------------------------------------------------------------------------*/
FoamFile
{
    version     2.0;
    format      ascii;
    class       volVectorField;
    location    "2.5";
    object      U;
}
// * * * * * * * * * * * * * * * * * * * * * * * * * * * * * * * * * * * * * //

dimensions      [0 1 -1 0 0 0 0];

internalField   nonuniform List<vector> 
2222
(
(3 -1.390453275e-15 0)
(3 -1.844163497e-15 0)
(3 -1.599407042e-15 0)
(3 -9.586486404e-16 0)
(3 1.339837087e-16 0)
(3 5.870385317e-16 0)
(3 5.99192429e-16 0)
(3 4.16783815e-16 0)
(3 3.527838274e-16 0)
(3 -2.733570188e-16 0)
(3 -3.091153936e-16 0)
(3 -6.815251855e-16 0)
(3 -8.978682194e-16 0)
(3 -2.737495403e-16 0)
(3 8.098668891e-17 0)
(3 2.823572424e-16 0)
(3 2.654594862e-16 0)
(3 2.678545019e-16 0)
(3 -2.277655873e-16 0)
(3 -5.641361933e-16 0)
(3 -3.212156033e-16 0)
(3 3.131426517e-16 0)
(3 1.204474645e-15 0)
(3 1.004795619e-15 0)
(3 1.329752963e-15 0)
(3 2.12319777e-15 0)
(3 2.193857253e-15 0)
(3 2.331017262e-15 0)
(3 2.386694943e-15 0)
(3 2.437404822e-15 0)
(3 1.388791613e-15 0)
(3 1.602447787e-15 0)
(3 1.523156863e-15 0)
(3 1.534541781e-15 0)
(3 6.148757385e-16 0)
(3 2.39315405e-16 0)
(3 -1.643868397e-16 0)
(3 -1.679935377e-15 0)
(3 -1.249904327e-15 0)
(3 -3.049643613e-16 0)
(3 1.656491978e-16 0)
(3 6.643525987e-16 0)
(3 3.356156876e-16 0)
(3 2.683944814e-16 0)
(3 4.286181868e-16 0)
(3 4.985027578e-16 0)
(3 1.703578444e-16 0)
(3 -3.254238197e-16 0)
(3 -1.578903963e-16 0)
(3 -4.525711954e-16 0)
(3 -1.164274917e-16 0)
(3 1.620770963e-16 0)
(3 -4.205513454e-17 0)
(3 -3.694681999e-16 0)
(3 -3.703976089e-16 0)
(3 3.954666941e-16 0)
(3 9.179397155e-16 0)
(3 9.333278346e-16 0)
(3 1.623893923e-16 0)
(3 4.968902276e-16 0)
(3 -2.89823206e-16 0)
(3 -4.524561586e-16 0)
(3 -4.031505887e-16 0)
(3 -8.154538965e-16 0)
(3 -1.230862555e-15 0)
(3 -1.589164462e-15 0)
(3 -1.447075965e-15 0)
(3 -5.844770625e-16 0)
(3 -1.291575453e-16 0)
(3 1.480139001e-16 0)
(3 3.450333418e-16 0)
(3 5.176824782e-16 0)
(3 4.162491183e-16 0)
(3 -6.757107386e-17 0)
(3 -1.688776807e-16 0)
(3 -1.549805664e-15 0)
(3 -2.372569508e-15 0)
(3 -2.185041049e-15 0)
(3 -2.113963302e-15 0)
(3 -7.11229365e-16 0)
(3 -4.682340969e-16 0)
(3 -2.112244329e-16 0)
(3 -6.654709836e-16 0)
(3 -2.025169437e-16 0)
(3 3.15453348e-16 0)
(3 -3.801844492e-16 0)
(3 -7.249722692e-16 0)
(3 -2.872394429e-16 0)
(3 3.593308817e-16 0)
(3 1.463827476e-15 0)
(3 1.50453477e-15 0)
(3 1.849549647e-15 0)
(3 2.459494112e-15 0)
(3 3.395318923e-15 0)
(3 3.618920718e-15 0)
(3 3.498010235e-15 0)
(3 2.996123432e-15 0)
(3 1.637464416e-15 0)
(3 7.137615056e-16 0)
(3 -2.687943923e-16 0)
(3 -1.628647356e-15 0)
(3 -1.411209731e-15 0)
(3 -1.637983401e-15 0)
(3 -2.071476149e-15 0)
(3 -2.076125106e-15 0)
(3 -4.767149457e-16 0)
(3 1.033410861e-15 0)
(3 3.528749144e-16 0)
(3 -8.780608981e-17 0)
(3 -3.283975735e-16 0)
(3 -6.963429302e-16 0)
(3 -6.073444744e-16 0)
(3 -6.169203126e-16 0)
(3 -1.522950149e-15 0)
(3 -1.654644127e-15 0)
(3 4.197749832e-16 0)
(3 1.302849012e-15 0)
(3 1.990355295e-15 0)
(3 1.687648505e-15 0)
(3 8.198849389e-16 0)
(3 2.570253973e-16 0)
(3 1.24405516e-15 0)
(3 1.752571582e-15 0)
(3 1.61609949e-15 0)
(3 5.365065735e-16 0)
(3 7.423385685e-17 0)
(3 -5.839255997e-16 0)
(3 -1.561793865e-15 0)
(3 -1.591462694e-15 0)
(3 -1.208231351e-15 0)
(3 -1.193990297e-15 0)
(3 -1.254260485e-15 0)
(3 -7.267844029e-16 0)
(3 2.22785391e-15 0)
(3 2.441724262e-15 0)
(3 1.582641702e-15 0)
(3 1.778335352e-17 0)
(3 -6.354451243e-16 0)
(3 -7.439583776e-16 0)
(3 -9.458252765e-16 0)
(3 -1.667976959e-15 0)
(3 -2.29711702e-15 0)
(3 -3.336783843e-15 0)
(3 -3.07823422e-15 0)
(3 -2.880547044e-15 0)
(3 -2.905029016e-15 0)
(3 -3.000235005e-15 0)
(3 -2.627673042e-15 0)
(3 -1.549567288e-15 0)
(3 -1.041617604e-15 0)
(3 2.646345838e-16 0)
(3 2.054780458e-15 0)
(3 3.749211008e-15 0)
(3 4.172547313e-15 0)
(3 4.089871961e-15 0)
(3 3.487312968e-15 0)
(3 2.910298627e-15 0)
(3 1.977474456e-15 0)
(3 1.968838536e-15 0)
(3 3.709851267e-15 0)
(3 5.146506128e-15 0)
(3 5.653339807e-15 0)
(3 5.267324034e-15 0)
(3 5.30571196e-15 0)
(3 3.780701596e-15 0)
(3 3.382834741e-15 0)
(3 2.349047993e-15 0)
(3 9.938553078e-16 0)
(3 2.699033031e-16 0)
(3 -7.237398798e-16 0)
(3 -9.3922239e-16 0)
(3 -1.230343998e-15 0)
(3 -1.030961396e-15 0)
(3 3.035724474e-16 0)
(3 1.257178343e-16 0)
(3 1.207891445e-16 0)
(3 -3.953262454e-16 0)
(3 -1.893331735e-15 0)
(3 -2.121475512e-15 0)
(3 -2.749944034e-15 0)
(3 -2.492837013e-15 0)
(3 -2.669332107e-15 0)
(3 -2.455578134e-15 0)
(3 -1.932704397e-15 0)
(3 -8.685176881e-16 0)
(3 -7.855553326e-16 0)
(3 -1.286011654e-15 0)
(3 -1.71306324e-15 0)
(3 -2.105388595e-15 0)
(3 -2.888072923e-15 0)
(3 -3.214283942e-15 0)
(3 -2.946723612e-15 0)
(3 -2.787775022e-15 0)
(3 -2.956374271e-15 0)
(3 -3.140457869e-15 0)
(3 -3.103342597e-15 0)
(3 -2.271945856e-15 0)
(3 -2.086312784e-15 0)
(3 -2.895517157e-15 0)
(3 -3.814988346e-15 0)
(3 5.842789371e-15 0)
(3 1.149945176e-15 0)
(3 -3.036692023e-16 0)
(3 -8.721631771e-16 0)
(3 -1.232165156e-15 0)
(3 -1.228134178e-15 0)
(3 -7.988468321e-16 0)
(3 -1.21650468e-15 0)
(3 -1.462582027e-15 0)
(3 -1.772381811e-15 0)
(3 -1.929691762e-15 0)
(3 -1.900903922e-15 0)
(3 -1.984304271e-15 0)
(3 -2.631570862e-15 0)
(3 -2.497972349e-15 0)
(3 -1.14373598e-15 0)
(3 -1.573680571e-17 0)
(3 3.499245329e-16 0)
(3 1.303187978e-15 0)
(3 2.472237038e-15 0)
(3 3.302139819e-15 0)
(3 4.83909627e-15 0)
(3 4.503787668e-15 0)
(3 3.628048175e-15 0)
(3 3.734597075e-15 0)
(3 4.159032952e-15 0)
(3 3.876764332e-15 0)
(3 4.282022762e-15 0)
(3 4.374785989e-15 0)
(3 4.078004491e-15 0)
(3 4.168543895e-15 0)
(3 4.417112944e-15 0)
(3 4.9004711e-15 0)
(3 4.768606964e-15 0)
(3 2.70412909e-15 0)
(3 1.057398324e-15 0)
(3 -2.417205e-16 0)
(3 -5.672061759e-16 0)
(3 -4.326406881e-16 0)
(3 1.133579046e-15 0)
(3 6.685317952e-16 0)
(3 8.204537446e-16 0)
(3 5.580943395e-16 0)
(3 -1.568012682e-16 0)
(3 -1.634819744e-15 0)
(3 -2.097137647e-15 0)
(3 -3.176903109e-15 0)
(3 -3.256298001e-15 0)
(3 -3.48331551e-15 0)
(3 -4.149746163e-15 0)
(3 -4.220506034e-15 0)
(3 -3.586903366e-15 0)
(3 -2.780297411e-15 0)
(3 -2.780278727e-15 0)
(3 -4.029703139e-15 0)
(3 -4.734459943e-15 0)
(3 -5.552267662e-15 0)
(3 -4.898252758e-15 0)
(3 -3.979284436e-15 0)
(3 -3.432159022e-15 0)
(3 -3.537872229e-15 0)
(3 -2.597379679e-15 0)
(3 -1.541551312e-15 0)
(3 -1.00977437e-15 0)
(3 -1.180953166e-15 0)
(3 -1.706898541e-15 0)
(3 -2.920228979e-15 0)
(3 3.094050016e-15 0)
(3 1.848227828e-15 0)
(3 -2.815713017e-17 0)
(3 -1.162700661e-15 0)
(3 -1.483038698e-15 0)
(3 2.316924833e-16 0)
(3 -7.783404693e-17 0)
(3 -1.728321987e-16 0)
(3 -3.386072089e-16 0)
(3 -4.662226176e-16 0)
(3 -1.249501295e-15 0)
(3 -1.70053107e-15 0)
(3 -1.828576125e-15 0)
(3 -1.008637777e-15 0)
(3 -1.040371496e-15 0)
(3 -3.049065531e-17 0)
(3 1.24649349e-16 0)
(3 -1.505554094e-16 0)
(3 -1.105425068e-15 0)
(3 -9.038880391e-16 0)
(3 1.762234743e-16 0)
(3 4.011762859e-16 0)
(3 9.885874193e-16 0)
(3 2.997075664e-15 0)
(3 3.368255663e-15 0)
(3 3.614123307e-15 0)
(3 3.21009525e-15 0)
(3 2.832113908e-15 0)
(3 2.964640404e-15 0)
(3 3.042545352e-15 0)
(3 3.110528211e-15 0)
(3 3.314289667e-15 0)
(3 4.013036434e-15 0)
(3 4.450538842e-15 0)
(3 4.248701914e-15 0)
(3 4.033404543e-15 0)
(3 3.278032378e-15 0)
(3 2.822016696e-15 0)
(3 3.17414e-15 0)
(3 2.799469583e-15 0)
(3 1.561406696e-15 0)
(3 6.593852547e-16 0)
(3 -5.744010485e-16 0)
(3 -1.212450482e-15 0)
(3 -4.83946042e-16 0)
(3 -4.093035505e-16 0)
(3 -6.715313319e-16 0)
(3 -1.29047201e-15 0)
(3 -2.667796225e-15 0)
(3 -3.678134e-15 0)
(3 -3.909981274e-15 0)
(3 -3.403565576e-15 0)
(3 -2.487214608e-15 0)
(3 -1.902236258e-15 0)
(3 -3.142046713e-15 0)
(3 -3.81534732e-15 0)
(3 -3.871380197e-15 0)
(3 -3.409744952e-15 0)
(3 -2.640831116e-15 0)
(3 -2.750854091e-15 0)
(3 -3.466370611e-15 0)
(3 -3.642602759e-15 0)
(3 -3.108963635e-15 0)
(3 -2.510412115e-15 0)
(3 -9.252732061e-16 0)
(3 -5.302527196e-17 0)
(3 2.129989504e-16 0)
(3 1.036574072e-15 0)
(3 -6.34433774e-16 0)
(3 -3.197900361e-15 0)
(3 -4.491982769e-15 0)
(3 -4.169799833e-15 0)
(3 -2.702189363e-15 0)
(3 -2.2474633e-15 0)
(3 -1.958091992e-15 0)
(3 -1.419384025e-15 0)
(3 -1.252002601e-15 0)
(3 -1.284077952e-15 0)
(3 -1.34389813e-15 0)
(3 -6.960464279e-16 0)
(3 1.168399117e-15 0)
(3 1.405546815e-15 0)
(3 7.177066183e-16 0)
(3 -6.799225376e-18 0)
(3 4.887757896e-16 0)
(3 3.021303019e-16 0)
(3 -4.054113854e-17 0)
(3 -9.586229756e-17 0)
(3 8.587060169e-16 0)
(3 2.63537846e-15 0)
(3 4.430769706e-15 0)
(3 3.35481337e-15 0)
(3 2.389457459e-15 0)
(3 1.931141653e-15 0)
(3 2.148826083e-15 0)
(3 2.411614687e-15 0)
(3 3.540582372e-15 0)
(3 3.821300345e-15 0)
(3 3.465473979e-15 0)
(3 3.265974975e-15 0)
(3 3.970357478e-15 0)
(3 5.078634749e-15 0)
(3 5.559155125e-15 0)
(3 5.679430182e-15 0)
(3 5.283077726e-15 0)
(3 4.803222268e-15 0)
(3 3.984276609e-15 0)
(3 3.218928041e-15 0)
(3 2.014931854e-15 0)
(3 3.42856433e-16 0)
(3 7.120880117e-18 0)
(3 5.710686645e-16 0)
(3 1.360989967e-15 0)
(3 -6.282298834e-16 0)
(3 -2.501877556e-15 0)
(3 -3.475369142e-15 0)
(3 -4.393479735e-15 0)
(3 -4.730798961e-15 0)
(3 -3.976545735e-15 0)
(3 -2.537769103e-15 0)
(3 -2.241893578e-15 0)
(3 -2.092126816e-15 0)
(3 -2.009824773e-15 0)
(3 -1.664937275e-15 0)
(3 -1.35939478e-15 0)
(3 -1.1483339e-15 0)
(3 -1.390586645e-15 0)
(3 -2.045751418e-15 0)
(3 -3.789614044e-15 0)
(3 -4.464308217e-15 0)
(3 -4.822737738e-15 0)
(3 -4.508617135e-15 0)
(3 -3.643187732e-15 0)
(3 -1.713606423e-15 0)
(3 -3.797261707e-15 0)
(3 -3.96020221e-15 0)
(3 -4.474536883e-15 0)
(3 -4.738414005e-15 0)
(3 -4.774140557e-15 0)
(3 -4.507564352e-15 0)
(3 -4.401439419e-15 0)
(3 -3.493609832e-15 0)
(3 -3.005577783e-15 0)
(3 -2.671659219e-15 0)
(3 -2.008603463e-15 0)
(3 -1.600630873e-15 0)
(3 -1.186268215e-15 0)
(3 -3.472594326e-16 0)
(3 2.499287933e-16 0)
(3 3.071945973e-16 0)
(3 9.352349123e-16 0)
(3 2.305211283e-15 0)
(3 2.97842334e-15 0)
(3 3.067380286e-15 0)
(3 2.773842655e-15 0)
(3 2.737253763e-15 0)
(3 2.566081054e-15 0)
(3 2.553460573e-15 0)
(3 2.326885032e-15 0)
(3 1.817883902e-15 0)
(3 2.301820353e-15 0)
(3 2.61323261e-15 0)
(3 3.049609062e-15 0)
(3 3.711721832e-15 0)
(3 4.685759341e-15 0)
(3 4.686164387e-15 0)
(3 3.502416764e-15 0)
(3 3.36214129e-15 0)
(3 3.726454632e-15 0)
(3 4.128962021e-15 0)
(3 4.304828361e-15 0)
(3 3.874110981e-15 0)
(3 2.984961766e-15 0)
(3 1.371635716e-15 0)
(3 6.817462245e-16 0)
(3 6.101293574e-16 0)
(3 1.303007675e-15 0)
(3 2.152598108e-15 0)
(3 2.0347323e-15 0)
(3 1.559849063e-15 0)
(3 2.338376369e-16 0)
(3 -1.682277469e-15 0)
(3 -1.918912298e-15 0)
(3 -2.572901417e-15 0)
(3 -2.562210568e-15 0)
(3 -3.312480342e-15 0)
(3 -2.769785169e-15 0)
(3 -1.617790589e-15 0)
(3 -4.963825932e-16 0)
(3 -7.768566848e-16 0)
(3 -1.285075955e-15 0)
(3 -1.660295133e-15 0)
(3 -2.378476215e-15 0)
(3 -2.968816407e-15 0)
(3 -3.19491115e-15 0)
(3 -3.500254283e-15 0)
(3 -3.607544682e-15 0)
(3 -4.017698568e-15 0)
(3 -3.90846636e-15 0)
(3 -3.436950241e-15 0)
(3 -2.423300237e-15 0)
(3 -4.218795425e-15 0)
(3 -4.000710026e-15 0)
(3 -3.862782205e-15 0)
(3 -4.223499481e-15 0)
(3 -4.108570985e-15 0)
(3 -4.990310072e-15 0)
(3 -5.59458983e-15 0)
(3 -5.087339088e-15 0)
(3 -3.224395006e-15 0)
(3 -2.725046688e-15 0)
(3 -2.229952178e-15 0)
(3 -2.04745117e-15 0)
(3 -2.608619644e-15 0)
(3 -2.509708235e-15 0)
(3 -1.152411839e-15 0)
(3 1.525099462e-16 0)
(3 5.412758904e-16 0)
(3 5.324798658e-16 0)
(3 1.22698294e-15 0)
(3 2.958422456e-15 0)
(3 3.472223818e-15 0)
(3 2.066488496e-15 0)
(3 1.696781508e-15 0)
(3 2.388993407e-15 0)
(3 3.076562822e-15 0)
(3 3.876895515e-15 0)
(3 3.381292187e-15 0)
(3 2.27181927e-15 0)
(3 1.792986946e-15 0)
(3 1.889148272e-15 0)
(3 2.972146151e-15 0)
(3 3.376654017e-15 0)
(3 2.9320342e-15 0)
(3 2.01385993e-15 0)
(3 1.622566198e-15 0)
(3 1.990735422e-15 0)
(3 2.829925445e-15 0)
(3 3.318425597e-15 0)
(3 3.112385771e-15 0)
(3 1.551171253e-15 0)
(3 4.799535976e-16 0)
(3 -1.76616556e-16 0)
(3 -2.163159638e-16 0)
(3 -5.354258205e-16 0)
(3 -7.071268491e-16 0)
(3 -6.863698875e-16 0)
(3 -1.343855852e-15 0)
(3 -1.039667722e-15 0)
(3 -1.038585849e-15 0)
(3 -1.44112615e-15 0)
(3 -1.060655594e-15 0)
(3 -1.805798156e-15 0)
(3 -1.917651614e-15 0)
(3 -1.259584829e-15 0)
(3 -7.695725239e-16 0)
(3 -4.437765513e-16 0)
(3 -1.045239413e-15 0)
(3 -1.494294749e-15 0)
(3 -2.257072118e-15 0)
(3 -3.612439314e-15 0)
(3 -4.062117197e-15 0)
(3 -3.519061571e-15 0)
(3 -2.926611213e-15 0)
(3 -2.443972211e-15 0)
(3 -1.553250072e-15 0)
(3 -9.922344243e-16 0)
(3 -1.217200644e-15 0)
(3 -3.196376966e-15 0)
(3 -3.401511038e-15 0)
(3 -4.34952002e-15 0)
(3 -4.750236037e-15 0)
(3 -4.904957443e-15 0)
(3 -5.48203429e-15 0)
(3 -6.386153721e-15 0)
(3 -6.20418897e-15 0)
(3 -5.843962985e-15 0)
(3 -3.854289387e-15 0)
(3 -2.960323665e-15 0)
(3 -2.21183468e-15 0)
(3 -2.203344618e-15 0)
(3 -2.767404987e-15 0)
(3 -3.136664714e-15 0)
(3 -2.34377804e-15 0)
(3 -1.843536714e-15 0)
(3 -1.166188346e-15 0)
(3 -5.446187635e-16 0)
(3 -1.472339665e-16 0)
(3 1.848206899e-16 0)
(3 3.153073137e-16 0)
(3 1.762509116e-15 0)
(3 2.173790681e-15 0)
(3 1.863758262e-15 0)
(3 1.720886101e-15 0)
(3 1.5544061e-15 0)
(3 2.275305127e-15 0)
(3 2.84860208e-15 0)
(3 2.823955808e-15 0)
(3 2.117220245e-15 0)
(3 1.309483715e-15 0)
(3 1.001804583e-15 0)
(3 2.23441976e-17 0)
(3 -7.383377958e-16 0)
(3 -1.584042822e-15 0)
(3 -5.251773516e-16 0)
(3 1.186144911e-15 0)
(3 2.416020651e-15 0)
(3 3.080345751e-15 0)
(3 3.504446948e-15 0)
(3 2.588816578e-15 0)
(3 3.674760551e-16 0)
(3 -8.131267485e-16 0)
(3 -1.421682443e-15 0)
(3 -1.799044693e-15 0)
(3 -2.706904298e-15 0)
(3 -2.904213966e-15 0)
(3 -3.192005593e-15 0)
(3 -1.963288377e-15 0)
(3 -1.175101311e-15 0)
(3 -1.469880219e-15 0)
(3 -1.862657511e-15 0)
(3 -2.689643121e-15 0)
(3 -2.713168031e-15 0)
(3 -2.387548694e-15 0)
(3 -1.885542347e-15 0)
(3 -2.118058448e-15 0)
(3 -2.342032959e-15 0)
(3 -1.841433136e-15 0)
(3 -1.521997556e-15 0)
(3 -1.497448717e-15 0)
(3 -1.57062061e-15 0)
(3 -1.601174039e-15 0)
(3 -2.083964458e-15 0)
(3 -1.923001366e-15 0)
(3 -2.291276458e-15 0)
(3 -6.754509614e-15 0)
(3 -7.072163026e-15 0)
(3 -7.147710217e-15 0)
(3 -7.247582415e-15 0)
(3 -7.596545553e-15 0)
(3 -8.688036004e-15 0)
(3 -8.82163203e-15 0)
(3 -8.394516882e-15 0)
(3 -7.504919903e-15 0)
(3 -6.649238681e-15 0)
(3 -5.071531133e-15 0)
(3 -3.747736927e-15 0)
(3 -2.522736456e-15 0)
(3 -2.277769702e-15 0)
(3 -3.262973555e-15 0)
(3 -3.173743866e-15 0)
(3 -2.196428112e-15 0)
(3 -1.344780128e-15 0)
(3 -1.154594514e-15 0)
(3 -1.782941197e-15 0)
(3 -1.541465708e-15 0)
(3 8.614334264e-16 0)
(3 1.513685185e-15 0)
(3 5.899418865e-16 0)
(3 -1.747610877e-16 0)
(3 -3.517135611e-16 0)
(3 8.583986194e-16 0)
(3 2.183981367e-15 0)
(3 3.061333112e-15 0)
(3 3.928128895e-15 0)
(3 3.56287578e-15 0)
(3 2.493768667e-15 0)
(3 1.010824428e-15 0)
(3 -1.755229887e-17 0)
(3 -1.493574788e-16 0)
(3 -3.894061185e-16 0)
(3 -1.112972927e-15 0)
(3 -7.128412507e-16 0)
(3 7.826373584e-16 0)
(3 2.182148121e-15 0)
(3 3.082173818e-15 0)
(3 2.905079729e-15 0)
(3 2.205404059e-15 0)
(3 6.024426396e-16 0)
(3 -4.809596466e-16 0)
(3 -2.312223619e-15 0)
(3 -1.981514039e-15 0)
(3 -1.357312108e-15 0)
(3 -6.418234051e-16 0)
(3 1.790955631e-16 0)
(3 -7.097444184e-16 0)
(3 -1.62419157e-15 0)
(3 -1.65052831e-15 0)
(3 -1.82941513e-15 0)
(3 -1.767820422e-15 0)
(3 -8.843875582e-16 0)
(3 -5.640103249e-16 0)
(3 -1.033846633e-15 0)
(3 -2.239357158e-15 0)
(3 -2.850447906e-15 0)
(3 -1.994379455e-15 0)
(3 -1.774818223e-15 0)
(3 -1.773214219e-15 0)
(3 -2.174611005e-15 0)
(3 -2.996637708e-15 0)
(3 -4.733989631e-15 0)
(3 -4.937608412e-15 0)
(3 -8.791213253e-15 0)
(3 -9.067615014e-15 0)
(3 -9.063689674e-15 0)
(3 -9.365443493e-15 0)
(3 -1.027567536e-14 0)
(3 -1.022563055e-14 0)
(3 -9.55616601e-15 0)
(3 -8.823363305e-15 0)
(3 -8.371271826e-15 0)
(3 -8.138311214e-15 0)
(3 -7.567724458e-15 0)
(3 -6.943622333e-15 0)
(3 -6.19415526e-15 0)
(3 -3.601122344e-15 0)
(3 -2.641306688e-15 0)
(3 -2.527057842e-15 0)
(3 -8.880153246e-16 0)
(3 -2.330331525e-16 0)
(3 8.950430699e-18 0)
(3 3.23679902e-16 0)
(3 3.938235597e-16 0)
(3 2.968309744e-16 0)
(3 -7.554814438e-17 0)
(3 -6.604496974e-16 0)
(3 -1.138921116e-15 0)
(3 -1.939508383e-15 0)
(3 -1.724250905e-15 0)
(3 -1.370227659e-15 0)
(3 -4.126687921e-16 0)
(3 5.822673006e-16 0)
(3 2.391864776e-15 0)
(3 2.31528634e-15 0)
(3 1.260485648e-15 0)
(3 1.187955105e-15 0)
(3 1.074096309e-16 0)
(3 8.476491428e-16 0)
(3 7.276241146e-16 0)
(3 3.926875624e-16 0)
(3 -4.034300203e-17 0)
(3 -1.346742609e-15 0)
(3 -1.565224766e-15 0)
(3 -1.725297328e-16 0)
(3 3.266468265e-16 0)
(3 -6.106961009e-17 0)
(3 -1.618567489e-15 0)
(3 -1.830804724e-15 0)
(3 -1.56674536e-15 0)
(3 -1.076585362e-16 0)
(3 7.674450359e-16 0)
(3 3.059591587e-16 0)
(3 1.041022683e-16 0)
(3 -5.706631216e-16 0)
(3 -8.663616389e-16 0)
(3 -7.067427685e-16 0)
(3 -9.537587242e-16 0)
(3 -1.028271129e-15 0)
(3 -1.752576294e-15 0)
(3 -2.554945299e-15 0)
(3 -2.412766348e-15 0)
(3 -3.141425071e-15 0)
(3 -3.632505656e-15 0)
(3 -3.036881608e-15 0)
(3 -3.024994193e-15 0)
(3 -3.416658219e-15 0)
(3 -4.034026161e-15 0)
(3 -6.21204537e-15 0)
(3 -7.633411059e-15 0)
(3 -8.799451384e-15 0)
(3 -9.651835608e-15 0)
(3 -9.838983363e-15 0)
(3 -1.017455838e-14 0)
(3 -1.037060427e-14 0)
(3 -8.769402377e-15 0)
(3 -7.336194451e-15 0)
(3 -7.374599336e-15 0)
(3 -7.607682242e-15 0)
(3 -7.963256939e-15 0)
(3 -8.5844158e-15 0)
(3 -8.08748679e-15 0)
(3 -7.305110005e-15 0)
(3 -6.332671436e-15 0)
(3 -4.465541407e-15 0)
(3 -1.874050882e-15 0)
(3 1.658591241e-16 0)
(3 7.936465738e-17 0)
(3 -1.182681988e-16 0)
(3 4.051223939e-16 0)
(3 -9.945209963e-17 0)
(3 -5.791349316e-16 0)
(3 -1.823893217e-15 0)
(3 -1.61403312e-15 0)
(3 -1.177442924e-15 0)
(3 -1.804878762e-15 0)
(3 -2.644393623e-15 0)
(3 -2.480367176e-15 0)
(3 -2.080359771e-15 0)
(3 -1.558467159e-15 0)
(3 -1.34801968e-15 0)
(3 -1.567924863e-15 0)
(3 -1.681764449e-15 0)
(3 -1.548356748e-15 0)
(3 -1.590297245e-15 0)
(3 -1.631237055e-15 0)
(3 -1.671873861e-15 0)
(3 -2.59330595e-15 0)
(3 -3.891252068e-15 0)
(3 -5.496740823e-15 0)
(3 -5.704091814e-15 0)
(3 -4.638009884e-15 0)
(3 -3.744730504e-15 0)
(3 -3.193254354e-15 0)
(3 -2.385841479e-15 0)
(3 -1.871460484e-15 0)
(3 -1.925911309e-15 0)
(3 -1.68436958e-15 0)
(3 -1.902889843e-15 0)
(3 -1.551360119e-15 0)
(3 -1.033701134e-15 0)
(3 -1.114212488e-15 0)
(3 -1.07427495e-15 0)
(3 3.715203544e-17 0)
(3 8.052393915e-16 0)
(3 -7.241387323e-16 0)
(3 -1.709022232e-15 0)
(3 -1.957923322e-15 0)
(3 -1.954736333e-15 0)
(3 -1.92498024e-15 0)
(3 -2.024815211e-15 0)
(3 -2.160646467e-15 0)
(3 -2.976562089e-15 0)
(3 -3.657114881e-15 0)
(3 -4.883155303e-15 0)
(3 -5.366518792e-15 0)
(3 -6.215627047e-15 0)
(3 -8.019772364e-15 0)
(3 -8.394807445e-15 0)
(3 -8.371183497e-15 0)
(3 -8.400060906e-15 0)
(3 -7.053826778e-15 0)
(3 -6.163848314e-15 0)
(3 -6.26913234e-15 0)
(3 -6.606066956e-15 0)
(3 -7.287435137e-15 0)
(3 -7.35329738e-15 0)
(3 -7.038201043e-15 0)
(3 -6.034238763e-15 0)
(3 -4.848471366e-15 0)
(3 -5.261758817e-15 0)
(3 -4.681997884e-15 0)
(3 -3.987531165e-15 0)
(3 -4.082381113e-15 0)
(3 -3.722949176e-15 0)
(3 -2.907003624e-15 0)
(3 -2.191199299e-15 0)
(3 -2.367299713e-15 0)
(3 -3.639525278e-15 0)
(3 -3.989456179e-15 0)
(3 -3.062468958e-15 0)
(3 -2.015261969e-15 0)
(3 -1.459249975e-15 0)
(3 -1.856556081e-15 0)
(3 -1.907014035e-15 0)
(3 -2.593906413e-15 0)
(3 -4.322595026e-15 0)
(3 -5.234246368e-15 0)
(3 -4.31315615e-15 0)
(3 -3.853693672e-15 0)
(3 -3.396472943e-15 0)
(3 -3.444773142e-15 0)
(3 -4.795317596e-15 0)
(3 -5.024463018e-15 0)
(3 -5.706546654e-15 0)
(3 -7.276541154e-15 0)
(3 -7.933363616e-15 0)
(3 -7.153005902e-15 0)
(3 -4.982802058e-15 0)
(3 -4.04662244e-15 0)
(3 -3.17266087e-15 0)
(3 -2.345146886e-15 0)
(3 -1.543235366e-15 0)
(3 -2.108862098e-15 0)
(3 -3.439719522e-15 0)
(3 -3.510726318e-15 0)
(3 -3.070456181e-15 0)
(3 -2.640042098e-15 0)
(3 -1.149259892e-15 0)
(3 -5.443398074e-17 0)
(3 5.253417293e-16 0)
(3 1.002996099e-15 0)
(3 -8.035256772e-16 0)
(3 -9.608339733e-16 0)
(3 -7.501948994e-16 0)
(3 -8.222171546e-16 0)
(3 -4.901459556e-16 0)
(3 -1.17675946e-15 0)
(3 -2.441504163e-15 0)
(3 -3.22265377e-15 0)
(3 -2.920337969e-15 0)
(3 -3.442058487e-15 0)
(3 -3.696760365e-15 0)
(3 -4.192698875e-15 0)
(3 -5.013587206e-15 0)
(3 -4.599199977e-15 0)
(3 -4.78111745e-15 0)
(3 -4.566012276e-15 0)
(3 -4.135138702e-15 0)
(3 -3.670855554e-15 0)
(3 -4.191753818e-15 0)
(3 -4.991372976e-15 0)
(3 -5.557288459e-15 0)
(3 -5.286017768e-15 0)
(3 -4.422360679e-15 0)
(3 -4.108379643e-15 0)
(3 -3.509147732e-15 0)
(3 -4.161704357e-15 0)
(3 -5.081341734e-15 0)
(3 -6.23002357e-15 0)
(3 -6.597168839e-15 0)
(3 -5.391707868e-15 0)
(3 -3.542909394e-15 0)
(3 -2.576379833e-15 0)
(3 -1.886966591e-15 0)
(3 -1.837762435e-15 0)
(3 -1.923913354e-15 0)
(3 -2.829801463e-15 0)
(3 -4.010219498e-15 0)
(3 -4.400097066e-15 0)
(3 -4.088857593e-15 0)
(3 -4.063678145e-15 0)
(3 -4.304656022e-15 0)
(3 -4.864373366e-15 0)
(3 -5.089985317e-15 0)
(3 -5.053036401e-15 0)
(3 -4.759535297e-15 0)
(3 -4.222140319e-15 0)
(3 -3.02450643e-15 0)
(3 -2.576041434e-15 0)
(3 -3.541883001e-15 0)
(3 -4.807913015e-15 0)
(3 -4.918249938e-15 0)
(3 -5.326914707e-15 0)
(3 -5.551720431e-15 0)
(3 -4.644915165e-15 0)
(3 -4.232887383e-15 0)
(3 -4.454757257e-15 0)
(3 -3.965494447e-15 0)
(3 -3.28304126e-15 0)
(3 -3.180624649e-15 0)
(3 -2.697643695e-15 0)
(3 -2.110860945e-15 0)
(3 -1.901017505e-15 0)
(3 -1.421164808e-15 0)
(3 -9.507206148e-16 0)
(3 -8.147097555e-16 0)
(3 -1.053630905e-15 0)
(3 -1.562593847e-15 0)
(3 -1.571038305e-15 0)
(3 -1.252642352e-15 0)
(3 -3.518896261e-16 0)
(3 4.367056377e-16 0)
(3 7.303536951e-16 0)
(3 8.243490371e-17 0)
(3 -9.453734829e-16 0)
(3 -9.509086317e-16 0)
(3 -1.060480425e-16 0)
(3 5.23035021e-16 0)
(3 5.512879085e-16 0)
(3 1.365527308e-16 0)
(3 -3.697900973e-15 0)
(3 -3.444523394e-15 0)
(3 -3.043524416e-15 0)
(3 -2.602131479e-15 0)
(3 -3.353534029e-15 0)
(3 -3.532598391e-15 0)
(3 -5.301212261e-15 0)
(3 -5.9513291e-15 0)
(3 -6.338636642e-15 0)
(3 -5.187361581e-15 0)
(3 -4.391650042e-15 0)
(3 -4.244956657e-15 0)
(3 -5.24504342e-15 0)
(3 -4.987276738e-15 0)
(3 -5.063478309e-15 0)
(3 -4.213188513e-15 0)
(3 -3.690118215e-15 0)
(3 -3.276330221e-15 0)
(3 -3.866940638e-15 0)
(3 -3.459013767e-15 0)
(3 -2.001534074e-15 0)
(3 -7.33339384e-16 0)
(3 -2.130895617e-15 0)
(3 -4.303469422e-15 0)
(3 -5.365110885e-15 0)
(3 -6.50571628e-15 0)
(3 -6.096981133e-15 0)
(3 -5.784067454e-15 0)
(3 -6.099591273e-15 0)
(3 -5.537113002e-15 0)
(3 -4.953789307e-15 0)
(3 -5.195268272e-15 0)
(3 -4.965262724e-15 0)
(3 -4.924926854e-15 0)
(3 -3.705361457e-15 0)
(3 -3.993802475e-15 0)
(3 -4.157265724e-15 0)
(3 -4.66507564e-15 0)
(3 -4.825889874e-15 0)
(3 -5.004838228e-15 0)
(3 -5.29674431e-15 0)
(3 -5.601952566e-15 0)
(3 -6.045463671e-15 0)
(3 -6.401903601e-15 0)
(3 -6.972951237e-15 0)
(3 -5.531184348e-15 0)
(3 -3.370565327e-15 0)
(3 -2.121023652e-15 0)
(3 -2.027653813e-15 0)
(3 -2.134431671e-15 0)
(3 -2.805476135e-15 0)
(3 -3.513455517e-15 0)
(3 -3.770551382e-15 0)
(3 -3.862047406e-15 0)
(3 -3.642527665e-15 0)
(3 -2.878774733e-15 0)
(3 -1.882033445e-15 0)
(3 -9.682878504e-16 0)
(3 -3.462862217e-16 0)
(3 -4.780092058e-16 0)
(3 -2.381325452e-16 0)
(3 7.748326914e-16 0)
(3 1.737069439e-15 0)
(3 3.588065267e-15 0)
(3 3.90065116e-15 0)
(3 3.276784657e-15 0)
(3 2.436106664e-15 0)
(3 -2.949081436e-15 0)
(3 -2.861991778e-15 0)
(3 -2.925498783e-15 0)
(3 -3.117667352e-15 0)
(3 -4.528128446e-15 0)
(3 -4.703344255e-15 0)
(3 -4.833500706e-15 0)
(3 -3.854060843e-15 0)
(3 -3.630353106e-15 0)
(3 -4.143954814e-15 0)
(3 -4.377257201e-15 0)
(3 -5.596363903e-15 0)
(3 -5.297263323e-15 0)
(3 -4.436559392e-15 0)
(3 -2.805381344e-15 0)
(3 -1.568491255e-15 0)
(3 -1.174700947e-15 0)
(3 -1.648102213e-15 0)
(3 -1.68253316e-15 0)
(3 -1.713111899e-15 0)
(3 -1.854650094e-15 0)
(3 -1.588289243e-15 0)
(3 -2.454231227e-15 0)
(3 -3.952067144e-15 0)
(3 -4.520151088e-15 0)
(3 -4.673193659e-15 0)
(3 -5.050777582e-15 0)
(3 -5.338398404e-15 0)
(3 -6.084837308e-15 0)
(3 -6.900864327e-15 0)
(3 -6.952323498e-15 0)
(3 -6.913516584e-15 0)
(3 -6.663249967e-15 0)
(3 -6.378987028e-15 0)
(3 -5.870921753e-15 0)
(3 -5.712108276e-15 0)
(3 -5.468760987e-15 0)
(3 -5.366678131e-15 0)
(3 -5.483162065e-15 0)
(3 -5.470296212e-15 0)
(3 -5.343520218e-15 0)
(3 -5.29907709e-15 0)
(3 -5.146279555e-15 0)
(3 -4.958745804e-15 0)
(3 -4.478489332e-15 0)
(3 -4.651415602e-15 0)
(3 -3.567346506e-15 0)
(3 -2.82919607e-15 0)
(3 -2.870840505e-15 0)
(3 -3.124315117e-15 0)
(3 -3.709089211e-15 0)
(3 -2.93955629e-15 0)
(3 -2.94825853e-15 0)
(3 -3.332852752e-15 0)
(3 -2.872545099e-15 0)
(3 -2.111556405e-15 0)
(3 -2.043372137e-15 0)
(3 -1.831681484e-15 0)
(3 -1.798200847e-15 0)
(3 -3.437690012e-15 0)
(3 -2.958851665e-15 0)
(3 5.511822531e-16 0)
(3 3.292256054e-15 0)
(3 3.903703142e-15 0)
(3 3.359264705e-15 0)
(3 3.500458336e-15 0)
(3 3.008112933e-15 0)
(3 -1.315058229e-15 0)
(3 -1.226971075e-15 0)
(3 -6.432032654e-16 0)
(3 -1.098206265e-15 0)
(3 -1.585622531e-15 0)
(3 -2.680579954e-15 0)
(3 -2.819188534e-15 0)
(3 -1.287939563e-15 0)
(3 -1.509903877e-17 0)
(3 7.915587236e-16 0)
(3 -1.641063978e-15 0)
(3 -3.533126852e-15 0)
(3 -2.788192572e-15 0)
(3 -2.996170554e-15 0)
(3 -2.859869428e-15 0)
(3 -2.990194458e-15 0)
(3 -2.453513939e-15 0)
(3 -1.891016334e-15 0)
(3 -9.545806823e-16 0)
(3 -9.927802818e-16 0)
(3 -1.876721486e-15 0)
(3 -2.714916569e-15 0)
(3 -3.255766572e-15 0)
(3 -3.349207991e-15 0)
(3 -3.686391353e-15 0)
(3 -4.950739561e-15 0)
(3 -5.93679915e-15 0)
(3 -6.334935941e-15 0)
(3 -6.548610194e-15 0)
(3 -8.515415339e-15 0)
(3 -1.024474621e-14 0)
(3 -1.087612982e-14 0)
(3 -1.024984846e-14 0)
(3 -8.983056879e-15 0)
(3 -7.343255533e-15 0)
(3 -5.370015658e-15 0)
(3 -5.953539834e-15 0)
(3 -6.357753441e-15 0)
(3 -6.415176679e-15 0)
(3 -5.742431659e-15 0)
(3 -4.098306459e-15 0)
(3 -4.086155886e-15 0)
(3 -4.288950936e-15 0)
(3 -5.578173414e-15 0)
(3 -5.395597896e-15 0)
(3 -4.982327926e-15 0)
(3 -2.800820541e-15 0)
(3 -2.37687444e-15 0)
(3 -1.778355391e-15 0)
(3 -1.833326331e-15 0)
(3 -2.149600731e-15 0)
(3 -2.164959856e-15 0)
(3 -1.496347162e-15 0)
(3 -5.894979026e-16 0)
(3 2.524373521e-16 0)
(3 -3.245136522e-17 0)
(3 -6.817243374e-16 0)
(3 -9.198691916e-16 0)
(3 -1.185994491e-15 0)
(3 -1.139809711e-15 0)
(3 -1.10342685e-15 0)
(3 -9.826550203e-16 0)
(3 -9.670899326e-16 0)
(3 -7.58154068e-16 0)
(3 3.400618179e-16 0)
(3 1.311626465e-15 0)
(3 4.065831438e-15 0)
(3 8.652443731e-16 0)
(3 -4.657772144e-16 0)
(3 -5.614094817e-16 0)
(3 -8.07294647e-16 0)
(3 -6.171986688e-16 0)
(3 -9.321128818e-16 0)
(3 -1.112471874e-15 0)
(3 -1.309289441e-15 0)
(3 -2.252764865e-16 0)
(3 1.053930141e-16 0)
(3 -1.236400215e-16 0)
(3 -7.216305414e-16 0)
(3 -1.737716375e-15 0)
(3 -4.02829139e-15 0)
(3 -4.456131215e-15 0)
(3 -4.791851013e-15 0)
(3 -3.614228794e-15 0)
(3 -3.151140457e-15 0)
(3 -2.891417893e-15 0)
(3 -2.501495182e-15 0)
(3 -2.4726419e-15 0)
(3 -4.221272524e-15 0)
(3 -6.486743641e-15 0)
(3 -6.913329636e-15 0)
(3 -7.050092118e-15 0)
(3 -7.396280775e-15 0)
(3 -8.161025382e-15 0)
(3 -8.112640289e-15 0)
(3 -8.09621984e-15 0)
(3 -8.068895289e-15 0)
(3 -8.060484579e-15 0)
(3 -7.652448244e-15 0)
(3 -7.678845039e-15 0)
(3 -6.453295132e-15 0)
(3 -6.101588962e-15 0)
(3 -5.203788916e-15 0)
(3 -4.674078549e-15 0)
(3 -4.840315126e-15 0)
(3 -5.378185511e-15 0)
(3 -5.46123279e-15 0)
(3 -5.134105063e-15 0)
(3 -4.81519748e-15 0)
(3 -4.021357095e-15 0)
(3 -3.712791698e-15 0)
(3 -3.74908239e-15 0)
(3 -3.859182176e-15 0)
(3 -2.664314191e-15 0)
(3 -1.484427559e-15 0)
(3 -6.194636415e-16 0)
(3 -2.792260208e-16 0)
(3 -5.241724459e-17 0)
(3 2.85647516e-17 0)
(3 1.043307486e-17 0)
(3 -2.445358221e-16 0)
(3 -1.093431445e-16 0)
(3 -1.380560088e-16 0)
(3 -1.819130414e-16 0)
(3 -4.858434913e-16 0)
(3 3.367761739e-17 0)
(3 1.243944496e-15 0)
(3 1.906414022e-15 0)
(3 6.54889855e-16 0)
(3 -7.850448656e-16 0)
(3 -1.348792746e-15 0)
(3 -1.222853619e-15 0)
(3 1.7972696e-16 0)
(3 2.161106398e-15 0)
(3 1.209058142e-16 0)
(3 1.396671675e-16 0)
(3 -1.244284019e-15 0)
(3 -1.21316424e-15 0)
(3 -8.276923684e-16 0)
(3 -7.598974119e-16 0)
(3 -3.565521161e-16 0)
(3 -2.463337582e-16 0)
(3 -7.408902783e-16 0)
(3 -5.177763285e-16 0)
(3 -3.748178573e-16 0)
(3 -1.366946291e-15 0)
(3 -2.558962766e-15 0)
(3 -3.094449977e-15 0)
(3 -4.032099136e-15 0)
(3 -4.590172923e-15 0)
(3 -4.204151606e-15 0)
(3 -3.62542736e-15 0)
(3 -4.535073915e-15 0)
(3 -5.511449056e-15 0)
(3 -5.617975808e-15 0)
(3 -6.118097918e-15 0)
(3 -6.304520578e-15 0)
(3 -6.58071592e-15 0)
(3 -7.589826202e-15 0)
(3 -8.039285071e-15 0)
(3 -7.838162511e-15 0)
(3 -8.20475887e-15 0)
(3 -8.516534562e-15 0)
(3 -7.352759899e-15 0)
(3 -5.767246078e-15 0)
(3 -4.924532941e-15 0)
(3 -4.129646554e-15 0)
(3 -4.933690918e-15 0)
(3 -5.326785343e-15 0)
(3 -7.101763851e-15 0)
(3 -6.310237281e-15 0)
(3 -4.84463023e-15 0)
(3 -3.14085911e-15 0)
(3 -3.628548684e-15 0)
(3 -4.164124102e-15 0)
(3 -4.73544223e-15 0)
(3 -4.485068274e-15 0)
(3 -2.832819481e-15 0)
(3 -2.256953048e-15 0)
(3 -2.644567582e-15 0)
(3 -3.251451866e-15 0)
(3 -3.672225266e-15 0)
(3 -3.211907948e-15 0)
(3 -2.760493991e-16 0)
(3 7.246314752e-16 0)
(3 8.615206721e-16 0)
(3 4.101133896e-16 0)
(3 3.052955837e-16 0)
(3 -2.282788737e-16 0)
(3 -4.948774865e-16 0)
(3 -1.850946041e-16 0)
(3 1.465591824e-16 0)
(3 5.66833973e-16 0)
(3 1.125303143e-15 0)
(3 2.302109872e-15 0)
(3 2.925758117e-15 0)
(3 2.022747829e-15 0)
(3 1.394712698e-15 0)
(3 4.968442311e-16 0)
(3 1.873599137e-17 0)
(3 1.040663419e-15 0)
(3 -1.623312965e-15 0)
(3 -1.86461614e-15 0)
(3 -1.34450513e-15 0)
(3 -7.561806105e-16 0)
(3 -8.138510259e-16 0)
(3 -2.208976024e-15 0)
(3 -2.463670666e-15 0)
(3 -1.53870814e-15 0)
(3 -8.736016057e-16 0)
(3 -8.935964333e-16 0)
(3 -1.494534227e-15 0)
(3 -2.688722909e-15 0)
(3 -3.031159535e-15 0)
(3 -3.305751307e-15 0)
(3 -3.689064831e-15 0)
(3 -5.910929237e-15 0)
(3 -7.019962436e-15 0)
(3 -7.762703036e-15 0)
(3 -8.49978086e-15 0)
(3 -9.48909332e-15 0)
(3 -1.0249579e-14 0)
(3 -8.868512413e-15 0)
(3 -6.985814069e-15 0)
(3 -6.457515558e-15 0)
(3 -6.186450158e-15 0)
(3 -6.577935001e-15 0)
(3 -7.665735003e-15 0)
(3 -8.331224687e-15 0)
(3 -7.66598293e-15 0)
(3 -7.428193781e-15 0)
(3 -6.015427064e-15 0)
(3 -5.365601552e-15 0)
(3 -4.774307958e-15 0)
(3 -5.446656563e-15 0)
(3 -5.638274541e-15 0)
(3 -5.542931408e-15 0)
(3 -4.95713384e-15 0)
(3 -4.826471916e-15 0)
(3 -3.884990631e-15 0)
(3 -3.501215219e-15 0)
(3 -3.221669124e-15 0)
(3 -3.151313849e-15 0)
(3 -2.228454926e-15 0)
(3 -1.876457528e-15 0)
(3 -1.873289116e-15 0)
(3 -1.315556286e-15 0)
(3 -1.563050161e-15 0)
(3 -2.349229001e-15 0)
(3 -2.304039607e-15 0)
(3 -1.683614736e-15 0)
(3 4.012394468e-16 0)
(3 2.313170006e-16 0)
(3 6.770705822e-16 0)
(3 1.372504525e-15 0)
(3 1.381653868e-15 0)
(3 6.563650512e-16 0)
(3 6.010137888e-16 0)
(3 1.10192924e-15 0)
(3 1.120429405e-15 0)
(3 1.328814077e-15 0)
(3 1.331696991e-15 0)
(3 1.52084187e-15 0)
(3 1.608154947e-15 0)
(3 1.385440569e-15 0)
(3 -1.520706368e-16 0)
(3 -1.726263533e-15 0)
(3 -1.759233607e-15 0)
(3 -3.98442512e-15 0)
(3 -4.030805459e-15 0)
(3 -3.629541781e-15 0)
(3 -3.456714705e-15 0)
(3 -4.383109831e-15 0)
(3 -5.103732383e-15 0)
(3 -5.336652649e-15 0)
(3 -4.303758205e-15 0)
(3 -3.655250594e-15 0)
(3 -3.197029494e-15 0)
(3 -3.075591309e-15 0)
(3 -3.074821708e-15 0)
(3 -4.163213032e-15 0)
(3 -4.298688139e-15 0)
(3 -3.791091163e-15 0)
(3 -3.349079083e-15 0)
(3 -4.115707628e-15 0)
(3 -5.568614363e-15 0)
(3 -6.683764104e-15 0)
(3 -8.54031321e-15 0)
(3 -8.432385355e-15 0)
(3 -8.195189472e-15 0)
(3 -7.155286091e-15 0)
(3 -6.48143744e-15 0)
(3 -5.972151788e-15 0)
(3 -5.534609123e-15 0)
(3 -6.244804836e-15 0)
(3 -7.115459262e-15 0)
(3 -6.536637039e-15 0)
(3 -6.031936777e-15 0)
(3 -5.227978295e-15 0)
(3 -4.248151888e-15 0)
(3 -3.994716916e-15 0)
(3 -3.939387925e-15 0)
(3 -3.915974728e-15 0)
(3 -3.558184709e-15 0)
(3 -3.079280706e-15 0)
(3 -2.555031049e-15 0)
(3 -2.483065013e-15 0)
(3 -2.030294852e-15 0)
(3 -1.772280356e-15 0)
(3 -1.289199224e-15 0)
(3 -5.196514832e-16 0)
(3 -2.548081046e-16 0)
(3 -1.402197135e-15 0)
(3 -1.645474944e-15 0)
(3 -1.769473467e-15 0)
(3 -1.594513508e-15 0)
(3 -1.68885703e-15 0)
(3 -6.923426935e-16 0)
(3 1.766279284e-16 0)
(3 6.870261627e-16 0)
(3 2.000142735e-15 0)
(3 1.367454466e-15 0)
(3 1.118957465e-15 0)
(3 9.507357751e-16 0)
(3 1.105146814e-15 0)
(3 1.496636944e-15 0)
(3 1.495951283e-15 0)
(3 1.723016247e-15 0)
(3 1.887817541e-15 0)
(3 1.611459954e-15 0)
(3 1.024416206e-15 0)
(3 7.483980554e-16 0)
(3 -8.03869396e-16 0)
(3 -2.386059673e-15 0)
(3 -3.863234333e-15 0)
(3 -6.365791414e-15 0)
(3 -5.649874488e-15 0)
(3 -5.933302711e-15 0)
(3 -4.964849272e-15 0)
(3 -4.143676642e-15 0)
(3 -3.383544993e-15 0)
(3 -2.25862111e-15 0)
(3 -3.438420084e-15 0)
(3 -3.567585894e-15 0)
(3 -3.959113158e-15 0)
(3 -4.05925873e-15 0)
(3 -3.871732874e-15 0)
(3 -4.871393437e-15 0)
(3 -4.412284644e-15 0)
(3 -3.702347904e-15 0)
(3 -3.722597332e-15 0)
(3 -3.871374443e-15 0)
(3 -4.586834141e-15 0)
(3 -5.343629145e-15 0)
(3 -6.447856461e-15 0)
(3 -5.967273056e-15 0)
(3 -6.483121617e-15 0)
(3 -6.224350573e-15 0)
(3 -5.065708144e-15 0)
(3 -4.925336773e-15 0)
(3 -4.600585218e-15 0)
(3 -4.4768022e-15 0)
(3 -4.835130066e-15 0)
(3 -4.500996322e-15 0)
(3 -3.688945362e-15 0)
(3 -2.805857463e-15 0)
(3 -2.42197366e-15 0)
(3 -2.356999731e-15 0)
(3 -2.473847648e-15 0)
(3 -2.175783494e-15 0)
(3 -1.737015307e-15 0)
(3 -1.458436112e-15 0)
(3 -6.14211392e-16 0)
(3 3.077266117e-16 0)
(3 6.751694408e-16 0)
(3 7.809145481e-16 0)
(3 1.24587001e-15 0)
(3 1.296040857e-15 0)
(3 1.018270916e-15 0)
(3 9.090026823e-16 0)
(3 1.111247756e-15 0)
(3 9.595458763e-16 0)
(3 9.998595626e-16 0)
(3 7.018525647e-16 0)
(3 -3.726516808e-16 0)
(3 -1.335047763e-15 0)
(3 -7.549889157e-16 0)
(3 -5.673767469e-17 0)
(3 -7.350789504e-16 0)
(3 -1.12353714e-15 0)
(3 -1.085178338e-16 0)
(3 1.459727643e-15 0)
(3 1.39211972e-15 0)
(3 1.814876948e-15 0)
(3 2.067468484e-15 0)
(3 1.77715251e-15 0)
(3 1.618967081e-15 0)
(3 1.672039063e-15 0)
(3 1.384004112e-15 0)
(3 1.324915222e-15 0)
(3 5.254272014e-16 0)
(3 -2.273230805e-15 0)
(3 -5.705908785e-15 0)
(3 -5.229024724e-15 0)
(3 -4.481444e-15 0)
(3 -4.072888766e-15 0)
(3 -3.158372547e-15 0)
(3 -1.946398555e-15 0)
(3 -2.316016197e-15 0)
(3 -4.030349224e-15 0)
(3 -5.359839402e-15 0)
(3 -6.125930317e-15 0)
(3 -5.860401412e-15 0)
(3 -5.613973709e-15 0)
(3 -5.226697125e-15 0)
(3 -4.973888363e-15 0)
(3 -5.153392872e-15 0)
(3 -4.921507077e-15 0)
(3 -5.324633472e-15 0)
(3 -5.975901743e-15 0)
(3 -6.537587389e-15 0)
(3 -6.004468853e-15 0)
(3 -6.293764374e-15 0)
(3 -6.179438e-15 0)
(3 -6.203450861e-15 0)
(3 -5.756716851e-15 0)
(3 -5.486807056e-15 0)
(3 -4.730405643e-15 0)
(3 -4.241094329e-15 0)
(3 -3.642715936e-15 0)
(3 -3.79057513e-15 0)
(3 -3.264327211e-15 0)
(3 -2.230269417e-15 0)
(3 -1.784833302e-15 0)
(3 -2.150250245e-15 0)
(3 -2.762779282e-15 0)
(3 -2.153654459e-15 0)
(3 -5.151424974e-16 0)
(3 -9.657209379e-16 0)
(3 -2.536626524e-16 0)
(3 2.379656848e-16 0)
(3 2.519640952e-16 0)
(3 4.111595598e-16 0)
(3 3.044399596e-16 0)
(3 5.771403987e-16 0)
(3 1.160444456e-15 0)
(3 2.099683185e-15 0)
(3 3.793309832e-15 0)
(3 4.188832698e-15 0)
(3 2.795255453e-15 0)
(3 1.08935914e-15 0)
(3 -9.531227263e-16 0)
(3 -1.255587426e-15 0)
(3 -1.099100672e-15 0)
(3 -1.026558672e-15 0)
(3 -1.087024488e-15 0)
(3 -6.631481797e-16 0)
(3 -2.65576347e-16 0)
(3 1.350463353e-16 0)
(3 6.009888729e-16 0)
(3 6.026919799e-16 0)
(3 -1.124506692e-16 0)
(3 -7.969880927e-16 0)
(3 -3.562521741e-16 0)
(3 -2.728033005e-17 0)
(3 9.045344382e-16 0)
(3 1.133879803e-15 0)
(3 1.329521716e-15 0)
(3 4.7566427e-16 0)
(3 -5.394121548e-15 0)
(3 -5.572779215e-15 0)
(3 -5.205883812e-15 0)
(3 -4.332752432e-15 0)
(3 -2.799826999e-15 0)
(3 -3.188538354e-15 0)
(3 -4.643200594e-15 0)
(3 -5.977970585e-15 0)
(3 -7.842570035e-15 0)
(3 -7.613775139e-15 0)
(3 -5.88014148e-15 0)
(3 -4.914290356e-15 0)
(3 -4.101310372e-15 0)
(3 -3.689041036e-15 0)
(3 -3.729950144e-15 0)
(3 -3.986462949e-15 0)
(3 -4.650969838e-15 0)
(3 -5.359111215e-15 0)
(3 -6.123748954e-15 0)
(3 -6.250316495e-15 0)
(3 -6.354406479e-15 0)
(3 -6.202931454e-15 0)
(3 -6.621388239e-15 0)
(3 -7.381287755e-15 0)
(3 -6.912883983e-15 0)
(3 -5.686149024e-15 0)
(3 -4.188369691e-15 0)
(3 -3.404405352e-15 0)
(3 -3.002456887e-15 0)
(3 -3.255941651e-15 0)
(3 -2.732461574e-15 0)
(3 -2.576631861e-15 0)
(3 -2.318170189e-15 0)
(3 -2.611728026e-15 0)
(3 -2.728812129e-15 0)
(3 -2.469205131e-15 0)
(3 -1.08726228e-15 0)
(3 -3.461580121e-16 0)
(3 9.576370536e-17 0)
(3 1.52192339e-16 0)
(3 1.208394316e-16 0)
(3 -8.155195494e-16 0)
(3 -4.763317946e-16 0)
(3 9.804833891e-17 0)
(3 9.332833281e-17 0)
(3 -5.565934382e-16 0)
(3 -9.782883942e-16 0)
(3 -1.85646344e-15 0)
(3 -1.922202509e-15 0)
(3 -1.080493985e-15 0)
(3 -3.928021462e-16 0)
(3 6.152789858e-16 0)
(3 1.144780912e-15 0)
(3 1.49100736e-15 0)
(3 1.437952165e-15 0)
(3 2.812068579e-16 0)
(3 7.972745791e-17 0)
(3 1.133918751e-15 0)
(3 1.537773349e-15 0)
(3 1.487605156e-15 0)
(3 1.488818245e-15 0)
(3 8.512883912e-16 0)
(3 -1.169169531e-17 0)
(3 6.75996543e-17 0)
(3 5.363947744e-16 0)
(3 2.145844978e-15 0)
(3 2.239730905e-15 0)
(3 -5.44171832e-15 0)
(3 -6.038426689e-15 0)
(3 -5.927338249e-15 0)
(3 -5.616993933e-15 0)
(3 -5.377923021e-15 0)
(3 -4.933059509e-15 0)
(3 -4.750602933e-15 0)
(3 -5.559280422e-15 0)
(3 -7.435169751e-15 0)
(3 -7.892549577e-15 0)
(3 -5.611123298e-15 0)
(3 -5.002334085e-15 0)
(3 -4.322679751e-15 0)
(3 -3.567422165e-15 0)
(3 -3.22871207e-15 0)
(3 -3.872410065e-15 0)
(3 -4.395321476e-15 0)
(3 -5.465689805e-15 0)
(3 -5.965799408e-15 0)
(3 -6.119154146e-15 0)
(3 -6.252245135e-15 0)
(3 -6.31597611e-15 0)
(3 -7.466431459e-15 0)
(3 -8.81770922e-15 0)
(3 -9.142325381e-15 0)
(3 -8.918761701e-15 0)
(3 -8.563436001e-15 0)
(3 -6.433431996e-15 0)
(3 -4.236741849e-15 0)
(3 -3.066944342e-15 0)
(3 -2.652962414e-15 0)
(3 -2.749047355e-15 0)
(3 -2.831020369e-15 0)
(3 -2.710133234e-15 0)
(3 -2.373876789e-15 0)
(3 -1.469429865e-15 0)
(3 2.809498973e-16 0)
(3 1.655503435e-15 0)
(3 1.814593474e-15 0)
(3 2.052086902e-15 0)
(3 1.552286146e-15 0)
(3 1.394472098e-15 0)
(3 2.030404496e-15 0)
(3 2.836089129e-15 0)
(3 5.019840625e-16 0)
(3 -2.085612758e-15 0)
(3 -2.716226405e-15 0)
(3 -1.384288924e-15 0)
(3 -1.22141057e-15 0)
(3 -8.13749339e-16 0)
(3 8.227243e-16 0)
(3 2.296900892e-15 0)
(3 2.530411906e-15 0)
(3 2.512958159e-15 0)
(3 1.989811379e-15 0)
(3 1.958951428e-15 0)
(3 2.267633412e-15 0)
(3 2.209835984e-15 0)
(3 2.417758763e-15 0)
(3 3.286090532e-15 0)
(3 2.497889443e-15 0)
(3 9.4269177e-16 0)
(3 2.446184851e-16 0)
(3 2.5621205e-16 0)
(3 7.91934743e-16 0)
(3 9.492000749e-16 0)
(3 2.522610951e-16 0)
(3 -2.311639523e-15 0)
(3 -2.703251279e-15 0)
(3 -3.192208052e-15 0)
(3 -5.490029601e-15 0)
(3 -6.01788578e-15 0)
(3 -5.421024879e-15 0)
(3 -4.795002876e-15 0)
(3 -4.831336989e-15 0)
(3 -5.252165766e-15 0)
(3 -5.356169628e-15 0)
(3 -4.967340298e-15 0)
(3 -5.314126119e-15 0)
(3 -5.377275161e-15 0)
(3 -5.246556525e-15 0)
(3 -5.370405323e-15 0)
(3 -5.121868071e-15 0)
(3 -5.424056141e-15 0)
(3 -5.477953175e-15 0)
(3 -5.463760018e-15 0)
(3 -5.802409252e-15 0)
(3 -6.357033096e-15 0)
(3 -7.427682283e-15 0)
(3 -8.567989579e-15 0)
(3 -8.550902352e-15 0)
(3 -9.224127972e-15 0)
(3 -9.2721749e-15 0)
(3 -6.53991291e-15 0)
(3 -4.510249954e-15 0)
(3 -4.522310611e-15 0)
(3 -3.749217205e-15 0)
(3 -3.530011127e-15 0)
(3 -2.99320955e-15 0)
(3 -2.482421793e-15 0)
(3 -9.979391774e-16 0)
(3 6.615531165e-16 0)
(3 1.5368645e-15 0)
(3 1.438560923e-15 0)
(3 1.375747386e-15 0)
(3 1.019800935e-15 0)
(3 1.320173181e-15 0)
(3 2.357746225e-15 0)
(3 2.467759473e-15 0)
(3 2.393095122e-15 0)
(3 3.435151762e-15 0)
(3 2.761479922e-15 0)
(3 6.938800765e-16 0)
(3 4.05735626e-16 0)
(3 6.630937515e-16 0)
(3 3.378028416e-16 0)
(3 1.895811089e-16 0)
(3 -4.340240676e-16 0)
(3 -1.13804666e-15 0)
(3 -7.771308819e-16 0)
(3 -8.492105748e-17 0)
(3 8.443400237e-16 0)
(3 2.594257097e-15 0)
(3 1.705944942e-15 0)
(3 4.451698359e-16 0)
(3 -7.650588692e-16 0)
(3 -1.205971814e-15 0)
(3 -5.006436999e-16 0)
(3 5.102487383e-16 0)
(3 1.126310535e-15 0)
(3 1.077537904e-15 0)
(3 9.705525163e-16 0)
(3 -1.479811664e-15 0)
(3 -1.706218925e-15 0)
(3 -1.98915805e-15 0)
(3 -2.043075629e-15 0)
(3 -2.473936475e-15 0)
(3 -2.699858527e-15 0)
(3 -3.312877774e-15 0)
(3 -4.575009366e-15 0)
(3 -4.398686042e-15 0)
(3 -3.703067803e-15 0)
(3 -2.088605527e-15 0)
(3 -2.229693586e-15 0)
(3 -3.244041316e-15 0)
(3 -4.011704033e-15 0)
(3 -4.635566266e-15 0)
(3 -5.448871135e-15 0)
(3 -5.995469896e-15 0)
(3 -6.570347769e-15 0)
(3 -6.571808672e-15 0)
(3 -5.781634106e-15 0)
(3 -5.773686268e-15 0)
(3 -5.984806644e-15 0)
(3 -5.446860218e-15 0)
(3 -4.961524434e-15 0)
(3 -4.856912596e-15 0)
(3 -4.649625799e-15 0)
(3 -5.245892525e-15 0)
(3 -5.450170261e-15 0)
(3 -5.13857548e-15 0)
(3 -5.399505395e-15 0)
(3 -4.887192923e-15 0)
(3 -4.233737581e-15 0)
(3 -3.580857934e-15 0)
(3 -3.188476555e-15 0)
(3 -2.613187675e-15 0)
(3 -1.587442606e-15 0)
(3 -1.446665416e-15 0)
(3 -1.033247858e-15 0)
(3 3.445842774e-16 0)
(3 1.242386123e-15 0)
(3 1.96508585e-15 0)
(3 2.428511621e-15 0)
(3 3.094840288e-15 0)
(3 2.545147343e-15 0)
(3 1.761111281e-15 0)
(3 1.845315385e-15 0)
(3 1.309064618e-15 0)
(3 1.679559658e-15 0)
(3 1.524872462e-15 0)
(3 9.25787448e-16 0)
(3 -2.295257085e-16 0)
(3 -1.061712267e-15 0)
(3 -1.871889661e-15 0)
(3 -2.127781415e-15 0)
(3 -2.228198436e-15 0)
(3 -6.496714778e-17 0)
(3 2.122715441e-15 0)
(3 2.012323295e-15 0)
(3 7.704040295e-16 0)
(3 -1.118787123e-15 0)
(3 -3.404293692e-15 0)
(3 -5.313386066e-15 0)
(3 -4.758837471e-15 0)
(3 -1.883113342e-15 0)
(3 -4.8854154e-16 0)
(3 -6.580079119e-17 0)
(3 -7.810302488e-16 0)
(3 -1.488097398e-15 0)
(3 -1.94054674e-15 0)
(3 -1.013869867e-15 0)
(3 -1.619740389e-15 0)
(3 -1.83089699e-15 0)
(3 -2.132019335e-15 0)
(3 -2.345129673e-15 0)
(3 -2.210845474e-15 0)
(3 -2.268086104e-15 0)
(3 -1.944039624e-15 0)
(3 -1.901287616e-15 0)
(3 -2.834773463e-15 0)
(3 -4.399497753e-15 0)
(3 -4.873104063e-15 0)
(3 -4.898338342e-15 0)
(3 -5.12481578e-15 0)
(3 -5.708970186e-15 0)
(3 -6.350007664e-15 0)
(3 -6.924165225e-15 0)
(3 -6.664213771e-15 0)
(3 -6.787251906e-15 0)
(3 -7.144254597e-15 0)
(3 -6.336927854e-15 0)
(3 -5.649605906e-15 0)
(3 -3.964622881e-15 0)
(3 -2.534278342e-15 0)
(3 -1.972762569e-15 0)
(3 -2.540379132e-15 0)
(3 -3.979521345e-15 0)
(3 -4.146550872e-15 0)
(3 -4.148209772e-15 0)
(3 -4.16851108e-15 0)
(3 -3.762103796e-15 0)
(3 -3.194017355e-15 0)
(3 -2.595910014e-15 0)
(3 -2.857379147e-15 0)
(3 -3.194172475e-15 0)
(3 -3.584873933e-15 0)
(3 -3.720870468e-15 0)
(3 -4.260640778e-15 0)
(3 -7.330028898e-16 0)
(3 -1.462849185e-16 0)
(3 3.026637965e-17 0)
(3 7.216738796e-16 0)
(3 4.35981034e-16 0)
(3 2.541450505e-16 0)
(3 5.233675135e-16 0)
(3 -1.579487317e-16 0)
(3 -5.211853933e-16 0)
(3 -2.447613957e-16 0)
(3 4.987980143e-16 0)
(3 3.094861308e-18 0)
(3 -1.634635632e-15 0)
(3 -2.050625031e-15 0)
(3 -1.597223643e-15 0)
(3 -9.926520028e-16 0)
(3 -4.882748483e-16 0)
(3 -1.47651431e-15 0)
(3 -1.670485772e-15 0)
(3 -1.988650798e-15 0)
(3 -1.799185015e-15 0)
(3 -2.542471249e-15 0)
(3 -3.443941435e-15 0)
(3 -3.405453867e-15 0)
(3 -2.694779276e-15 0)
(3 -1.542399419e-15 0)
(3 -2.22587353e-15 0)
(3 -2.847958897e-15 0)
(3 -2.909754604e-15 0)
(3 -1.311826868e-15 0)
(3 -1.304978234e-15 0)
(3 -1.469337749e-15 0)
(3 -1.768540684e-15 0)
(3 -1.825918065e-15 0)
(3 -1.284069481e-15 0)
(3 -1.617767429e-15 0)
(3 -3.349267936e-15 0)
(3 -3.768756213e-15 0)
(3 -4.288894282e-15 0)
(3 -5.030276732e-15 0)
(3 -5.564197396e-15 0)
(3 -5.380662246e-15 0)
(3 -5.307174113e-15 0)
(3 -6.131192296e-15 0)
(3 -6.507167696e-15 0)
(3 -7.426696214e-15 0)
(3 -8.60704467e-15 0)
(3 -7.913152032e-15 0)
(3 -6.285076436e-15 0)
(3 -6.017266851e-15 0)
(3 -4.64040757e-15 0)
(3 -3.817313168e-15 0)
(3 -2.294932536e-15 0)
(3 -1.076113513e-15 0)
(3 -7.523225505e-16 0)
(3 -1.305454463e-15 0)
(3 -1.386624614e-15 0)
(3 -2.224817888e-15 0)
(3 -2.963451767e-15 0)
(3 -1.9827541e-15 0)
(3 -4.294117599e-16 0)
(3 -4.538082827e-17 0)
(3 -3.498600559e-16 0)
(3 -1.170340555e-15 0)
(3 -2.592853304e-15 0)
(3 -3.432374017e-15 0)
(3 -4.895408774e-15 0)
(3 -3.409621227e-15 0)
(3 -1.839006079e-15 0)
(3 -6.21249264e-16 0)
(3 7.878028676e-17 0)
(3 3.666048152e-16 0)
(3 -1.056422819e-16 0)
(3 -1.982516562e-16 0)
(3 -6.951992884e-17 0)
(3 3.910077485e-17 0)
(3 -1.790737502e-16 0)
(3 -5.569804869e-16 0)
(3 -6.691592993e-16 0)
(3 -9.001268408e-16 0)
(3 -7.478743574e-16 0)
(3 -2.850478686e-15 0)
(3 -5.129959766e-15 0)
(3 -4.687240809e-15 0)
(3 -4.301052974e-15 0)
(3 -2.617224445e-15 0)
(3 -2.215224376e-15 0)
(3 -2.562511113e-15 0)
(3 -2.610893448e-15 0)
(3 -3.54705605e-15 0)
(3 -4.43371775e-15 0)
(3 -4.014987694e-15 0)
(3 -2.885401229e-15 0)
(3 -1.95953794e-15 0)
(3 -3.461835284e-15 0)
(3 -4.537627705e-15 0)
(3 -1.967535051e-15 0)
(3 -1.025555466e-15 0)
(3 -1.418970869e-15 0)
(3 -1.371247522e-15 0)
(3 -1.358285665e-15 0)
(3 -1.332923185e-15 0)
(3 -1.836900267e-15 0)
(3 -2.259681046e-15 0)
(3 -2.965876094e-15 0)
(3 -3.492027439e-15 0)
(3 -3.647275678e-15 0)
(3 -3.741406763e-15 0)
(3 -4.869431888e-15 0)
(3 -4.927895885e-15 0)
(3 -6.082962457e-15 0)
(3 -6.403167934e-15 0)
(3 -6.414702198e-15 0)
(3 -6.005209662e-15 0)
(3 -6.536134521e-15 0)
(3 -5.643632883e-15 0)
(3 -4.742963495e-15 0)
(3 -3.302927588e-15 0)
(3 -2.866140451e-15 0)
(3 -2.540815278e-15 0)
(3 -2.388959247e-15 0)
(3 -2.12056871e-15 0)
(3 -1.832793457e-15 0)
(3 -1.66992074e-15 0)
(3 -1.362220593e-15 0)
(3 -1.368762526e-15 0)
(3 -1.956956132e-16 0)
(3 1.654774594e-15 0)
(3 1.743027241e-15 0)
(3 3.117554515e-16 0)
(3 -1.096739229e-15 0)
(3 -2.01788656e-15 0)
(3 -1.94784488e-15 0)
(3 -1.493550359e-15 0)
(3 -2.009301036e-15 0)
(3 1.322988047e-16 0)
(3 7.034600306e-16 0)
(3 1.301633663e-15 0)
(3 9.990759954e-16 0)
(3 -9.221333558e-16 0)
(3 -2.405021154e-15 0)
(3 -1.808368345e-15 0)
(3 -9.09104043e-16 0)
(3 -1.095928612e-15 0)
(3 -1.78826278e-15 0)
(3 -1.371528942e-15 0)
(3 1.402080131e-15 0)
(3 2.614930435e-15 0)
(3 7.125192755e-16 0)
(3 -1.731709773e-15 0)
(3 -2.867329533e-15 0)
(3 -3.582960518e-15 0)
(3 -3.625850294e-15 0)
(3 -3.254436976e-15 0)
(3 -2.289639872e-15 0)
(3 -2.30497021e-15 0)
(3 -2.447672701e-15 0)
(3 -3.026677917e-15 0)
(3 -3.379258562e-15 0)
(3 -3.52363989e-15 0)
(3 -3.009924462e-15 0)
(3 -2.150558692e-15 0)
(3 -2.145092411e-15 0)
(3 -2.01561017e-15 0)
(3 -1.530995522e-15 0)
(3 -3.076578752e-16 0)
(3 -3.458253465e-16 0)
(3 -3.295690222e-16 0)
(3 -1.39486431e-15 0)
(3 -2.00978606e-15 0)
(3 -1.045978329e-15 0)
(3 -9.336117592e-16 0)
(3 -1.522644663e-15 0)
(3 -2.886260557e-15 0)
(3 -3.452304924e-15 0)
(3 -5.265995211e-15 0)
(3 -6.262976965e-15 0)
(3 -5.792993464e-15 0)
(3 -5.025477127e-15 0)
(3 -3.413017686e-15 0)
(3 -1.905503721e-15 0)
(3 -3.097719825e-15 0)
(3 -2.972652749e-15 0)
(3 -2.018808937e-15 0)
(3 -2.122983068e-15 0)
(3 -2.357077547e-15 0)
(3 -2.710216974e-15 0)
(3 -2.439507122e-15 0)
(3 -2.02659742e-15 0)
(3 -2.413881849e-15 0)
(3 -8.82666555e-16 0)
(3 1.123016854e-15 0)
(3 2.470974088e-15 0)
(3 2.485866771e-15 0)
(3 7.667292667e-16 0)
(3 -7.174789241e-16 0)
(3 -7.711034775e-16 0)
(3 -1.189551651e-15 0)
(3 -8.629804889e-16 0)
(3 -5.925987682e-16 0)
(3 -6.458350458e-16 0)
(3 -1.128885168e-15 0)
(3 -1.101165669e-15 0)
(3 -4.624535261e-16 0)
(3 -9.769963825e-16 0)
(3 -2.135069076e-15 0)
(3 -2.087791282e-15 0)
(3 -1.099206537e-15 0)
(3 -2.14177993e-17 0)
(3 -1.167066912e-16 0)
(3 2.061422624e-16 0)
(3 1.300849992e-15 0)
(3 3.204435118e-15 0)
(3 4.735112737e-15 0)
(3 4.312524858e-15 0)
(3 3.828111628e-15 0)
(3 2.608248345e-15 0)
(3 9.147185642e-16 0)
(3 -1.395410856e-15 0)
(3 -3.084124569e-15 0)
(3 -3.880598182e-15 0)
(3 -2.785653215e-15 0)
(3 -2.471058508e-15 0)
(3 -1.870726543e-15 0)
(3 -1.931242727e-15 0)
(3 -2.751447504e-15 0)
(3 -3.417147597e-15 0)
(3 -2.789075581e-15 0)
(3 -2.400216266e-15 0)
(3 5.713755921e-16 0)
(3 -1.939863759e-15 0)
(3 -2.455121703e-15 0)
(3 -2.499706491e-15 0)
(3 -1.936054824e-15 0)
(3 -2.321230563e-15 0)
(3 -3.242400564e-15 0)
(3 -2.361933757e-15 0)
(3 -2.185733091e-15 0)
(3 -2.6269154e-15 0)
(3 -3.25988514e-15 0)
(3 -5.24889005e-15 0)
(3 -6.560341704e-15 0)
(3 -6.238666775e-15 0)
(3 -6.342889255e-15 0)
(3 -5.594600404e-15 0)
(3 -3.278310884e-15 0)
(3 -2.580761191e-15 0)
(3 -2.500915951e-15 0)
(3 -2.427076835e-15 0)
(3 -2.196513998e-15 0)
(3 -3.228585269e-15 0)
(3 -2.880692962e-15 0)
(3 -1.921804291e-15 0)
(3 -1.600786227e-15 0)
(3 -1.575742528e-15 0)
(3 -5.48844525e-16 0)
(3 2.047661952e-15 0)
(3 3.291365868e-15 0)
(3 2.088154899e-15 0)
(3 1.579175364e-15 0)
(3 -8.458488184e-17 0)
(3 -2.074332373e-15 0)
(3 -2.882411044e-15 0)
(3 -2.335613847e-15 0)
(3 -1.385171446e-15 0)
(3 -3.328007696e-16 0)
(3 4.609896511e-16 0)
(3 8.166808997e-17 0)
(3 -8.818443109e-16 0)
(3 -2.423622209e-15 0)
(3 -2.819232658e-15 0)
(3 -2.826818238e-15 0)
(3 -2.482833376e-15 0)
(3 -1.602949058e-15 0)
(3 -7.289265686e-16 0)
(3 -4.529078076e-16 0)
(3 -5.326249968e-16 0)
(3 -4.904990174e-16 0)
(3 1.714437303e-15 0)
(3 4.965564799e-15 0)
(3 5.158598032e-15 0)
(3 4.258335901e-15 0)
(3 3.692934879e-15 0)
(3 1.552418838e-15 0)
(3 9.812116133e-16 0)
(3 -1.318365723e-16 0)
(3 -1.616895257e-15 0)
(3 -2.932283304e-15 0)
(3 -3.35698307e-15 0)
(3 -3.673795459e-15 0)
(3 -3.28477901e-15 0)
(3 -2.912663112e-15 0)
(3 -3.231687248e-15 0)
(3 -4.012171443e-15 0)
(3 -4.315743594e-15 0)
(3 -2.859036938e-15 0)
(3 -4.685851715e-16 0)
(3 -2.037395997e-15 0)
(3 -2.230861934e-15 0)
(3 -3.108823089e-15 0)
(3 -3.61608878e-15 0)
(3 -4.019545813e-15 0)
(3 -3.792881839e-15 0)
(3 -3.407007063e-15 0)
(3 -3.311839688e-15 0)
(3 -2.421740533e-15 0)
(3 -1.873777504e-15 0)
(3 -1.240051785e-15 0)
(3 -5.585653671e-16 0)
(3 -4.44087651e-17 0)
(3 5.150712413e-16 0)
(3 8.482763132e-16 0)
(3 5.307657515e-16 0)
(3 -3.504044871e-16 0)
(3 -5.469259981e-16 0)
(3 -6.60910003e-16 0)
(3 -9.532982102e-16 0)
(3 -1.26093053e-15 0)
(3 -1.335022831e-15 0)
(3 -1.590933638e-15 0)
(3 -1.456660224e-15 0)
(3 -1.608245561e-15 0)
(3 -1.68372198e-15 0)
(3 -3.382634578e-15 0)
(3 -3.299189662e-15 0)
(3 -2.815495566e-15 0)
(3 -2.822425117e-15 0)
(3 -2.949992304e-15 0)
(3 -2.742595352e-15 0)
(3 -5.362911045e-16 0)
(3 1.529980236e-15 0)
(3 2.483733679e-15 0)
(3 3.353519521e-15 0)
(3 4.128634581e-15 0)
(3 2.747322661e-15 0)
(3 1.17702345e-15 0)
(3 -2.853549849e-16 0)
(3 -1.444613973e-15 0)
(3 -1.813671757e-15 0)
(3 -3.138923221e-15 0)
(3 -3.747774719e-15 0)
(3 -2.92971295e-15 0)
(3 -2.961219049e-15 0)
(3 -2.494400683e-15 0)
(3 -2.03589383e-15 0)
(3 -2.270113302e-15 0)
(3 -2.990588617e-15 0)
(3 -3.302505124e-15 0)
(3 -1.815412154e-15 0)
(3 -2.384866734e-16 0)
(3 -3.446508598e-15 0)
(3 -3.269914298e-15 0)
(3 -2.857427188e-15 0)
(3 -1.872118089e-15 0)
(3 -6.31404989e-16 0)
(3 4.367268678e-16 0)
(3 8.893377069e-16 0)
(3 6.943423986e-16 0)
(3 3.276894723e-16 0)
(3 6.963959179e-16 0)
(3 1.280562479e-15 0)
(3 1.169247251e-15 0)
(3 -4.151268231e-16 0)
(3 -1.47519729e-15 0)
(3 -2.208765365e-15 0)
(3 -3.169253699e-15 0)
(3 -1.994169066e-15 0)
(3 -1.572031319e-15 0)
(3 -1.473102714e-15 0)
(3 -2.31483239e-15 0)
(3 -2.760849835e-15 0)
(3 -3.50312314e-15 0)
(3 -3.987300205e-15 0)
(3 -2.773748212e-15 0)
(3 -2.16003333e-15 0)
(3 -1.497863583e-15 0)
)
;

boundaryField
{
    inlet
    {
        type            fixedValue;
        value           nonuniform 0();
    }
    outlet
    {
        type            inletOutlet;
        inletValue      nonuniform 0();
        value           nonuniform 0();
    }
    bottom
    {
        type            slip;
    }
    top
    {
        type            slip;
    }
    obstacle
    {
        type            slip;
    }
    defaultFaces
    {
        type            empty;
    }
    procBoundary2to1
    {
        type            processor;
        value           nonuniform List<vector> 
32
(
(3 7.814482456e-16 0)
(3 -1.460944081e-15 0)
(3 2.790247768e-15 0)
(3 7.246634929e-15 0)
(3 3.883172358e-15 0)
(3 1.193410541e-15 0)
(3 -4.098910239e-15 0)
(3 -4.339215327e-15 0)
(3 -2.328242776e-15 0)
(3 -6.690533997e-15 0)
(3 -8.291601453e-15 0)
(3 -7.818721767e-15 0)
(3 -8.356132116e-15 0)
(3 -5.454926233e-15 0)
(3 -2.475841249e-15 0)
(3 -2.596817591e-15 0)
(3 -1.178704841e-15 0)
(3 6.021535572e-16 0)
(3 -6.894905196e-16 0)
(3 -1.109058179e-15 0)
(3 -3.953551168e-15 0)
(3 -6.918063534e-15 0)
(3 -5.662726492e-15 0)
(3 -4.949724137e-15 0)
(3 -3.747209893e-15 0)
(3 -1.852098745e-15 0)
(3 -2.178184758e-15 0)
(3 -4.471740797e-16 0)
(3 -1.214057698e-15 0)
(3 -3.063770584e-15 0)
(3 -3.16117314e-15 0)
(3 -2.074004209e-15 0)
)
;
    }
    procBoundary2to3
    {
        type            processor;
        value           nonuniform List<vector> 
35
(
(3 -9.632050238e-16 0)
(3 -9.632050238e-16 0)
(3 -6.775101009e-16 0)
(3 -4.513597134e-15 0)
(3 -1.863169722e-15 0)
(3 -5.947495235e-16 0)
(3 -1.724767541e-15 0)
(3 -1.497048872e-15 0)
(3 -1.556627542e-15 0)
(3 -1.793913672e-15 0)
(3 -3.823309767e-15 0)
(3 -5.840209089e-15 0)
(3 -5.495761837e-15 0)
(3 -3.098814862e-15 0)
(3 -2.159316085e-16 0)
(3 2.26107909e-15 0)
(3 6.187046767e-15 0)
(3 4.004284752e-15 0)
(3 5.570259975e-16 0)
(3 2.951264985e-16 0)
(3 4.445814884e-17 0)
(3 -2.006287494e-15 0)
(3 -4.820678063e-16 0)
(3 -7.483892771e-17 0)
(3 -6.336247445e-18 0)
(3 -1.278598939e-15 0)
(3 -1.796743068e-15 0)
(3 -1.965293929e-15 0)
(3 -4.663505533e-15 0)
(3 -6.198467028e-15 0)
(3 -3.355623989e-15 0)
(3 1.682043449e-16 0)
(3 -4.483526714e-18 0)
(3 -3.180444845e-16 0)
(3 1.730392074e-16 0)
)
;
    }
    procBoundary2to8
    {
        type            processor;
        value           nonuniform List<vector> 
69
(
(3 -1.658374176e-15 0)
(3 -1.556816493e-15 0)
(3 -1.708978587e-15 0)
(3 -2.559739116e-15 0)
(3 -3.861840938e-15 0)
(3 -4.450595211e-15 0)
(3 -2.984838882e-15 0)
(3 -2.777205205e-15 0)
(3 -2.628111752e-15 0)
(3 -2.848603851e-15 0)
(3 -3.658513117e-15 0)
(3 -4.595933196e-15 0)
(3 -4.417537656e-15 0)
(3 -3.191234258e-15 0)
(3 -3.191234258e-15 0)
(3 -2.417787784e-15 0)
(3 -2.504841452e-15 0)
(3 -2.394918529e-15 0)
(3 -2.840421278e-15 0)
(3 -3.236241016e-15 0)
(3 -3.632334324e-15 0)
(3 -3.369548322e-15 0)
(3 -3.467512797e-15 0)
(3 -3.23619491e-15 0)
(3 -1.405781973e-15 0)
(3 2.318449473e-16 0)
(3 -5.103413634e-16 0)
(3 -2.031562531e-15 0)
(3 -2.998093482e-15 0)
(3 -1.630403616e-15 0)
(3 -1.491047124e-15 0)
(3 -9.222706561e-16 0)
(3 1.004470071e-15 0)
(3 2.43942653e-15 0)
(3 1.499332878e-15 0)
(3 9.755336137e-16 0)
(3 -3.264416352e-16 0)
(3 -1.628115844e-15 0)
(3 -1.943312956e-15 0)
(3 -2.040682853e-15 0)
(3 -2.244735284e-15 0)
(3 -2.082148e-15 0)
(3 -2.082148e-15 0)
(3 -1.930131539e-15 0)
(3 -1.998544805e-15 0)
(3 -1.451931238e-15 0)
(3 -3.770265727e-16 0)
(3 5.47836342e-16 0)
(3 1.435829411e-16 0)
(3 3.415258124e-16 0)
(3 1.593253098e-16 0)
(3 -3.014241796e-16 0)
(3 -7.858801224e-16 0)
(3 -2.41046579e-16 0)
(3 3.262368211e-16 0)
(3 5.537361654e-16 0)
(3 5.168981921e-16 0)
(3 1.346871944e-15 0)
(3 1.169516484e-15 0)
(3 1.242253625e-15 0)
(3 -1.52308751e-16 0)
(3 -8.622825641e-16 0)
(3 -1.843017388e-15 0)
(3 -3.527605479e-15 0)
(3 -3.700313025e-15 0)
(3 -3.798858758e-15 0)
(3 -4.152010865e-15 0)
(3 -4.571196065e-15 0)
(3 -4.402622466e-15 0)
)
;
    }
}


// ************************************************************************* //
