/*--------------------------------*- C++ -*----------------------------------*\
  =========                 |
  \\      /  F ield         | OpenFOAM: The Open Source CFD Toolbox
   \\    /   O peration     | Website:  https://openfoam.org
    \\  /    A nd           | Version:  7
     \\/     M anipulation  |
\*---------------------------------------------------------------------------*/
FoamFile
{
    version     2.0;
    format      ascii;
    class       volVectorField;
    location    "0.3";
    object      U;
}
// * * * * * * * * * * * * * * * * * * * * * * * * * * * * * * * * * * * * * //

dimensions      [0 1 -1 0 0 0 0];

internalField   nonuniform List<vector> 
2222
(
(3 8.391942549e-15 0)
(3 2.684173816e-15 0)
(3 2.488549838e-15 0)
(3 2.157690964e-15 0)
(3 6.741395927e-15 0)
(3 -6.614887857e-16 0)
(3 -1.952914705e-15 0)
(3 6.710325398e-16 0)
(3 3.165247036e-15 0)
(3 2.954470045e-15 0)
(3 -3.365844801e-15 0)
(3 -6.12399594e-15 0)
(3 -4.287882024e-15 0)
(3 -5.260492911e-15 0)
(3 -5.704043099e-15 0)
(3 -7.309890439e-16 0)
(3 4.32440658e-15 0)
(3 7.824019956e-15 0)
(3 4.57934438e-15 0)
(3 3.258270834e-15 0)
(3 1.756948949e-15 0)
(3 2.630683104e-15 0)
(3 -5.251468924e-16 0)
(3 -1.49636444e-15 0)
(3 -4.188218686e-15 0)
(3 -3.944715585e-15 0)
(3 -1.966344005e-15 0)
(3 1.916183367e-15 0)
(3 3.40306239e-15 0)
(3 3.718550811e-15 0)
(3 3.906421876e-15 0)
(3 4.728306433e-15 0)
(3 7.938018538e-15 0)
(3 2.380196481e-15 0)
(3 7.414649505e-15 0)
(3 9.89580807e-15 0)
(3 1.565580923e-14 0)
(3 -2.541823742e-15 0)
(3 1.328280909e-16 0)
(3 4.540791088e-15 0)
(3 5.704076861e-15 0)
(3 1.909585503e-15 0)
(3 -5.973663747e-15 0)
(3 -1.066069724e-14 0)
(3 -3.907738908e-15 0)
(3 -2.992502535e-15 0)
(3 -2.213076704e-15 0)
(3 4.678921267e-15 0)
(3 1.363876579e-14 0)
(3 1.672101182e-14 0)
(3 6.850302931e-15 0)
(3 3.570268935e-15 0)
(3 5.436380524e-16 0)
(3 1.87671748e-15 0)
(3 8.039420696e-16 0)
(3 -6.989520425e-15 0)
(3 -1.504468736e-14 0)
(3 -4.911378915e-15 0)
(3 -3.331497448e-16 0)
(3 6.804695418e-15 0)
(3 4.915791767e-15 0)
(3 4.574696021e-15 0)
(3 5.650864373e-15 0)
(3 5.899049776e-15 0)
(3 -2.894312698e-11 0)
(3 -8.986465673e-13 0)
(3 -1.834545501e-14 0)
(3 1.484520511e-14 0)
(3 1.949005978e-14 0)
(3 9.425933944e-15 0)
(3 6.769969911e-15 0)
(3 8.236437349e-15 0)
(3 3.037210191e-15 0)
(3 -5.875998053e-15 0)
(3 -1.665303135e-14 0)
(3 -1.977656243e-14 0)
(3 -6.494723095e-15 0)
(3 -3.779957937e-15 0)
(3 3.862016117e-15 0)
(3 2.147428629e-14 0)
(3 2.821647979e-14 0)
(3 2.439493047e-14 0)
(3 7.946521332e-15 0)
(3 3.865365152e-15 0)
(3 -1.08278959e-15 0)
(3 -1.761495169e-15 0)
(3 -3.466545776e-15 0)
(3 -1.637081346e-14 0)
(3 -2.792977407e-14 0)
(3 -1.928337619e-14 0)
(3 -1.245451043e-14 0)
(3 1.125772492e-16 0)
(3 8.171800322e-16 0)
(3 5.377851341e-15 0)
(3 5.970840911e-15 0)
(3 6.640403503e-15 0)
(3.00000003 -2.451820705e-07 0)
(3.000000003 -1.917827555e-08 0)
(3 -6.878193094e-10 0)
(3 -9.824236187e-12 0)
(3 -5.250882144e-14 0)
(3 1.661594508e-14 0)
(3 1.420975184e-14 0)
(3 1.390543604e-14 0)
(3 1.18678349e-14 0)
(3 -4.112974785e-15 0)
(3 -2.82556663e-14 0)
(3 -1.759254927e-14 0)
(3 5.676999978e-16 0)
(3 3.930537369e-15 0)
(3 2.175877922e-15 0)
(3 2.091359576e-14 0)
(3 3.081502137e-14 0)
(3 3.026032626e-14 0)
(3 1.140495912e-14 0)
(3 1.635914071e-15 0)
(3 -3.222889618e-15 0)
(3 -4.003556951e-15 0)
(3 -9.876061239e-15 0)
(3 -2.769012295e-14 0)
(3 -3.212478117e-14 0)
(3 -2.253137221e-14 0)
(3 -1.988822893e-15 0)
(3 3.258886272e-15 0)
(3 5.599268981e-15 0)
(3 1.725737075e-15 0)
(3 -8.791935021e-16 0)
(3 3.863525742e-15 0)
(3.000016248 -0.0001445531832 0)
(3.000003423 -2.580242365e-05 0)
(3.000000379 -2.580294306e-06 0)
(3.000000019 -1.253907195e-07 0)
(3 -2.495449902e-09 0)
(3 -1.675463154e-11 0)
(3 -3.199816447e-14 0)
(3 2.048500316e-14 0)
(3 1.727575032e-14 0)
(3 -4.126106476e-15 0)
(3 -2.998686116e-14 0)
(3 -2.245572734e-14 0)
(3 -3.630887646e-15 0)
(3 8.768556977e-17 0)
(3 1.64161478e-15 0)
(3 1.436148711e-14 0)
(3 3.23958871e-14 0)
(3 3.426856915e-14 0)
(3 1.655434999e-14 0)
(3 8.326385215e-15 0)
(3 2.48360638e-15 0)
(3 -4.50853532e-15 0)
(3 -1.790519877e-14 0)
(3 -3.444576433e-14 0)
(3 -3.452317237e-14 0)
(3 -2.050140478e-14 0)
(3 -6.403217073e-15 0)
(3 -2.803305567e-15 0)
(3 8.200322995e-15 0)
(3 4.121629366e-15 0)
(3 -8.002726545e-16 0)
(3 -2.67989094e-15 0)
(3.000919008 -0.008746835917 0)
(3.000380814 -0.003030107866 0)
(3.000101467 -0.0007012565751 0)
(3.000015393 -9.572987352e-05 0)
(3.000001135 -6.601901227e-06 0)
(3.000000034 -1.912366911e-07 0)
(3 -1.886781079e-09 0)
(3 -5.088568064e-12 0)
(3 -2.580079051e-17 0)
(3 -3.832028608e-15 0)
(3 -2.150698687e-14 0)
(3 -2.336717864e-14 0)
(3 -1.114732126e-14 0)
(3 -1.78075444e-15 0)
(3 3.21890152e-15 0)
(3 1.339808813e-14 0)
(3 3.239064672e-14 0)
(3 3.694938949e-14 0)
(3 2.043506648e-14 0)
(3 1.276124219e-14 0)
(3 2.123467378e-15 0)
(3 -6.266957214e-15 0)
(3 -2.538431717e-14 0)
(3 -3.545122131e-14 0)
(3 -2.909093877e-14 0)
(3 -1.487453486e-14 0)
(3 -6.240537201e-15 0)
(3 -5.999329122e-15 0)
(3 -2.293513446e-15 0)
(3 7.626713615e-15 0)
(3 5.496556838e-15 0)
(3 -4.310073632e-15 0)
(3.009085225 -0.08465230497 0)
(3.006120453 -0.04855391565 0)
(3.003103574 -0.02153501012 0)
(3.001080045 -0.006679696188 0)
(3.000226841 -0.001273512433 0)
(3.000024303 -0.0001268807672 0)
(3.000001085 -5.436522647e-06 0)
(3.000000016 -8.015344674e-08 0)
(3 -3.184612877e-10 0)
(3 -3.161295607e-13 0)
(3 -1.483037605e-14 0)
(3 -1.882510551e-14 0)
(3 -1.646536823e-15 0)
(3 6.812906385e-15 0)
(3 7.948121842e-15 0)
(3 1.99543685e-14 0)
(3 3.257037709e-14 0)
(3 3.99305391e-14 0)
(3 3.078428063e-14 0)
(3 9.270962218e-15 0)
(3 -2.136880013e-15 0)
(3 -1.461142948e-14 0)
(3 -2.648996395e-14 0)
(3 -3.239940396e-14 0)
(3 -2.99001466e-14 0)
(3 -1.941659566e-14 0)
(3 -8.03162854e-15 0)
(3 -2.138277785e-15 0)
(3 -3.454779441e-15 0)
(3 1.982846051e-15 0)
(3 6.527685827e-15 0)
(3 3.946829077e-15 0)
(3.025073723 -0.2259981438 0)
(3.023089138 -0.178458032 0)
(3.018189813 -0.1236607326 0)
(3.011470739 -0.06978266698 0)
(3.005236391 -0.02886930797 0)
(3.001511698 -0.0076433991 0)
(3.000232601 -0.00109453285 0)
(3.000015439 -6.908500182e-05 0)
(3.000000346 -1.516456906e-06 0)
(3.000000002 -8.919141975e-09 0)
(3 -1.073617907e-11 0)
(3 -2.81043843e-14 0)
(3 -7.478626594e-17 0)
(3 1.47962907e-14 0)
(3 1.851923939e-14 0)
(3 2.897214807e-14 0)
(3 3.770653943e-14 0)
(3 4.588049629e-14 0)
(3 3.868872022e-14 0)
(3 1.668443779e-14 0)
(3 -1.956822713e-15 0)
(3 -1.909566782e-14 0)
(3 -2.118672563e-14 0)
(3 -2.270510432e-14 0)
(3 -2.167264832e-14 0)
(3 -1.116970198e-14 0)
(3 -6.907397282e-15 0)
(3 -2.733204687e-15 0)
(3 -2.104506753e-15 0)
(3 -1.664549354e-15 0)
(3 -7.52413852e-16 0)
(3 9.151650712e-16 0)
(3.036699903 -0.3113975345 0)
(3.038312044 -0.2837558624 0)
(3.037270474 -0.2458605145 0)
(3.032759739 -0.1950770437 0)
(3.024516314 -0.1330353945 0)
(3.014170694 -0.0705521781 0)
(3.005486407 -0.02520740892 0)
(3.001183607 -0.005061835949 0)
(3.000114106 -0.0004607279958 0)
(3.000003794 -1.477699063e-05 0)
(3.000000033 -1.264356856e-07 0)
(3 -2.157739479e-10 0)
(3 -7.047828183e-14 0)
(3 2.599748458e-14 0)
(3 3.595811159e-14 0)
(3 3.908255205e-14 0)
(3 4.298405892e-14 0)
(3 4.724712367e-14 0)
(3 4.172921431e-14 0)
(3 2.310918872e-14 0)
(3 2.223834451e-15 0)
(3 -1.320719006e-14 0)
(3 -2.07178085e-14 0)
(3 -1.985865201e-14 0)
(3 -1.465162146e-14 0)
(3 -1.315745662e-14 0)
(3 -1.464220465e-14 0)
(3 -1.244374567e-14 0)
(3 -5.730237347e-15 0)
(3 -4.272490527e-15 0)
(3 -9.798198253e-15 0)
(3 -7.300967137e-15 0)
(3.044413448 -0.3359365641 0)
(3.047592408 -0.3210563283 0)
(3.049085584 -0.3019468547 0)
(3.048665862 -0.2755466853 0)
(3.045209799 -0.2374740959 0)
(3.037650788 -0.183960181 0)
(3.025830237 -0.1174987748 0)
(3.012730056 -0.05384774058 0)
(3.003705975 -0.01458405371 0)
(3.000501194 -0.001848967986 0)
(3.000023921 -8.400386504e-05 0)
(3.000000297 -1.016503185e-06 0)
(3.000000001 -2.404073785e-09 0)
(3 -7.960604283e-13 0)
(3 5.506244942e-14 0)
(3 5.789600795e-14 0)
(3 5.727727852e-14 0)
(3 5.421468262e-14 0)
(3 5.028250301e-14 0)
(3 2.442617843e-14 0)
(3 -3.157387766e-15 0)
(3 -5.456564239e-15 0)
(3 -1.812347149e-14 0)
(3 -2.297582947e-14 0)
(3 -1.562321253e-14 0)
(3 -1.619452768e-14 0)
(3 -1.824966029e-14 0)
(3 -1.447057682e-14 0)
(3 -1.156440987e-14 0)
(3 -5.357194995e-15 0)
(3 -7.027588609e-15 0)
(3 -2.680708436e-15 0)
(3.048752612 -0.3397744234 0)
(3.053404368 -0.3276792934 0)
(3.056850595 -0.3149206506 0)
(3.058250043 -0.3002832077 0)
(3.057496958 -0.2814259653 0)
(3.054571343 -0.2542299666 0)
(3.0481606 -0.2131337067 0)
(3.036881356 -0.1544982018 0)
(3.021693927 -0.08543293865 0)
(3.008070503 -0.02964822104 0)
(3.001465456 -0.005011091705 0)
(3.000096474 -0.0003098076853 0)
(3.000001662 -5.107251912e-06 0)
(3.000000005 -1.612720533e-08 0)
(3 -6.994782362e-12 0)
(3 6.1317722e-14 0)
(3 6.719882161e-14 0)
(3 6.269037599e-14 0)
(3 5.501883541e-14 0)
(3 3.10765577e-14 0)
(3 -7.615836081e-15 0)
(3 -1.22540951e-14 0)
(3 -2.091205264e-14 0)
(3 -2.833317821e-14 0)
(3 -2.106996251e-14 0)
(3 -1.743432659e-14 0)
(3 -1.602455865e-14 0)
(3 -1.374423219e-14 0)
(3 -1.023059031e-14 0)
(3 -4.852271835e-15 0)
(3 -6.823718494e-15 0)
(3 -2.098263865e-15 0)
(3.051830807 -0.335430044 0)
(3.056792763 -0.3267104206 0)
(3.060769373 -0.3161776929 0)
(3.063636418 -0.3038123082 0)
(3.065468927 -0.2901973883 0)
(3.065079032 -0.2746824758 0)
(3.062280055 -0.2539862599 0)
(3.056447061 -0.2233460407 0)
(3.045940811 -0.1760572312 0)
(3.030363311 -0.1113598904 0)
(3.013586242 -0.04689509337 0)
(3.003143319 -0.01007299405 0)
(3.000272161 -0.0008092827542 0)
(3.000006212 -1.735894667e-05 0)
(3.000000026 -6.990220446e-08 0)
(3 -3.74091498e-11 0)
(3 6.140440084e-14 0)
(3 6.063568482e-14 0)
(3 5.097607215e-14 0)
(3 2.771505758e-14 0)
(3 -2.35911958e-15 0)
(3 -1.685938389e-14 0)
(3 -2.257647158e-14 0)
(3 -3.214297327e-14 0)
(3 -2.778078606e-14 0)
(3 -2.126698029e-14 0)
(3 -2.04652926e-14 0)
(3 -1.900554607e-14 0)
(3 -1.198595038e-14 0)
(3 -4.253074701e-15 0)
(3 -7.889475107e-15 0)
(3 -4.914030644e-15 0)
(3.054057642 -0.3188681581 0)
(3.059024167 -0.3126725708 0)
(3.063280429 -0.3065088839 0)
(3.066904088 -0.2996020454 0)
(3.069429796 -0.2906173917 0)
(3.070464395 -0.2790139441 0)
(3.069934647 -0.266163235 0)
(3.067145742 -0.2500787154 0)
(3.061461803 -0.2261414966 0)
(3.052124691 -0.1871772776 0)
(3.037350388 -0.1292733842 0)
(3.01910384 -0.06259924731 0)
(3.005335256 -0.01620880545 0)
(3.000576788 -0.001607191098 0)
(3.000016564 -4.259528008e-05 0)
(3.000000086 -2.075536847e-07 0)
(3 -1.292524347e-10 0)
(3 4.553648772e-14 0)
(3 5.7608117e-14 0)
(3 4.590287693e-14 0)
(3 1.657182408e-14 0)
(3 -9.404624895e-15 0)
(3 -1.515967494e-14 0)
(3 -2.890802431e-14 0)
(3 -2.800877689e-14 0)
(3 -2.107376855e-14 0)
(3 -2.0237054e-14 0)
(3 -1.884772295e-14 0)
(3 -1.234808154e-14 0)
(3 -7.064619775e-15 0)
(3 -9.438693956e-15 0)
(3 -7.689150429e-15 0)
(3.056221682 -0.3029278944 0)
(3.061068729 -0.2958330377 0)
(3.06528785 -0.2894443478 0)
(3.068770561 -0.2838419392 0)
(3.071404597 -0.2786173078 0)
(3.073473576 -0.2726120299 0)
(3.074446101 -0.2631496298 0)
(3.073934373 -0.2496002867 0)
(3.072313124 -0.2340845428 0)
(3.067383117 -0.2151806182 0)
(3.057852586 -0.1855939939 0)
(3.043037356 -0.1372624983 0)
(3.02392741 -0.0737270223 0)
(3.007636834 -0.02198055091 0)
(3.000975147 -0.002559582782 0)
(3.00003328 -7.935316528e-05 0)
(3.000000201 -4.407350996e-07 0)
(3 -2.997635002e-10 0)
(3 4.256999296e-14 0)
(3 4.992309718e-14 0)
(3 1.404219178e-14 0)
(3 -3.199380993e-15 0)
(3 -4.075699251e-15 0)
(3 -1.84274755e-14 0)
(3 -2.440505329e-14 0)
(3 -2.067005992e-14 0)
(3 -1.955150377e-14 0)
(3 -1.758470721e-14 0)
(3 -1.182570257e-14 0)
(3 -1.194995066e-14 0)
(3 -1.437409548e-14 0)
(3 -5.111572673e-15 0)
(3.058731433 -0.2906949702 0)
(3.063362292 -0.2828737378 0)
(3.067348747 -0.2754039265 0)
(3.070653227 -0.2683815989 0)
(3.073249978 -0.2621065379 0)
(3.075070886 -0.257000579 0)
(3.076140857 -0.253169586 0)
(3.076780574 -0.2489951911 0)
(3.076042373 -0.2414212515 0)
(3.073106259 -0.2299650834 0)
(3.068154777 -0.2134202733 0)
(3.059633625 -0.1866729532 0)
(3.046185312 -0.1419507765 0)
(3.027350377 -0.08080078899 0)
(3.009578648 -0.02637979386 0)
(3.001371095 -0.003414466396 0)
(3.000052363 -0.0001165695543 0)
(3.000000344 -6.924757452e-07 0)
(3 -4.820640397e-10 0)
(3 3.525647766e-15 0)
(3 1.652714313e-14 0)
(3 1.171358592e-14 0)
(3 4.485332972e-15 0)
(3 -1.217670758e-14 0)
(3 -3.00731672e-14 0)
(3 -2.04174935e-14 0)
(3 -1.81377773e-14 0)
(3 -1.669601797e-14 0)
(3 -1.084037588e-14 0)
(3 -9.686470759e-15 0)
(3 -1.035453651e-14 0)
(3 -2.247476988e-15 0)
(3.061363344 -0.2800007289 0)
(3.065950505 -0.2718003935 0)
(3.069847604 -0.2638600508 0)
(3.072917903 -0.2563531516 0)
(3.075135665 -0.2494712454 0)
(3.076604461 -0.243390371 0)
(3.077629232 -0.2382227172 0)
(3.078334985 -0.2340019768 0)
(3.078115427 -0.2298723427 0)
(3.077169659 -0.2225517297 0)
(3.075340274 -0.2097620225 0)
(3.071942421 -0.1939900174 0)
(3.06363408 -0.1730720111 0)
(3.049311805 -0.1369430799 0)
(3.029811426 -0.08200100357 0)
(3.010930485 -0.02841729061 0)
(3.001657941 -0.003901493214 0)
(3.00006651 -0.0001385807342 0)
(3.000000446 -8.255299781e-07 0)
(3 -5.485896727e-10 0)
(3 -4.958903533e-15 0)
(3 2.532362225e-14 0)
(3 1.547056213e-14 0)
(3 1.383187292e-15 0)
(3 -1.330753718e-14 0)
(3 -2.144708234e-14 0)
(3 -1.932375342e-14 0)
(3 -1.786876646e-14 0)
(3 -1.147205834e-14 0)
(3 -2.163829784e-15 0)
(3 1.213879205e-15 0)
(3 3.489193155e-15 0)
(3.06406262 -0.2692851256 0)
(3.068496453 -0.2612919802 0)
(3.072245933 -0.2535732365 0)
(3.075267152 -0.2459530033 0)
(3.07755311 -0.2383097849 0)
(3.079048396 -0.2307667648 0)
(3.079672708 -0.2237366659 0)
(3.079514448 -0.2178741956 0)
(3.078932519 -0.2140649429 0)
(3.078324856 -0.2125622087 0)
(3.077487027 -0.2107243485 0)
(3.075069743 -0.2046885024 0)
(3.070116904 -0.1928085311 0)
(3.062292172 -0.1719708088 0)
(3.049299134 -0.1353040442 0)
(3.030513948 -0.08117375658 0)
(3.011406254 -0.02844229249 0)
(3.001751162 -0.003923566177 0)
(3.000069567 -0.000136212623 0)
(3.000000443 -7.58771175e-07 0)
(3 -4.47091619e-10 0)
(3 -1.42292883e-14 0)
(3 1.449463138e-14 0)
(3 9.998286534e-15 0)
(3 -4.991928993e-15 0)
(3 -2.810168906e-14 0)
(3 -2.327853676e-14 0)
(3 -2.054059917e-14 0)
(3 -1.251186488e-14 0)
(3 1.598284364e-15 0)
(3 4.025847967e-15 0)
(3 7.000238952e-15 0)
(3.066656619 -0.2584682366 0)
(3.07107129 -0.2504266673 0)
(3.074860251 -0.2426277354 0)
(3.077847586 -0.235104331 0)
(3.079898572 -0.2279926485 0)
(3.080962856 -0.2213951398 0)
(3.081081207 -0.2152987692 0)
(3.080505336 -0.2095017754 0)
(3.079690921 -0.204012232 0)
(3.079115892 -0.1994627496 0)
(3.07851355 -0.1966091893 0)
(3.076927028 -0.1937413021 0)
(3.074894962 -0.185633602 0)
(3.071730815 -0.1718554704 0)
(3.064621291 -0.1537658059 0)
(3.05036046 -0.123354049 0)
(3.030497273 -0.07502088814 0)
(3.011147744 -0.02611803088 0)
(3.0016452 -0.00347113927 0)
(3.000060617 -0.0001111053611 0)
(3.000000341 -5.40551738e-07 0)
(3 -2.626913795e-10 0)
(3 -1.120226299e-14 0)
(3 -3.736453087e-14 0)
(3 -2.472656546e-13 0)
(3 -3.770448307e-13 0)
(3 -3.081447676e-13 0)
(3 -1.619809042e-13 0)
(3 -4.079379826e-14 0)
(3 -5.766616143e-15 0)
(3 -5.701151886e-15 0)
(3 8.869707758e-16 0)
(3.069310837 -0.2472546172 0)
(3.073569931 -0.2393648678 0)
(3.077149465 -0.2319844689 0)
(3.079972226 -0.2249514809 0)
(3.082077959 -0.2179555278 0)
(3.083509145 -0.2107604604 0)
(3.084221049 -0.2033508342 0)
(3.084029182 -0.1960902699 0)
(3.082918398 -0.1893451116 0)
(3.081108557 -0.1837559492 0)
(3.078958871 -0.1802535508 0)
(3.077189245 -0.1795998489 0)
(3.076027956 -0.1798797076 0)
(3.074348318 -0.1774855931 0)
(3.069784582 -0.1688523663 0)
(3.061509598 -0.1507779642 0)
(3.047954783 -0.1177850688 0)
(3.028799903 -0.06884068719 0)
(3.010080621 -0.02261902675 0)
(3.001366118 -0.002738093832 0)
(3.000043971 -7.578541288e-05 0)
(3.000000204 -2.997914469e-07 0)
(3 -1.111612962e-10 0)
(3 -1.131717846e-12 0)
(3 -4.495166563e-12 0)
(3 -1.049884999e-11 0)
(3 -1.036781937e-11 0)
(3 -7.477640379e-12 0)
(3 -3.09772644e-12 0)
(3 -5.209139084e-13 0)
(3 -3.251369646e-14 0)
(3 -1.150430738e-15 0)
(3.071831136 -0.2362390001 0)
(3.075978351 -0.2283321224 0)
(3.079569795 -0.2207933953 0)
(3.082464072 -0.2135581584 0)
(3.084494872 -0.2067346813 0)
(3.085582394 -0.2004152185 0)
(3.085671727 -0.1946970692 0)
(3.084865189 -0.1892992899 0)
(3.083322369 -0.183954055 0)
(3.081369108 -0.1782185219 0)
(3.079177485 -0.1724590689 0)
(3.077244107 -0.1681477029 0)
(3.076423746 -0.1665675405 0)
(3.075474015 -0.1654465918 0)
(3.073251109 -0.160809319 0)
(3.069657772 -0.1491110904 0)
(3.061917186 -0.1321739623 0)
(3.046850092 -0.1030891817 0)
(3.026533715 -0.05873871402 0)
(3.008515233 -0.01793635765 0)
(3.001008582 -0.00189665515 0)
(3.000026571 -4.271155482e-05 0)
(3.000000094 -1.277200892e-07 0)
(3 -4.751308655e-11 0)
(3 -3.474481864e-11 0)
(3 -8.424073209e-11 0)
(3 -1.123664146e-10 0)
(3 -1.001433677e-10 0)
(3 -6.32085255e-11 0)
(3 -2.113795555e-11 0)
(3 -2.546180837e-12 0)
(3 -5.686396965e-14 0)
(3.074453273 -0.2249574923 0)
(3.078473154 -0.2169759964 0)
(3.081832202 -0.2097143 0)
(3.084424377 -0.2030607338 0)
(3.086290323 -0.1966951836 0)
(3.087511687 -0.1902824721 0)
(3.088168358 -0.1836077751 0)
(3.088137543 -0.1769337464 0)
(3.087404466 -0.1703106873 0)
(3.08562612 -0.1641656988 0)
(3.082676977 -0.1586675668 0)
(3.079112244 -0.1540097917 0)
(3.076506874 -0.1516039449 0)
(3.075399245 -0.1515368828 0)
(3.074073323 -0.1519636809 0)
(3.072310371 -0.1509827742 0)
(3.067468772 -0.143260343 0)
(3.057795639 -0.1258888448 0)
(3.042667459 -0.09376818304 0)
(3.023011471 -0.04937909558 0)
(3.00660978 -0.0132711464 0)
(3.000649865 -0.001153274307 0)
(3.000013108 -1.971941161e-05 0)
(3.000000033 -4.144926653e-08 0)
(3 -2.007568941e-10 0)
(3 -3.114246166e-10 0)
(3 -4.819520317e-10 0)
(3 -4.930053728e-10 0)
(3 -4.056281557e-10 0)
(3 -2.205807686e-10 0)
(3 -5.981374478e-11 0)
(3 -4.209993136e-12 0)
(3.076965484 -0.2139211245 0)
(3.080730254 -0.2060627866 0)
(3.084066542 -0.1986070723 0)
(3.086750557 -0.1915930914 0)
(3.088641838 -0.1850755916 0)
(3.089693893 -0.1790395121 0)
(3.08986014 -0.1735695522 0)
(3.089281692 -0.1684230731 0)
(3.088016099 -0.1632179471 0)
(3.085956463 -0.157943445 0)
(3.083092628 -0.152495781 0)
(3.079674991 -0.1469894582 0)
(3.076588954 -0.1426341675 0)
(3.075057867 -0.1410316273 0)
(3.074433921 -0.1406665784 0)
(3.073169971 -0.1399008391 0)
(3.070265376 -0.136229864 0)
(3.065501617 -0.1257131985 0)
(3.05578276 -0.1085912687 0)
(3.039178003 -0.07856535316 0)
(3.019131067 -0.03830823577 0)
(3.004683411 -0.008826094095 0)
(3.000361835 -0.0005997590139 0)
(3.000005218 -7.285808264e-06 0)
(3.000000008 -1.059384396e-08 0)
(3 -8.567448728e-10 0)
(3 -1.131846197e-09 0)
(3 -1.295100747e-09 0)
(3 -1.20989734e-09 0)
(3 -8.875608142e-10 0)
(3 -4.210210379e-10 0)
(3 -7.05533086e-11 0)
(3.079550309 -0.2026548706 0)
(3.083220256 -0.1945928851 0)
(3.086298152 -0.1873551222 0)
(3.088645307 -0.1809039179 0)
(3.090320861 -0.1748137538 0)
(3.091384939 -0.1687755922 0)
(3.091793752 -0.162864965 0)
(3.091628907 -0.156961393 0)
(3.090731647 -0.1511272052 0)
(3.088957744 -0.1455348392 0)
(3.086312172 -0.1401605061 0)
(3.082849197 -0.1349388671 0)
(3.078928823 -0.1303107556 0)
(3.075880478 -0.1277983965 0)
(3.074813086 -0.1275408923 0)
(3.072838404 -0.127665224 0)
(3.071225982 -0.1277668214 0)
(3.068390902 -0.1262060993 0)
(3.062273585 -0.1174832283 0)
(3.050555779 -0.09858636061 0)
(3.033646049 -0.06631010725 0)
(3.01476971 -0.02842555414 0)
(3.002970427 -0.005294541091 0)
(3.000169514 -0.0002628346365 0)
(3.00000162 -2.105145155e-06 0)
(3.000000001 -3.660023152e-09 0)
(3 -2.09431774e-09 0)
(3 -2.38521056e-09 0)
(3 -2.376657896e-09 0)
(3 -2.048280858e-09 0)
(3 -1.348735945e-09 0)
(3 -4.162604194e-10 0)
(3.081980777 -0.1917229197 0)
(3.085365089 -0.1836868791 0)
(3.088445423 -0.1762904186 0)
(3.090851415 -0.169556303 0)
(3.092500624 -0.1633061495 0)
(3.093382855 -0.1575401052 0)
(3.093547122 -0.1522016394 0)
(3.093092708 -0.1469747641 0)
(3.09191743 -0.1418062236 0)
(3.089954482 -0.136831016 0)
(3.087237502 -0.1320546263 0)
(3.083772345 -0.1272937521 0)
(3.079666455 -0.1225800393 0)
(3.075868315 -0.1190280714 0)
(3.074044184 -0.117977306 0)
(3.072928108 -0.1179068123 0)
(3.071528113 -0.1177434759 0)
(3.069495776 -0.1168790141 0)
(3.065401868 -0.1126980424 0)
(3.058786119 -0.1019800291 0)
(3.04618159 -0.08279294218 0)
(3.028193572 -0.05181232972 0)
(3.010568131 -0.01912570882 0)
(3.00164924 -0.002753194203 0)
(3.000065113 -9.377362919e-05 0)
(3.000000383 -4.626048485e-07 0)
(3 -3.466403052e-09 0)
(3 -3.274707707e-09 0)
(3 -3.306026341e-09 0)
(3.000000001 -3.096229475e-09 0)
(3.000000001 -2.498240761e-09 0)
(3.000000001 -1.187288381e-09 0)
(3.084474776 -0.180336165 0)
(3.08765389 -0.1723738526 0)
(3.090706638 -0.1652082558 0)
(3.0927277 -0.1588216002 0)
(3.094229643 -0.1526880868 0)
(3.095087384 -0.1469275803 0)
(3.095254196 -0.1415346679 0)
(3.094848543 -0.136102625 0)
(3.093732487 -0.1306723911 0)
(3.091874863 -0.1255145013 0)
(3.089354495 -0.1206955131 0)
(3.086104655 -0.1160930634 0)
(3.081963936 -0.1115848521 0)
(3.077400815 -0.1077483479 0)
(3.07467797 -0.1062436531 0)
(3.073590607 -0.1062308174 0)
(3.071423915 -0.106326745 0)
(3.069311024 -0.1063438786 0)
(3.066860547 -0.10603781 0)
(3.062361644 -0.1024583042 0)
(3.053940975 -0.09123678994 0)
(3.039820251 -0.06989994967 0)
(3.021939003 -0.0390013342 0)
(3.006812088 -0.01173301571 0)
(3.000780625 -0.001220772327 0)
(3.000019785 -2.642422927e-05 0)
(3.000000066 -7.784792812e-08 0)
(3 -4.61256814e-09 0)
(3 -4.586113443e-09 0)
(3.000000001 -4.438277715e-09 0)
(3.000000001 -3.869088645e-09 0)
(3.000000001 -2.36833335e-09 0)
(3.086330594 -0.1694999707 0)
(3.09004749 -0.1615484252 0)
(3.093031666 -0.154333864 0)
(3.094621292 -0.1478752564 0)
(3.09620158 -0.1414737055 0)
(3.096971818 -0.135760824 0)
(3.096975501 -0.1305964172 0)
(3.096458 -0.1253876815 0)
(3.095198194 -0.1202887955 0)
(3.093193723 -0.1155707327 0)
(3.090570766 -0.1112190063 0)
(3.087287104 -0.1070449079 0)
(3.083133063 -0.1028094468 0)
(3.078227666 -0.09877771822 0)
(3.074433515 -0.0965273965 0)
(3.073302978 -0.09633431202 0)
(3.071213661 -0.09648029211 0)
(3.06925756 -0.09660335113 0)
(3.067310958 -0.09660461133 0)
(3.06375982 -0.09545956424 0)
(3.058161411 -0.08983077711 0)
(3.048575139 -0.07728620777 0)
(3.033371125 -0.05525187545 0)
(3.015946207 -0.02681214818 0)
(3.00386641 -0.006268990789 0)
(3.000303264 -0.0004417137167 0)
(3.000004565 -5.640049983e-06 0)
(3.000000008 -1.27731859e-08 0)
(3.000000001 -4.408235856e-09 0)
(3.000000001 -4.304747028e-09 0)
(3.000000001 -3.989438206e-09 0)
(3.000000001 -3.002543498e-09 0)
(3.088382101 -0.1583335546 0)
(3.093105993 -0.1504878207 0)
(3.095005505 -0.1437152058 0)
(3.096298644 -0.1372535899 0)
(3.098144718 -0.1306560153 0)
(3.09869933 -0.1250658375 0)
(3.098544315 -0.119936542 0)
(3.098006096 -0.1145896513 0)
(3.096744269 -0.1093702192 0)
(3.094770523 -0.1045969898 0)
(3.092205125 -0.1002578202 0)
(3.08898625 -0.09621755024 0)
(3.084889792 -0.09223919533 0)
(3.079812966 -0.08830136177 0)
(3.075119443 -0.0855677147 0)
(3.073529507 -0.08513924813 0)
(3.071605594 -0.08546188758 0)
(3.0691121 -0.08601324458 0)
(3.066788583 -0.08622886861 0)
(3.064358145 -0.08633870885 0)
(3.060168186 -0.08512832646 0)
(3.053519684 -0.07855009612 0)
(3.042054306 -0.06453627088 0)
(3.026140469 -0.04172752114 0)
(3.010429234 -0.01676027249 0)
(3.001865964 -0.002850188921 0)
(3.000093013 -0.0001260101316 0)
(3.000000766 -8.815987818e-07 0)
(3.000000001 -6.002815528e-09 0)
(3.000000001 -4.961504246e-09 0)
(3.000000001 -4.753588112e-09 0)
(3.000000002 -4.034781152e-09 0)
(3.091756353 -0.1471981397 0)
(3.095865977 -0.1395359158 0)
(3.096287765 -0.1335510138 0)
(3.098268816 -0.1264411894 0)
(3.10033285 -0.1196226472 0)
(3.10048195 -0.1141457937 0)
(3.100209871 -0.1089046762 0)
(3.099624989 -0.1034773599 0)
(3.09820349 -0.09849721033 0)
(3.096097159 -0.09407188536 0)
(3.093452661 -0.09003411585 0)
(3.090205611 -0.08625591585 0)
(3.086152072 -0.08256549107 0)
(3.081083098 -0.07877741428 0)
(3.07580011 -0.07552947056 0)
(3.073247376 -0.07457770748 0)
(3.07154018 -0.07474986838 0)
(3.06889375 -0.07556712948 0)
(3.066348556 -0.07619288125 0)
(3.064050581 -0.07657853261 0)
(3.061061523 -0.07667732655 0)
(3.055776478 -0.074527194 0)
(3.047910808 -0.06634043692 0)
(3.034970088 -0.05100035666 0)
(3.019014024 -0.02888610361 0)
(3.00598391 -0.009106278348 0)
(3.00073359 -0.001050578797 0)
(3.000021441 -2.711023207e-05 0)
(3.000000091 -1.023542904e-07 0)
(3.000000001 -4.91377177e-09 0)
(3.000000002 -4.554037022e-09 0)
(3.000000002 -3.861627709e-09 0)
(3.095550532 -0.1361620562 0)
(3.09763853 -0.1286897531 0)
(3.097351068 -0.123032469 0)
(3.100780437 -0.1156120123 0)
(3.102433551 -0.1089329581 0)
(3.101960395 -0.1036842212 0)
(3.101748865 -0.09805636195 0)
(3.101186026 -0.09233172479 0)
(3.099667713 -0.08736717374 0)
(3.097508722 -0.08304495946 0)
(3.094845451 -0.07909527807 0)
(3.091586376 -0.0754713676 0)
(3.087573633 -0.0720622732 0)
(3.082561447 -0.06857061659 0)
(3.076859655 -0.06515084228 0)
(3.073155428 -0.06359152845 0)
(3.071558713 -0.06362980976 0)
(3.068806774 -0.06447398228 0)
(3.06609397 -0.06569792449 0)
(3.063393145 -0.06640125601 0)
(3.060744336 -0.06687936123 0)
(3.05695299 -0.06686015067 0)
(3.050747445 -0.06373201274 0)
(3.041338683 -0.05414345182 0)
(3.027245467 -0.03783849136 0)
(3.01237109 -0.01788814253 0)
(3.002872841 -0.004128921908 0)
(3.000222595 -0.0003008632028 0)
(3.000003556 -4.600388453e-06 0)
(3.000000012 -2.365781456e-08 0)
(3.000000002 -4.701877568e-09 0)
(3.000000002 -3.935989142e-09 0)
(3.098447732 -0.1243409969 0)
(3.098014565 -0.1186088772 0)
(3.09946379 -0.1115360258 0)
(3.103363053 -0.1047431467 0)
(3.104435904 -0.09807028622 0)
(3.103313582 -0.09300366741 0)
(3.103385721 -0.08688722927 0)
(3.102738126 -0.08109931592 0)
(3.100996762 -0.07643894771 0)
(3.098720363 -0.07236901639 0)
(3.09601375 -0.0685281902 0)
(3.092752019 -0.06496474373 0)
(3.088815777 -0.06165107159 0)
(3.083958194 -0.05828298148 0)
(3.078120522 -0.05474867986 0)
(3.073225884 -0.05251583711 0)
(3.071599818 -0.0523676118 0)
(3.068696777 -0.05299377544 0)
(3.065800072 -0.05431599578 0)
(3.06293213 -0.05571630249 0)
(3.060045374 -0.05655440358 0)
(3.057040045 -0.05724493936 0)
(3.052061908 -0.05693385565 0)
(3.044774637 -0.05241691048 0)
(3.03386662 -0.04159308084 0)
(3.019407785 -0.02537573848 0)
(3.006891422 -0.009365905372 0)
(3.001074275 -0.001461772631 0)
(3.000047888 -6.802099881e-05 0)
(3.000000722 -9.418532619e-07 0)
(3.000000004 -2.541385418e-09 0)
(3.000000002 -2.312015788e-09 0)
(3.100289587 -0.1125639372 0)
(3.098831273 -0.1073949792 0)
(3.102391444 -0.09975145612 0)
(3.105629722 -0.09375457098 0)
(3.105974231 -0.08754959893 0)
(3.10462372 -0.08270631629 0)
(3.105058491 -0.07577221441 0)
(3.104375143 -0.06953655978 0)
(3.102483803 -0.06488689044 0)
(3.100123642 -0.06092268748 0)
(3.097332079 -0.05728856389 0)
(3.09395587 -0.05407871809 0)
(3.089939291 -0.05123147999 0)
(3.085094876 -0.04836740135 0)
(3.079202533 -0.04508853396 0)
(3.073423855 -0.04226414367 0)
(3.071133546 -0.04170690235 0)
(3.068475606 -0.04210357322 0)
(3.065281703 -0.04318698383 0)
(3.062430965 -0.04466863618 0)
(3.059299122 -0.04601644136 0)
(3.056158414 -0.04689663098 0)
(3.052583465 -0.04758969409 0)
(3.046427751 -0.04667254789 0)
(3.03797405 -0.04065543816 0)
(3.025775253 -0.02898959599 0)
(3.012062175 -0.01444732437 0)
(3.003015841 -0.003743916026 0)
(3.00028155 -0.0003423781007 0)
(3.000006175 -4.269857957e-06 0)
(3.000000019 1.115817424e-06 0)
(2.999999923 6.362229621e-07 0)
(3.101124341 -0.1020982376 0)
(3.100929338 -0.09492567161 0)
(3.104407338 -0.0882201628 0)
(3.107743379 -0.08216581294 0)
(3.107652021 -0.07605145515 0)
(3.106382687 -0.07144727524 0)
(3.106837625 -0.06462539217 0)
(3.105671002 -0.05892161925 0)
(3.103497852 -0.05466429649 0)
(3.101054377 -0.0507589734 0)
(3.098283959 -0.04694153822 0)
(3.094994745 -0.0434282716 0)
(3.091141954 -0.0402631234 0)
(3.086549524 -0.03718395961 0)
(3.080865697 -0.03378778677 0)
(3.074571868 -0.03053953168 0)
(3.071020828 -0.02943375368 0)
(3.068822997 -0.02967416925 0)
(3.06525351 -0.0306902051 0)
(3.062145119 -0.03215043866 0)
(3.058924887 -0.03404167429 0)
(3.055422214 -0.03555349567 0)
(3.051917467 -0.03682685965 0)
(3.047174974 -0.03759284911 0)
(3.039934879 -0.0358545196 0)
(3.030338586 -0.02855330901 0)
(3.017566064 -0.01705566034 0)
(3.006136562 -0.005957560321 0)
(3.000979319 -0.0007098832097 0)
(3.000034555 5.145866226e-05 0)
(2.999999974 6.583671389e-05 0)
(2.999994764 4.104457777e-05 0)
(3.102001894 -0.09100256975 0)
(3.103815139 -0.08202494108 0)
(3.106340885 -0.07663099967 0)
(3.109320431 -0.07065687484 0)
(3.108805247 -0.06554052766 0)
(3.107859444 -0.06079450636 0)
(3.108690172 -0.05348392928 0)
(3.107478288 -0.04709932039 0)
(3.105129954 -0.04248180917 0)
(3.102683966 -0.03840075684 0)
(3.099777016 -0.03486396112 0)
(3.096226736 -0.03202686494 0)
(3.092087669 -0.02975645297 0)
(3.08727936 -0.02763570004 0)
(3.08148596 -0.02511269071 0)
(3.074886491 -0.0220054707 0)
(3.07007581 -0.02007765093 0)
(3.068105597 -0.02011259634 0)
(3.064495061 -0.02068159921 0)
(3.061199773 -0.02160972545 0)
(3.05803171 -0.02298467852 0)
(3.054463369 -0.02441840196 0)
(3.050817735 -0.02563065543 0)
(3.04691808 -0.02673722844 0)
(3.040830609 -0.02711646367 0)
(3.03255484 -0.02432008765 0)
(3.022028644 -0.01630353888 0)
(3.010208764 -0.00665628598 0)
(3.002136693 -0.0006129952303 0)
(3.000124128 0.0008719669041 0)
(2.999995718 0.0008867400029 0)
(2.999923032 0.0006198758012 0)
(3.103788926 -0.07918318433 0)
(3.106169976 -0.06961266458 0)
(3.108439381 -0.06495756376 0)
(3.111033415 -0.05795880995 0)
(3.110279662 -0.05329816678 0)
(3.110305209 -0.04797042362 0)
(3.110414505 -0.04200322827 0)
(3.108383288 -0.03743324203 0)
(3.105581967 -0.03372462078 0)
(3.103037514 -0.02978318822 0)
(3.100208614 -0.02585203987 0)
(3.096871144 -0.02224702328 0)
(3.093077317 -0.01897712771 0)
(3.088706323 -0.01590842069 0)
(3.083403928 -0.01272017819 0)
(3.077015085 -0.009147374141 0)
(3.070961094 -0.00648628798 0)
(3.068536609 -0.006129368133 0)
(3.065252479 -0.006518224489 0)
(3.061561959 -0.007520656776 0)
(3.058024388 -0.009062924448 0)
(3.054234222 -0.01080341084 0)
(3.050296694 -0.01261716749 0)
(3.04627247 -0.01435466931 0)
(3.040971111 -0.01552930859 0)
(3.033412659 -0.01535460907 0)
(3.024241537 -0.0118819937 0)
(3.013200679 -0.004845315731 0)
(3.003937962 0.001990625953 0)
(3.000339168 0.004324983861 0)
(2.999966046 0.004306840356 0)
(2.999608193 0.003368700941 0)
(3.106438834 -0.06642192342 0)
(3.108371124 -0.05708008385 0)
(3.110827412 -0.05307833448 0)
(3.112050891 -0.04634809171 0)
(3.110992766 -0.04269934485 0)
(3.111181851 -0.03786425786 0)
(3.112062016 -0.03167300325 0)
(3.110250463 -0.02523612351 0)
(3.107702166 -0.02062304973 0)
(3.105056023 -0.01620905862 0)
(3.102136344 -0.01239049341 0)
(3.098482162 -0.009595988486 0)
(3.094232719 -0.007570107611 0)
(3.089390929 -0.005970071465 0)
(3.083734397 -0.004280295608 0)
(3.077080557 -0.001969802179 0)
(3.070315313 0.0005825225131 0)
(3.066504954 0.001422821817 0)
(3.063913917 0.001132520755 0)
(3.060122247 0.0004814077795 0)
(3.056378798 -0.0004261158294 0)
(3.052677377 -0.001177592555 0)
(3.048989818 -0.001926387328 0)
(3.045223405 -0.002720729482 0)
(3.040582623 -0.003292844012 0)
(3.033698068 -0.003133135981 0)
(3.025240882 -0.001190142613 0)
(3.015304518 0.003752902115 0)
(3.005854996 0.00916711838 0)
(3.00065959 0.01126874408 0)
(2.999858399 0.01115356261 0)
(2.998953956 0.009499751257 0)
(3.109096906 -0.05402309689 0)
(3.110422507 -0.04564551507 0)
(3.113430878 -0.04083311306 0)
(3.112936079 -0.03423417874 0)
(3.112393395 -0.02839763711 0)
(3.114346145 -0.02435271492 0)
(3.11360751 -0.01890546504 0)
(3.110869275 -0.0151357987 0)
(3.108095784 -0.0123133703 0)
(3.105017441 -0.009042496171 0)
(3.101883615 -0.005526410144 0)
(3.098357852 -0.002129453439 0)
(3.094499643 0.001190857726 0)
(3.090266304 0.004437632539 0)
(3.085394161 0.00771276558 0)
(3.079507337 0.01125695617 0)
(3.072694966 0.01483897232 0)
(3.067484887 0.01670738511 0)
(3.065259031 0.01668603718 0)
(3.061416744 0.01626299936 0)
(3.057475553 0.01549534544 0)
(3.053339085 0.01449964488 0)
(3.049516125 0.01323217353 0)
(3.045510884 0.01198806931 0)
(3.040446052 0.01110316382 0)
(3.034055442 0.01119240207 0)
(3.026304434 0.01288749272 0)
(3.017027224 0.01603415634 0)
(3.007228842 0.01952136371 0)
(3.000973088 0.02087050811 0)
(2.999706656 0.02062676582 0)
(2.998134466 0.01851051591 0)
(3.111803276 -0.04103560915 0)
(3.113279757 -0.03364359041 0)
(3.115302061 -0.0282515555 0)
(3.113403174 -0.022179149 0)
(3.113771154 -0.0188040293 0)
(3.114940512 -0.01591502263 0)
(3.113882154 -0.01004344594 0)
(3.112036415 -0.003748329489 0)
(3.110095793 0.001184947766 0)
(3.107561968 0.00527885246 0)
(3.10432442 0.008972190972 0)
(3.100627845 0.01209587848 0)
(3.096371289 0.01455252588 0)
(3.091588155 0.01645214418 0)
(3.086192677 0.01805815361 0)
(3.079862491 0.0197546124 0)
(3.072485619 0.02171218376 0)
(3.065854112 0.023026348 0)
(3.063317558 0.02292219466 0)
(3.059531572 0.02239261934 0)
(3.055469526 0.02161995888 0)
(3.051601359 0.02071592229 0)
(3.047594812 0.02011514698 0)
(3.043667815 0.02013984242 0)
(3.039054303 0.02068247918 0)
(3.033415699 0.02179600859 0)
(3.026498722 0.02383182754 0)
(3.017830592 0.02672682187 0)
(3.00805557 0.02960209556 0)
(3.000971965 0.03066375968 0)
(2.999167198 0.03031592965 0)
(2.996993729 0.02802501677 0)
(3.114452903 -0.02950459568 0)
(3.116008756 -0.02198557832 0)
(3.115890733 -0.01578118324 0)
(3.115120218 -0.009554960805 0)
(3.116111244 -0.005870854527 0)
(3.117379866 -0.001727991195 0)
(3.115862033 0.00444522506 0)
(3.113080314 0.008551068289 0)
(3.110576573 0.01113920303 0)
(3.107686959 0.0135161249 0)
(3.104135237 0.01585262272 0)
(3.100143837 0.01825366275 0)
(3.095877607 0.02076667219 0)
(3.091305935 0.02345735304 0)
(3.086400138 0.02647724454 0)
(3.080909353 0.02998853973 0)
(3.074469772 0.03400188698 0)
(3.067742237 0.03744830323 0)
(3.064494714 0.03832517183 0)
(3.061282058 0.03808500273 0)
(3.057299913 0.03765788816 0)
(3.053584283 0.03703706038 0)
(3.049599983 0.03665120497 0)
(3.045127131 0.0366836476 0)
(3.04029365 0.03704605307 0)
(3.034736001 0.0375979669 0)
(3.027963706 0.03866298294 0)
(3.019414418 0.04051722677 0)
(3.009500784 0.04250393218 0)
(3.001508945 0.04311937836 0)
(2.999083741 0.04263904526 0)
(2.996303553 0.03998228924 0)
(3.117972694 -0.01765344125 0)
(3.117360272 -0.008626651058 0)
(3.117544113 -0.002312685588 0)
(3.117036909 0.00211906632 0)
(3.117349097 0.00389422554 0)
(3.117663061 0.007008078739 0)
(3.115492083 0.01253819597 0)
(3.113299599 0.01764504816 0)
(3.11158232 0.02227874919 0)
(3.109192744 0.02630071467 0)
(3.106199433 0.02962781478 0)
(3.102683404 0.03245787969 0)
(3.098372032 0.03521694422 0)
(3.093716656 0.03782860209 0)
(3.088449708 0.04014599869 0)
(3.082410204 0.04230905517 0)
(3.075332711 0.04440939341 0)
(3.06762852 0.04594455561 0)
(3.062736565 0.04603308147 0)
(3.059925015 0.04556343551 0)
(3.055946657 0.04479421154 0)
(3.052306693 0.04356938339 0)
(3.047934408 0.04261736697 0)
(3.043293311 0.04247294179 0)
(3.038555037 0.04315792973 0)
(3.033289385 0.04436756863 0)
(3.026904615 0.04610863337 0)
(3.018753095 0.04821717811 0)
(3.008931372 0.05000834375 0)
(3.00024906 0.05021607445 0)
(2.997220127 0.04934868789 0)
(2.993830531 0.0463795687 0)
(3.120501889 -0.005624058936 0)
(3.118440306 0.003756944006 0)
(3.118891068 0.008789015139 0)
(3.118622531 0.01285468889 0)
(3.118979632 0.0154489964 0)
(3.119186119 0.01993855553 0)
(3.117553773 0.02692889903 0)
(3.115281779 0.03221715802 0)
(3.112859494 0.03537353374 0)
(3.109827026 0.0375997031 0)
(3.106469615 0.03949883481 0)
(3.10281873 0.0411440075 0)
(3.098192171 0.04267040335 0)
(3.093241387 0.04431376598 0)
(3.087852826 0.04606062666 0)
(3.081853946 0.04823772707 0)
(3.075189116 0.05140328998 0)
(3.068118559 0.05559481936 0)
(3.062797842 0.05844777117 0)
(3.060481808 0.05853045099 0)
(3.056800925 0.05805287619 0)
(3.053395951 0.05740263401 0)
(3.049692084 0.05731774453 0)
(3.045341047 0.05799376824 0)
(3.040762377 0.0592239839 0)
(3.035601081 0.06070399832 0)
(3.029244181 0.06235863362 0)
(3.021103827 0.06413276709 0)
(3.010991023 0.06548322923 0)
(3.001292512 0.0652645445 0)
(2.997826427 0.06431740379 0)
(2.993507448 0.06058821722 0)
(3.12220773 0.006606871534 0)
(3.120174459 0.01682336422 0)
(3.121045246 0.02185884358 0)
(3.120621067 0.0250610181 0)
(3.120488675 0.02725810777 0)
(3.12010632 0.03156313562 0)
(3.117628703 0.03717872918 0)
(3.115222255 0.04132515531 0)
(3.113188354 0.04478538105 0)
(3.110366246 0.04799369608 0)
(3.107085015 0.05073627113 0)
(3.103651623 0.0530315508 0)
(3.099735925 0.05512681855 0)
(3.095191373 0.05755680569 0)
(3.090357868 0.06030313422 0)
(3.084751309 0.06302808103 0)
(3.077936715 0.0657466012 0)
(3.069998652 0.06850708287 0)
(3.06298111 0.07013738202 0)
(3.059763826 0.07006293282 0)
(3.056547337 0.06924675902 0)
(3.053009201 0.06816109947 0)
(3.049204258 0.06751858083 0)
(3.044571735 0.06765018167 0)
(3.039880866 0.06829909038 0)
(3.034621558 0.06902721991 0)
(3.028080771 0.06964687749 0)
(3.019674493 0.07009582322 0)
(3.009082094 0.06988258892 0)
(2.998629893 0.06809486088 0)
(2.994838314 0.066373993 0)
(2.989612339 0.06180871969 0)
(3.124138848 0.02001492509 0)
(3.122005683 0.02911660177 0)
(3.122371491 0.03251953514 0)
(3.121724274 0.03477928523 0)
(3.121336925 0.03695669243 0)
(3.120329537 0.04189512253 0)
(3.118179831 0.04877007554 0)
(3.116801169 0.05419620393 0)
(3.114913088 0.05818446819 0)
(3.111692295 0.06119517538 0)
(3.108092279 0.06342063212 0)
(3.104393049 0.06527485521 0)
(3.100461846 0.06679321685 0)
(3.095710561 0.06805255775 0)
(3.090286936 0.06923408861 0)
(3.084375612 0.07023762785 0)
(3.077399883 0.0714565462 0)
(3.069500489 0.07368815366 0)
(3.062718501 0.07722605174 0)
(3.058625691 0.07950841222 0)
(3.055631117 0.07977869849 0)
(3.052707998 0.07958393631 0)
(3.049052784 0.07977132889 0)
(3.044858364 0.08081569362 0)
(3.040655957 0.08264037558 0)
(3.035811155 0.08443052969 0)
(3.029639599 0.08558805879 0)
(3.021568249 0.08605711361 0)
(3.010935815 0.08534453904 0)
(2.999883642 0.08254705506 0)
(2.99638263 0.08057159941 0)
(2.98950457 0.07439069902 0)
(3.12548174 0.031818149 0)
(3.123819068 0.04133375424 0)
(3.124336932 0.04505386954 0)
(3.123694862 0.04741756216 0)
(3.123247143 0.05041345344 0)
(3.121792148 0.05626033256 0)
(3.119573479 0.06277087573 0)
(3.117978079 0.06741933631 0)
(3.115604151 0.07086411247 0)
(3.11216538 0.07331030628 0)
(3.108514925 0.07505721996 0)
(3.104630075 0.07625888586 0)
(3.100545354 0.07711399095 0)
(3.095737533 0.0780122633 0)
(3.090709157 0.07962968402 0)
(3.085562352 0.08205630389 0)
(3.079713777 0.08498226087 0)
(3.072876672 0.08816140314 0)
(3.065933719 0.09133193676 0)
(3.060259706 0.09299518223 0)
(3.056204003 0.09336169232 0)
(3.052972764 0.09356613116 0)
(3.049493757 0.09410064556 0)
(3.045386036 0.0948068319 0)
(3.040593895 0.09513013194 0)
(3.03475985 0.09448381068 0)
(3.027765044 0.09282097285 0)
(3.019015274 0.09075350742 0)
(3.007738819 0.08776818082 0)
(2.996923826 0.08301195119 0)
(2.993595431 0.08095160729 0)
(2.985569187 0.07368135249 0)
(3.127449961 0.04589704065 0)
(3.126110777 0.05389374733 0)
(3.12572766 0.05621007901 0)
(3.12470035 0.05740017832 0)
(3.123857452 0.06016807245 0)
(3.121552344 0.06596055084 0)
(3.119304511 0.07171293134 0)
(3.117769815 0.07580341171 0)
(3.115436694 0.07932522376 0)
(3.111913848 0.08239887381 0)
(3.108551697 0.08521606762 0)
(3.105101083 0.08780863812 0)
(3.101252421 0.0900379158 0)
(3.096958854 0.09186029661 0)
(3.092258931 0.09315263777 0)
(3.086402987 0.09400450618 0)
(3.07996692 0.09447299879 0)
(3.073029901 0.0960536399 0)
(3.066096049 0.09900511199 0)
(3.060411864 0.1029179645 0)
(3.056216542 0.1057323442 0)
(3.05283816 0.1078388227 0)
(3.049515742 0.1095481549 0)
(3.045507027 0.1112893064 0)
(3.040626607 0.1124786429 0)
(3.034464154 0.1115493176 0)
(3.027799384 0.1087862509 0)
(3.019365211 0.1053879141 0)
(3.007446998 0.1001193147 0)
(2.997931249 0.09255641347 0)
(2.993804825 0.08977617748 0)
(2.984444126 0.08044125556 0)
(3.128892864 0.05807879971 0)
(3.127946753 0.06624429284 0)
(3.127563544 0.06878078072 0)
(3.126583255 0.07010607045 0)
(3.125310514 0.07374079267 0)
(3.122809938 0.0805519219 0)
(3.121382637 0.08688131127 0)
(3.120451678 0.09169169058 0)
(3.117963784 0.09605873798 0)
(3.113964897 0.09945419538 0)
(3.10993082 0.1014208736 0)
(3.105968567 0.1022990534 0)
(3.101691323 0.102353592 0)
(3.096982805 0.1020944134 0)
(3.091681312 0.1021740175 0)
(3.086043603 0.102893995 0)
(3.080414013 0.1048800017 0)
(3.074312159 0.1074124472 0)
(3.067971674 0.1113180365 0)
(3.061709008 0.1143205874 0)
(3.056720182 0.1174912364 0)
(3.052061392 0.1186129073 0)
(3.04765079 0.119708995 0)
(3.042298883 0.119790363 0)
(3.03734835 0.1168658091 0)
(3.031708469 0.1137872417 0)
(3.023773161 0.1091419219 0)
(3.014385691 0.1051529329 0)
(3.004009412 0.09944564764 0)
(2.996158925 0.09258920617 0)
(2.990830936 0.08967850301 0)
(2.98086294 0.07943676055 0)
(3.13052676 0.07096026424 0)
(3.129835538 0.07751267092 0)
(3.12875995 0.07918275932 0)
(3.127463986 0.08037691782 0)
(3.125548831 0.08457836197 0)
(3.122855825 0.09114454429 0)
(3.121461398 0.09646516607 0)
(3.12054642 0.1005783072 0)
(3.117370752 0.1041868695 0)
(3.11286738 0.1052813283 0)
(3.10878705 0.1067709988 0)
(3.10502936 0.1089195464 0)
(3.101311777 0.111333278 0)
(3.097026621 0.1133570206 0)
(3.09252087 0.1148627767 0)
(3.087700616 0.1159022411 0)
(3.08165428 0.1167692448 0)
(3.075832856 0.1201819558 0)
(3.069727184 0.124221064 0)
(3.064001882 0.1309277567 0)
(3.059360742 0.1359584864 0)
(3.053225748 0.1398214895 0)
(3.046364188 0.1401158011 0)
(3.043508575 0.1385403112 0)
(3.039063173 0.1339135141 0)
(3.033140256 0.1253509947 0)
(3.023236466 0.1190064633 0)
(3.013405173 0.113757879 0)
(3.002132747 0.1041282928 0)
(2.996022346 0.09657503391 0)
(2.988837099 0.09182046946 0)
(2.978598106 0.08176860973 0)
(3.132557435 0.08542867313 0)
(3.132245411 0.09202112058 0)
(3.131045341 0.09352574651 0)
(3.129366031 0.0948025206 0)
(3.126650062 0.09935897442 0)
(3.124033925 0.1057663045 0)
(3.1228507 0.1105096465 0)
(3.121835018 0.1136362786 0)
(3.119031945 0.1171499675 0)
(3.115741196 0.1208173697 0)
(3.111852215 0.1237061745 0)
(3.10738551 0.1253000345 0)
(3.102762125 0.1257758024 0)
(3.09791891 0.1260382814 0)
(3.09324785 0.1265973472 0)
(3.088087974 0.1278772541 0)
(3.08254282 0.1306863295 0)
(3.077039273 0.1336587787 0)
(3.070995419 0.137538163 0)
(3.063596888 0.1386555197 0)
(3.057535433 0.1417362825 0)
(3.048274144 0.1411927527 0)
(3.044996389 0.1401893272 0)
(3.040238034 0.137360321 0)
(3.035693505 0.1330158648 0)
(3.030499033 0.1238151339 0)
(3.018841948 0.1179950212 0)
(3.008800932 0.1125563141 0)
(2.999878478 0.1031969551 0)
(2.995076816 0.09827842592 0)
(2.986174378 0.09218470904 0)
(2.97585318 0.08091136839 0)
(3.133598135 0.09589861406 0)
(3.133235293 0.1006849179 0)
(3.131653801 0.1017825595 0)
(3.129502876 0.1037037159 0)
(3.126255067 0.1090632371 0)
(3.123781045 0.1152614838 0)
(3.122706129 0.1201773895 0)
(3.122259068 0.1245753467 0)
(3.119936635 0.1298771406 0)
(3.11556423 0.1323995634 0)
(3.111308848 0.1330529303 0)
(3.107044782 0.1337213111 0)
(3.102324741 0.13525907 0)
(3.098202233 0.1367415514 0)
(3.09350263 0.1375288791 0)
(3.088169719 0.1382641207 0)
(3.082740798 0.1400976883 0)
(3.078406978 0.1461979785 0)
(3.073358424 0.1526280528 0)
(3.066391288 0.1584330649 0)
(3.05704246 0.1580861525 0)
(3.052433789 0.1545573685 0)
(3.047199335 0.1503990868 0)
(3.040487887 0.1437254734 0)
(3.034878868 0.1353177191 0)
(3.027753803 0.1242121063 0)
(3.015187686 0.118846 0)
(3.005685526 0.1129858809 0)
(2.998895722 0.1026221992 0)
(2.993098143 0.09793824797 0)
(2.982183599 0.09031142264 0)
(2.9737022 0.08103458801 0)
(3.136639838 0.1125481329 0)
(3.136507452 0.1171261792 0)
(3.134576949 0.1179427967 0)
(3.131768911 0.1200499252 0)
(3.127986038 0.1256287701 0)
(3.12539244 0.1320275928 0)
(3.124062625 0.1365165895 0)
(3.123158455 0.1389835969 0)
(3.11987765 0.1400637428 0)
(3.114908634 0.1404479271 0)
(3.111285913 0.1417711482 0)
(3.106983863 0.1440114531 0)
(3.102042015 0.1448392245 0)
(3.098399909 0.1461304878 0)
(3.094318179 0.1488621719 0)
(3.08994496 0.1530484011 0)
(3.085845292 0.1579940629 0)
(3.079855875 0.1595700922 0)
(3.073814048 0.1572591653 0)
(3.062234749 0.1580938273 0)
(3.056570925 0.1564310061 0)
(3.05078295 0.1544187253 0)
(3.044029134 0.149751985 0)
(3.036820425 0.1398822458 0)
(3.032417285 0.124413138 0)
(3.023159947 0.1118668483 0)
(3.011551408 0.1070620444 0)
(3.003562276 0.09989669827 0)
(2.996957078 0.09251237883 0)
(2.98871814 0.08710703597 0)
(2.97993352 0.0855615261 0)
(2.972879954 0.07879690691 0)
(3.13815592 0.121209956 0)
(3.13724506 0.1246833794 0)
(3.135015568 0.1255632076 0)
(3.131726312 0.1284215412 0)
(3.127605277 0.1344177618 0)
(3.124898865 0.1400571568 0)
(3.123208186 0.1435728689 0)
(3.121772636 0.1464408192 0)
(3.119982735 0.151189629 0)
(3.117736178 0.1558597497 0)
(3.112814619 0.1578307201 0)
(3.107990455 0.1584138775 0)
(3.104375502 0.1599328825 0)
(3.100728693 0.1621505077 0)
(3.095759 0.1645373569 0)
(3.091139343 0.1675545748 0)
(3.085913775 0.1693230869 0)
(3.078682865 0.1719121534 0)
(3.074071224 0.1688202038 0)
(3.063832549 0.1638326075 0)
(3.057236446 0.1578918212 0)
(3.049497597 0.1504752787 0)
(3.039243951 0.1350857873 0)
(3.030445215 0.11142272 0)
(3.028360861 0.09085009614 0)
(3.016625387 0.07876942877 0)
(3.009818653 0.07570481283 0)
(3.003938751 0.07250237348 0)
(2.996209954 0.07073812517 0)
(2.987343242 0.07425571904 0)
(2.978238272 0.07731068771 0)
(2.971575104 0.07282103394 0)
(3.141722771 0.1372841252 0)
(3.140389091 0.1399403438 0)
(3.137691272 0.1403782539 0)
(3.133782751 0.1432901367 0)
(3.12931509 0.1494009725 0)
(3.126652457 0.1559312853 0)
(3.12517263 0.1613582693 0)
(3.123619509 0.164888468 0)
(3.121633988 0.1658370015 0)
(3.117098853 0.165521093 0)
(3.111463898 0.1663539321 0)
(3.107555688 0.1674990753 0)
(3.104488923 0.1696009283 0)
(3.100510825 0.1711853421 0)
(3.095146483 0.1726506799 0)
(3.091228581 0.1739716324 0)
(3.083226162 0.1730635721 0)
(3.078010015 0.1718819925 0)
(3.071397629 0.1690482142 0)
(3.062065653 0.1589988063 0)
(3.051998975 0.1407450704 0)
(3.040180511 0.1159671332 0)
(3.028135903 0.08164951998 0)
(3.026845214 0.05734444457 0)
(3.019826471 0.03666765571 0)
(3.014382815 0.03469471344 0)
(3.010441732 0.03343412797 0)
(3.005350572 0.03457457367 0)
(2.997979082 0.04309167373 0)
(2.988530316 0.05549880264 0)
(2.979034695 0.06466345462 0)
(2.97090356 0.06575811532 0)
(3.143340529 0.1465349493 0)
(3.141652274 0.1496537338 0)
(3.138801031 0.1509637618 0)
(3.134419163 0.1550755829 0)
(3.129795583 0.1615692252 0)
(3.126886457 0.1669531478 0)
(3.124644 0.1697284137 0)
(3.12238511 0.1717032311 0)
(3.120941738 0.1732891882 0)
(3.117644892 0.1774994562 0)
(3.111744929 0.1785256973 0)
(3.108976117 0.1796894837 0)
(3.10542139 0.1807045311 0)
(3.100830272 0.1831538314 0)
(3.096968013 0.1882434551 0)
(3.092437687 0.1878204842 0)
(3.085603793 0.1821938243 0)
(3.077883214 0.1743380289 0)
(3.067447217 0.1596016482 0)
(3.053243352 0.127365969 0)
(3.042203879 0.09817901129 0)
(3.028797837 0.06097886237 0)
(3.026199033 0.04953742684 0)
(3.028173223 0.03773796662 0)
(3.021594195 0.03235678744 0)
(3.019602241 0.03162626967 0)
(3.016689155 0.03138551467 0)
(3.012798171 0.03452459892 0)
(3.005285381 0.04185638169 0)
(2.994371606 0.05090302223 0)
(2.983319156 0.05874598765 0)
(2.971829024 0.05996121585 0)
(3.145657766 0.1601957933 0)
(3.143410726 0.1616852159 0)
(3.140099204 0.1621846257 0)
(3.134918063 0.1661293368 0)
(3.130111537 0.1723541575 0)
(3.127161837 0.1785247531 0)
(3.125146283 0.1833722279 0)
(3.123444748 0.1856443232 0)
(3.122403851 0.1874011652 0)
(3.117602827 0.1903873584 0)
(3.112859372 0.191190499 0)
(3.110031103 0.1935067326 0)
(3.107112152 0.1980398834 0)
(3.101914515 0.198232084 0)
(3.096322521 0.195538662 0)
(3.090165752 0.1897487056 0)
(3.082285282 0.1790979985 0)
(3.070668617 0.1572192834 0)
(3.053207992 0.1123380927 0)
(3.041883183 0.07178550798 0)
(3.02877285 0.02952303269 0)
(3.022526472 0.01251128163 0)
(3.020555677 0.00477881473 0)
(3.016675278 0.007593686552 0)
(3.015158876 0.008676510007 0)
(3.01389966 0.009901228348 0)
(3.012332011 0.0114482029 0)
(3.009522299 0.01476578664 0)
(3.003447751 0.02135102065 0)
(2.995003278 0.03233625969 0)
(2.98544372 0.04414953626 0)
(2.973084097 0.05274249489 0)
(3.146682963 0.1721299712 0)
(3.145033953 0.1747595541 0)
(3.142130903 0.1765318931 0)
(3.136702866 0.18175087 0)
(3.131775733 0.1880252945 0)
(3.128246267 0.1927834603 0)
(3.125200929 0.1949364292 0)
(3.123833973 0.1954374988 0)
(3.12266549 0.1991770442 0)
(3.116466855 0.2041895782 0)
(3.113894281 0.2056695444 0)
(3.109666663 0.2065514338 0)
(3.106910548 0.2061169456 0)
(3.100969744 0.2018485413 0)
(3.094150395 0.1975245729 0)
(3.085447737 0.1846744837 0)
(3.071209408 0.1522889503 0)
(3.0526372 0.09088386371 0)
(3.037592071 0.05463800211 0)
(3.036051061 0.04241818742 0)
(3.028307232 0.02523266555 0)
(3.021190589 0.01654658685 0)
(3.019123491 0.01444727878 0)
(3.01593457 0.01107898246 0)
(3.014513918 0.009539496567 0)
(3.013870682 0.009582203694 0)
(3.013056021 0.009881899783 0)
(3.01057433 0.0152835711 0)
(3.005841705 0.02429834376 0)
(2.998919793 0.03370013263 0)
(2.990100279 0.04187735877 0)
(2.975730648 0.04776980559 0)
(3.148194819 0.1840314347 0)
(3.145755918 0.1855255905 0)
(3.142381962 0.1870439954 0)
(3.136784733 0.191618069 0)
(3.131520397 0.1976563011 0)
(3.127645894 0.2024465776 0)
(3.124857235 0.2055095613 0)
(3.124452932 0.2072277785 0)
(3.122129349 0.2131694624 0)
(3.116625835 0.2146260219 0)
(3.113496878 0.2154490775 0)
(3.110494181 0.2153719594 0)
(3.105556249 0.2134247481 0)
(3.09917943 0.209265667 0)
(3.088994415 0.1906970164 0)
(3.072548667 0.1493701366 0)
(3.056998078 0.103775902 0)
(3.051940203 0.0668582531 0)
(3.029221713 0.02201497987 0)
(3.020932008 0.004147599997 0)
(3.018257723 0.005202822122 0)
(3.015456357 0.008284403949 0)
(3.014876792 0.0100680909 0)
(3.014593734 0.01043852795 0)
(3.014704565 0.01020708737 0)
(3.014861496 0.01026082272 0)
(3.014228474 0.01128246707 0)
(3.011655029 0.01456314817 0)
(3.006426371 0.01840596197 0)
(2.999538461 0.0239045732 0)
(2.991987893 0.03223674171 0)
(2.97823983 0.04200562243 0)
(3.150363793 0.1972043637 0)
(3.147437824 0.1986075202 0)
(3.143579775 0.2007821784 0)
(3.138015021 0.2058459887 0)
(3.132714105 0.2119261215 0)
(3.128521225 0.216484951 0)
(3.125789325 0.2179705902 0)
(3.124985156 0.2200312874 0)
(3.122106278 0.2245392331 0)
(3.118066917 0.2299918874 0)
(3.11551075 0.2317224062 0)
(3.11036255 0.2278269132 0)
(3.103001716 0.2201633085 0)
(3.092106766 0.1998358219 0)
(3.071409389 0.1498314031 0)
(3.059576146 0.08411679368 0)
(3.036619326 0.01169416209 0)
(3.0294549 0.002717411221 0)
(3.023465448 0.005486929052 0)
(3.020848929 0.003601224281 0)
(3.017269605 0.003234300921 0)
(3.01464311 0.006388930076 0)
(3.014301539 0.008462809951 0)
(3.014118989 0.008966671896 0)
(3.014544724 0.008616635913 0)
(3.015013003 0.008326189109 0)
(3.014196166 0.008190016603 0)
(3.011988495 0.01116109226 0)
(3.008009968 0.01542609749 0)
(3.002333305 0.02049299872 0)
(2.99534472 0.02745409406 0)
(2.98113606 0.0365620653 0)
(3.152648081 0.2101523939 0)
(3.148731533 0.2112140028 0)
(3.1441098 0.2135271909 0)
(3.138386166 0.2178904682 0)
(3.132741076 0.2236167312 0)
(3.128634892 0.2265287726 0)
(3.126240326 0.228173978 0)
(3.124161343 0.2322013383 0)
(3.121877264 0.2409508112 0)
(3.118901861 0.2423907285 0)
(3.113618983 0.2362432462 0)
(3.106908235 0.2290644036 0)
(3.095597721 0.2079432585 0)
(3.072939374 0.1470211031 0)
(3.052273433 0.08470192167 0)
(3.05279427 0.05510833422 0)
(3.032383363 0.02121054955 0)
(3.024592428 0.008468716432 0)
(3.023488577 0.00822036824 0)
(3.021464183 0.007403718161 0)
(3.018017659 0.006828186697 0)
(3.015239122 0.007575178331 0)
(3.014085589 0.008217443181 0)
(3.014128401 0.008005779155 0)
(3.014682451 0.007293114015 0)
(3.015088862 0.006601909985 0)
(3.014414789 0.006266828463 0)
(3.012444513 0.008173730259 0)
(3.009157373 0.01065580916 0)
(3.004423469 0.0144775916 0)
(2.998270462 0.02116505004 0)
(2.984335983 0.03156422828 0)
(3.154819768 0.2223031907 0)
(3.149870836 0.2225085928 0)
(3.144470967 0.2232748023 0)
(3.138285115 0.2269264618 0)
(3.132428522 0.232426521 0)
(3.128984339 0.2385884281 0)
(3.127405037 0.2444149052 0)
(3.125251697 0.2534027934 0)
(3.121798181 0.2546122812 0)
(3.116555363 0.2482453503 0)
(3.11035097 0.2393422121 0)
(3.098741131 0.2142122582 0)
(3.070597558 0.1389047986 0)
(3.062938678 0.07737937731 0)
(3.03582061 -0.004764989728 0)
(3.02049814 -0.0006409069382 0)
(3.018781807 0.003827542598 0)
(3.019845032 0.004442099108 0)
(3.021000387 0.005612812468 0)
(3.020892578 0.006488341994 0)
(3.018674771 0.00877641161 0)
(3.015303267 0.01060549952 0)
(3.013480585 0.01047331552 0)
(3.013874842 0.009317486033 0)
(3.014704137 0.007934265686 0)
(3.015106481 0.007019817405 0)
(3.014273788 0.007365488848 0)
(3.012466611 0.01020344863 0)
(3.009829131 0.01320728435 0)
(3.006291387 0.01626048402 0)
(3.001039922 0.02056871379 0)
(2.987437277 0.02842997981 0)
(3.156948227 0.2367100071 0)
(3.151477152 0.2367485855 0)
(3.146069848 0.2370820929 0)
(3.140351139 0.241017413 0)
(3.134173726 0.2492410381 0)
(3.130605205 0.2556913429 0)
(3.128071623 0.2599696764 0)
(3.124084658 0.2615318772 0)
(3.118845106 0.2597896445 0)
(3.11195423 0.2498888518 0)
(3.101272146 0.22092616 0)
(3.073770575 0.1385002048 0)
(3.052359427 0.07980669692 0)
(3.054364828 0.03487832583 0)
(3.028666476 0.0107629677 0)
(3.020140185 0.0006089371073 0)
(3.01890414 -0.0006501037231 0)
(3.019562339 0.001524257578 0)
(3.020696909 0.003987797486 0)
(3.020986324 0.006158164309 0)
(3.018776654 0.009163837861 0)
(3.014893067 0.0125468147 0)
(3.01282863 0.01322251874 0)
(3.013706545 0.01173546151 0)
(3.014649117 0.01002124334 0)
(3.014928278 0.008624385925 0)
(3.014026609 0.008808352321 0)
(3.012342686 0.01042761876 0)
(3.009713166 0.01171783662 0)
(3.006320558 0.01299671696 0)
(3.001962296 0.01635900857 0)
(2.989812111 0.02412432417 0)
(3.158225045 0.2483416585 0)
(3.151892615 0.2482143538 0)
(3.147231733 0.2475912382 0)
(3.141025718 0.2540726052 0)
(3.133838671 0.2591127356 0)
(3.129971725 0.2645770946 0)
(3.127306717 0.2691373377 0)
(3.122582202 0.2708229868 0)
(3.115669209 0.2631462985 0)
(3.100191228 0.2259007115 0)
(3.073118007 0.1326291424 0)
(3.055010329 0.0516141733 0)
(3.030591006 -0.01869322035 0)
(3.020919061 -0.008316044734 0)
(3.019367158 -0.001412908568 0)
(3.019867405 -0.0006574603414 0)
(3.020343659 0.0001988181371 0)
(3.020805514 0.001835777009 0)
(3.021573471 0.00413450099 0)
(3.021456384 0.007021257827 0)
(3.018842592 0.0106865366 0)
(3.014892972 0.0128831042 0)
(3.012897682 0.01259728545 0)
(3.01379102 0.01093637948 0)
(3.014409486 0.009521110064 0)
(3.014329683 0.008938269675 0)
(3.013478725 0.009239970795 0)
(3.011960576 0.01038330506 0)
(3.009856836 0.01145918211 0)
(3.007176137 0.01251348141 0)
(3.003464268 0.01534392635 0)
(2.992309655 0.0220071191 0)
(3.159881971 0.2610057431 0)
(3.153261106 0.2583362922 0)
(3.148763173 0.2594332772 0)
(3.140897512 0.2664818702 0)
(3.135398061 0.2771583624 0)
(3.132249599 0.282647586 0)
(3.12741614 0.2814355627 0)
(3.118574313 0.2699166538 0)
(3.102559906 0.2304660536 0)
(3.069444452 0.1324415215 0)
(3.057833035 0.07814261435 0)
(3.040055406 0.02238520776 0)
(3.025744943 0.0004470907242 0)
(3.018103688 -0.008583153799 0)
(3.018767012 -0.006926803195 0)
(3.01964351 -0.003564169965 0)
(3.020784675 -0.0001875294925 0)
(3.021817606 0.003100718569 0)
(3.022631586 0.006145573586 0)
(3.021923526 0.009418471732 0)
(3.018931974 0.01253679604 0)
(3.014985935 0.01423762135 0)
(3.013583712 0.01298181836 0)
(3.014121905 0.01148862275 0)
(3.014408245 0.01008583327 0)
(3.013841225 0.00956696577 0)
(3.012752417 0.009990911907 0)
(3.011425369 0.01087626794 0)
(3.009801137 0.01153180767 0)
(3.00775273 0.01240365043 0)
(3.004596834 0.01410975176 0)
(2.99435338 0.01946682517 0)
(3.161172779 0.2722882819 0)
(3.156479164 0.2730225722 0)
(3.150067803 0.2788924663 0)
(3.142658219 0.2873592057 0)
(3.136908382 0.2894643199 0)
(3.130615175 0.2859048988 0)
(3.123093108 0.2787903252 0)
(3.096609954 0.2222692076 0)
(3.075681811 0.1325974756 0)
(3.044599358 0.01027633159 0)
(3.02584196 -0.02963514459 0)
(3.012518957 -0.01175595469 0)
(3.017834871 -0.006718590396 0)
(3.018495883 -0.007172783974 0)
(3.01955394 -0.007089192944 0)
(3.021045412 -0.003832068529 0)
(3.02227765 0.001094629783 0)
(3.023166033 0.005320566432 0)
(3.023377646 0.007933306007 0)
(3.021900845 0.01092281712 0)
(3.018569185 0.01389656075 0)
(3.014944695 0.01503800302 0)
(3.013955394 0.01332255869 0)
(3.014151579 0.01148452317 0)
(3.014054173 0.01074494098 0)
(3.013354476 0.01094278382 0)
(3.012171714 0.01139594718 0)
(3.010995504 0.01196105151 0)
(3.009672516 0.01217614742 0)
(3.008028834 0.01203600374 0)
(3.005298631 0.01290499991 0)
(2.99606279 0.01749646074 0)
(3.16348393 0.2875399223 0)
(3.158108718 0.2889821846 0)
(3.150339594 0.2932593076 0)
(3.142277646 0.2944901826 0)
(3.13542576 0.2958145054 0)
(3.123841052 0.2780882335 0)
(3.103929833 0.2237361383 0)
(3.065692371 0.1065490977 0)
(3.057270181 0.07196838691 0)
(3.033316641 0.006483842351 0)
(3.021123177 -0.01442351345 0)
(3.017256676 -0.014802254 0)
(3.017116653 -0.01060551037 0)
(3.018521281 -0.008658989172 0)
(3.02043515 -0.006263521928 0)
(3.022192781 -0.001493411039 0)
(3.023279169 0.003398569678 0)
(3.023821445 0.006302473166 0)
(3.023617834 0.008587100251 0)
(3.021603887 0.01171942925 0)
(3.018430732 0.01419863248 0)
(3.015498518 0.01495164463 0)
(3.014378123 0.01390904587 0)
(3.014119891 0.01256882106 0)
(3.013405201 0.01183303481 0)
(3.012304684 0.01209062431 0)
(3.011318863 0.01252979619 0)
(3.010398318 0.01281067093 0)
(3.009423903 0.01257920091 0)
(3.008154084 0.01205753021 0)
(3.005817148 0.01213820676 0)
(2.997534363 0.01569800157 0)
(3.164625951 0.2982194543 0)
(3.158599234 0.3026205105 0)
(3.151081752 0.307017124 0)
(3.141846785 0.3048109943 0)
(3.130303089 0.2889055051 0)
(3.092954982 0.1984300983 0)
(3.079117256 0.1121139533 0)
(3.040257705 -0.02781434821 0)
(3.016354617 -0.03151942711 0)
(3.011511159 -0.01895840117 0)
(3.013720567 -0.01520394671 0)
(3.015659883 -0.01479233405 0)
(3.01756216 -0.01244917503 0)
(3.01979259 -0.008107366478 0)
(3.02207148 -0.003230717814 0)
(3.023332822 0.001933515251 0)
(3.023751698 0.005103581768 0)
(3.024045534 0.006949203611 0)
(3.023465635 0.009586538013 0)
(3.02140056 0.01263243543 0)
(3.018600878 0.01444460259 0)
(3.016135307 0.01469518644 0)
(3.014824741 0.01371353704 0)
(3.013965076 0.01300845337 0)
(3.012285038 0.01287358295 0)
(3.011529193 0.01338935052 0)
(3.010586834 0.01369547252 0)
(3.009929927 0.0137703062 0)
(3.009163683 0.01331667942 0)
(3.008088358 0.01250384861 0)
(3.006128844 0.01216180588 0)
(2.998801368 0.01483936458 0)
(3.168261489 0.3192982659 0)
(3.160689814 0.3184893515 0)
(3.150534887 0.3150468894 0)
(3.132919198 0.2873009573 0)
(3.104071627 0.2071377515 0)
(3.063913451 0.07353290213 0)
(3.053385437 0.05006928371 0)
(3.022713594 -0.006955373607 0)
(3.018455035 -0.02851022792 0)
(3.011473628 -0.02430734882 0)
(3.012536528 -0.01697451423 0)
(3.014182509 -0.0145760509 0)
(3.017104993 -0.01120349216 0)
(3.02048215 -0.006309849913 0)
(3.023099251 -0.000678309301 0)
(3.024281687 0.004965024303 0)
(3.024695705 0.007631462925 0)
(3.024775465 0.009045991875 0)
(3.02360555 0.01121920642 0)
(3.021336526 0.01340093347 0)
(3.018883333 0.01446829983 0)
(3.016797526 0.01446453008 0)
(3.015360627 0.01391895564 0)
(3.013573445 0.01382724695 0)
(3.011331538 0.01431437613 0)
(3.010666809 0.0145978235 0)
(3.009858829 0.01485938285 0)
(3.009433891 0.01483665024 0)
(3.008906293 0.01420524334 0)
(3.007967742 0.01307074364 0)
(3.006216408 0.01196287934 0)
(2.999646731 0.013709922 0)
(3.169123457 0.326848731 0)
(3.158948916 0.3222784587 0)
(3.140945941 0.2962555102 0)
(3.093664482 0.1667053157 0)
(3.078749255 0.07935479956 0)
(3.042521523 -0.06062678162 0)
(3.006893487 -0.03040302679 0)
(3.001601982 -0.02595700057 0)
(3.011010388 -0.0243397805 0)
(3.013830301 -0.0222237906 0)
(3.014592296 -0.01632570315 0)
(3.015436192 -0.01217963564 0)
(3.018313275 -0.006838534401 0)
(3.021489095 -0.002905000569 0)
(3.023781959 0.001503904099 0)
(3.024741068 0.005690597447 0)
(3.025076844 0.007862882101 0)
(3.024663343 0.00970795527 0)
(3.023025096 0.01216742797 0)
(3.020946442 0.01406410501 0)
(3.019067744 0.01462760567 0)
(3.017526831 0.0141142123 0)
(3.015751931 0.01359219204 0)
(3.013128766 0.01415916749 0)
(3.010596162 0.01531056524 0)
(3.009638213 0.01584747371 0)
(3.009134665 0.01591262652 0)
(3.008820118 0.01570939548 0)
(3.008492582 0.01484340104 0)
(3.007679133 0.01347788482 0)
(3.006155337 0.0120106801 0)
(3.000341623 0.0131398472 0)
(3.166699841 0.331859727 0)
(3.146644463 0.2929693285 0)
(3.104330834 0.180687787 0)
(3.070126065 0.0663432525 0)
(3.051099634 0.01518575657 0)
(3.025379117 -0.03308121555 0)
(3.014914356 -0.03628543837 0)
(3.008514898 -0.03081280668 0)
(3.010887607 -0.02234216143 0)
(3.012728275 -0.01818518571 0)
(3.014985372 -0.0132726006 0)
(3.017141251 -0.008461094493 0)
(3.019895007 -0.0041059853 0)
(3.022482788 -0.0007135631248 0)
(3.024761828 0.004168710236 0)
(3.025677589 0.00742238486 0)
(3.025856515 0.009201883972 0)
(3.024990788 0.01128264068 0)
(3.02303373 0.01362494501 0)
(3.020917491 0.01477535861 0)
(3.019374171 0.01455493184 0)
(3.018106186 0.01374057601 0)
(3.01604078 0.01354538042 0)
(3.012992898 0.01447904723 0)
(3.009999249 0.01585540909 0)
(3.008645319 0.01665420646 0)
(3.008380536 0.01668480341 0)
(3.008172075 0.01636459126 0)
(3.008000506 0.01540155475 0)
(3.007300076 0.01405790571 0)
(3.005977733 0.01236846665 0)
(3.000836954 0.0129493088 0)
(3.149348279 0.2915806661 0)
(3.111351894 0.1619121569 0)
(3.070868992 0.02547770034 0)
(3.032769504 -0.07773647206 0)
(3.005690808 -0.03959029795 0)
(3.00431653 -0.03471548302 0)
(3.011731681 -0.03236319498 0)
(3.012000578 -0.02684894011 0)
(3.013640955 -0.02040628663 0)
(3.015754832 -0.01187438841 0)
(3.01588001 -0.007323154033 0)
(3.018030142 -0.002930068602 0)
(3.020929852 -0.0002395168374 0)
(3.023881791 0.002918787519 0)
(3.025523841 0.006619567266 0)
(3.026059415 0.00886904657 0)
(3.026026262 0.01064871913 0)
(3.02476873 0.01280786981 0)
(3.022598293 0.0146564539 0)
(3.020831381 0.01516419327 0)
(3.01975773 0.01448389512 0)
(3.018534267 0.0134461761 0)
(3.016287869 0.01334335044 0)
(3.013053251 0.01472774615 0)
(3.00989479 0.016857035 0)
(3.008081525 0.01794836949 0)
(3.007766824 0.0179295689 0)
(3.007683846 0.0174633318 0)
(3.00754232 0.0161707802 0)
(3.006819351 0.0146868239 0)
(3.005672958 0.01262715553 0)
(3.001082353 0.01261116218 0)
(3.105985068 0.1421075802 0)
(3.086378648 0.07173204921 0)
(3.037243541 -0.01862903198 0)
(3.019734443 -0.04431167648 0)
(3.009031428 -0.04348906912 0)
(3.004069352 -0.03643558696 0)
(3.007322814 -0.029100978 0)
(3.010140009 -0.02096614488 0)
(3.013966816 -0.01479244564 0)
(3.016468109 -0.008297962006 0)
(3.01643559 -0.004272479172 0)
(3.017581648 -0.001469221057 0)
(3.020374389 0.0006223088476 0)
(3.023662579 0.004321399352 0)
(3.025256026 0.00780828413 0)
(3.025833817 0.009860871809 0)
(3.025536149 0.01159795994 0)
(3.024018368 0.01383790243 0)
(3.02213109 0.01545113269 0)
(3.020880426 0.01555385418 0)
(3.020094584 0.01458783361 0)
(3.018874666 0.0136861221 0)
(3.016530794 0.01380083011 0)
(3.013192745 0.01522622732 0)
(3.00961069 0.01717945291 0)
(3.007444284 0.01816560736 0)
(3.007025578 0.01812455695 0)
(3.007017194 0.01769503476 0)
(3.006933708 0.01637245292 0)
(3.006248675 0.0150062692 0)
(3.005232217 0.01293599906 0)
(3.001170697 0.01265650969 0)
(3.067441252 -0.04319900442 0)
(3.029995326 -0.07685708213 0)
(3.006219936 -0.05178439644 0)
(3.005525771 -0.04323068207 0)
(3.006851955 -0.04219163611 0)
(3.006259619 -0.03660867317 0)
(3.008207524 -0.02985060459 0)
(3.010382679 -0.02217319113 0)
(3.012859204 -0.01379273801 0)
(3.016037337 -0.005706868992 0)
(3.01788272 0.0003850826568 0)
(3.018679831 0.002112924415 0)
(3.021275757 0.003948391773 0)
(3.024000025 0.00706055404 0)
)
;

boundaryField
{
    inlet
    {
        type            fixedValue;
        value           nonuniform 0();
    }
    outlet
    {
        type            inletOutlet;
        inletValue      uniform (3 0 0);
        value           nonuniform List<vector> 
69
(
(3 4.728306433e-15 0)
(3 5.899049776e-15 0)
(3 6.640403503e-15 0)
(3 3.863525742e-15 0)
(3 -2.67989094e-15 0)
(3 -4.310073632e-15 0)
(3 3.946829077e-15 0)
(3 9.151650712e-16 0)
(3 -7.300967137e-15 0)
(3 -2.680708436e-15 0)
(3 -2.098263865e-15 0)
(3 -4.914030644e-15 0)
(3 -7.689150429e-15 0)
(3 -5.111572673e-15 0)
(3 -2.247476988e-15 0)
(3 3.489193155e-15 0)
(3 7.000238952e-15 0)
(3 8.869707758e-16 0)
(3 -1.150430738e-15 0)
(3 -5.686396965e-14 0)
(3 -4.209993136e-12 0)
(3 -7.05533086e-11 0)
(3 -4.162604194e-10 0)
(3.000000001 -1.187288381e-09 0)
(3.000000001 -2.36833335e-09 0)
(3.000000001 -3.002543498e-09 0)
(3.000000002 -4.034781152e-09 0)
(3.000000002 -3.861627709e-09 0)
(3.000000002 -3.935989142e-09 0)
(3.000000002 -2.312015788e-09 0)
(2.999999923 6.362229621e-07 0)
(2.999994764 4.104457777e-05 0)
(2.999923032 0.0006198758012 0)
(2.999608193 0.003368700941 0)
(2.998953956 0.009499751257 0)
(2.998134466 0.01851051591 0)
(2.996993729 0.02802501677 0)
(2.996303553 0.03998228924 0)
(2.993830531 0.0463795687 0)
(2.993507448 0.06058821722 0)
(2.989612339 0.06180871969 0)
(2.98950457 0.07439069902 0)
(2.985569187 0.07368135249 0)
(2.984444126 0.08044125556 0)
(2.98086294 0.07943676055 0)
(2.978598106 0.08176860973 0)
(2.97585318 0.08091136839 0)
(2.9737022 0.08103458801 0)
(2.972879954 0.07879690691 0)
(2.971575104 0.07282103394 0)
(2.97090356 0.06575811532 0)
(2.971829024 0.05996121585 0)
(2.973084097 0.05274249489 0)
(2.975730648 0.04776980559 0)
(2.97823983 0.04200562243 0)
(2.98113606 0.0365620653 0)
(2.984335983 0.03156422828 0)
(2.987437277 0.02842997981 0)
(2.989812111 0.02412432417 0)
(2.992309655 0.0220071191 0)
(2.99435338 0.01946682517 0)
(2.99606279 0.01749646074 0)
(2.997534363 0.01569800157 0)
(2.998801368 0.01483936458 0)
(2.999646731 0.013709922 0)
(3.000341623 0.0131398472 0)
(3.000836954 0.0129493088 0)
(3.001082353 0.01261116218 0)
(3.001170697 0.01265650969 0)
)
;
    }
    bottom
    {
        type            slip;
    }
    top
    {
        type            slip;
    }
    obstacle
    {
        type            slip;
    }
    defaultFaces
    {
        type            empty;
    }
    procBoundary5to4
    {
        type            processor;
        value           nonuniform List<vector> 
69
(
(3 5.593615261e-15 0)
(3 -4.333922251e-15 0)
(3 -4.054151501e-10 0)
(3.000000163 -1.616298795e-06 0)
(3.000044246 -0.0005080289254 0)
(3.001543933 -0.01857292427 0)
(3.010778947 -0.1232193893 0)
(3.024145874 -0.2638164974 0)
(3.033050904 -0.3321413683 0)
(3.039802243 -0.3486484295 0)
(3.043264592 -0.3511506891 0)
(3.046082049 -0.3431980184 0)
(3.048433101 -0.325526173 0)
(3.050797516 -0.3106193465 0)
(3.053501549 -0.2989231108 0)
(3.056217213 -0.2884779388 0)
(3.059061461 -0.2776817519 0)
(3.061756944 -0.2668856044 0)
(3.064555583 -0.255700605 0)
(3.067260115 -0.2446817344 0)
(3.070012256 -0.233558655 0)
(3.072749538 -0.2224749262 0)
(3.075505208 -0.2113675124 0)
(3.07828731 -0.2001899152 0)
(3.081101866 -0.1889929196 0)
(3.083894986 -0.1775451245 0)
(3.085957429 -0.1662306833 0)
(3.087064361 -0.1555359504 0)
(3.089519677 -0.1436113431 0)
(3.094108671 -0.1320944309 0)
(3.09816891 -0.1209735241 0)
(3.101336808 -0.1090048018 0)
(3.103795394 -0.09644859598 0)
(3.105625668 -0.08513221374 0)
(3.10720697 -0.07415565912 0)
(3.108955491 -0.06328254098 0)
(3.111136992 -0.0517367888 0)
(3.113415838 -0.04009979223 0)
(3.115892812 -0.02857712523 0)
(3.119531517 -0.01604547064 0)
(3.122596348 -0.005064948766 0)
(3.125988476 0.008211484884 0)
(3.128351807 0.01922835753 0)
(3.131362329 0.03323530669 0)
(3.13338404 0.04532154803 0)
(3.13559397 0.05841860817 0)
(3.137805193 0.07273561018 0)
(3.138800052 0.08390439245 0)
(3.140882481 0.1002946412 0)
(3.140733882 0.1108391198 0)
(3.1428598 0.1278549361 0)
(3.143581786 0.1381701321 0)
(3.146347035 0.153662754 0)
(3.14788388 0.1644343194 0)
(3.150938892 0.1787676946 0)
(3.154119365 0.191567962 0)
(3.15738405 0.2054723906 0)
(3.159856103 0.2180994898 0)
(3.162125679 0.2326578276 0)
(3.163871388 0.245274624 0)
(3.165896252 0.2582389289 0)
(3.167181421 0.2705630615 0)
(3.168755757 0.2854882568 0)
(3.17018312 0.2948520658 0)
(3.172103054 0.3123560439 0)
(3.175435253 0.3296786957 0)
(3.175412529 0.3344214822 0)
(3.174379212 0.3427095068 0)
(3.160605708 0.2998737046 0)
)
;
    }
    procBoundary5to10
    {
        type            processor;
        value           uniform (3.136206434 0.1658287941 0);
    }
    procBoundary5to11
    {
        type            processor;
        value           nonuniform List<vector> 
33
(
(3.025193487 0.009683437871 0)
(3.025621409 0.01150637986 0)
(3.025171772 0.01346592167 0)
(3.023740967 0.01557250599 0)
(3.022168576 0.01658299804 0)
(3.021153436 0.01622960428 0)
(3.020397012 0.01497201326 0)
(3.019061972 0.01403994908 0)
(3.016704807 0.01431222587 0)
(3.013238891 0.0158570856 0)
(3.009495064 0.01775377359 0)
(3.007132029 0.01892751194 0)
(3.006561546 0.01890860836 0)
(3.006560369 0.0184772785 0)
(3.006466886 0.01701404161 0)
(3.005728944 0.01561038058 0)
(3.004765427 0.01338931508 0)
(3.001108316 0.01272755646 0)
(3.043927081 -0.03466025771 0)
(3.025791714 -0.06816261053 0)
(3.010206348 -0.06001176971 0)
(3.002252463 -0.04798261853 0)
(3.005987833 -0.03917403439 0)
(3.007139979 -0.03197234145 0)
(3.009700635 -0.02502630728 0)
(3.013218082 -0.01816871431 0)
(3.014236171 -0.009300428786 0)
(3.016655557 -0.001927834668 0)
(3.018528078 0.002539502529 0)
(3.019515786 0.003378667629 0)
(3.021850587 0.005310287764 0)
(3.025193487 0.009683437871 0)
(3.024186165 0.008557664417 0)
)
;
    }
}


// ************************************************************************* //
