/*--------------------------------*- C++ -*----------------------------------*\
  =========                 |
  \\      /  F ield         | OpenFOAM: The Open Source CFD Toolbox
   \\    /   O peration     | Website:  https://openfoam.org
    \\  /    A nd           | Version:  7
     \\/     M anipulation  |
\*---------------------------------------------------------------------------*/
FoamFile
{
    version     2.0;
    format      ascii;
    class       volVectorField;
    location    "3.3";
    object      U;
}
// * * * * * * * * * * * * * * * * * * * * * * * * * * * * * * * * * * * * * //

dimensions      [0 1 -1 0 0 0 0];

internalField   nonuniform List<vector> 
2222
(
(3.136306668 -0.829094411 0)
(3.137381981 -0.829732441 0)
(3.130592995 -0.7443183279 0)
(3.024732033 -0.1151945037 0)
(2.977715112 -0.02176781854 0)
(3.097262741 -0.8070686901 0)
(3.151315616 -0.8368582771 0)
(3.263628606 -0.8718571265 0)
(3.397899699 -0.8566010655 0)
(3.368937795 -0.8826181293 0)
(3.222350886 -0.8605918877 0)
(3.117326168 -0.8409998091 0)
(3.050921145 -0.8055896514 0)
(3.044223964 -0.802808574 0)
(3.057601205 -0.8073415608 0)
(3.072493105 -0.8166250853 0)
(3.084084492 -0.8207899825 0)
(3.098921242 -0.8220053073 0)
(3.110985373 -0.8223418178 0)
(3.118316499 -0.8254996702 0)
(3.12781423 -0.8298698737 0)
(3.133826458 -0.8287936084 0)
(3.134205514 -0.8284768926 0)
(3.133690902 -0.8293529343 0)
(3.134267263 -0.828647959 0)
(3.134411941 -0.827865442 0)
(3.133699444 -0.8281798461 0)
(3.134250471 -0.8289844977 0)
(3.135102352 -0.8288856683 0)
(3.134880781 -0.828909761 0)
(3.134616913 -0.8297910429 0)
(3.135827372 -0.8294063389 0)
(3.136123821 -0.8288341489 0)
(3.13571541 -0.8290956 0)
(3.136159684 -0.8295909411 0)
(3.137272652 -0.8297026794 0)
(3.134773266 -0.8159021418 0)
(3.085316822 -0.3377908284 0)
(2.989160726 -0.0004805216002 0)
(3.094790393 -0.808801257 0)
(3.15003547 -0.8470745766 0)
(3.267208876 -0.8741127619 0)
(3.399556178 -0.8551503976 0)
(3.371760899 -0.8801596932 0)
(3.223033881 -0.861734574 0)
(3.114097319 -0.8413936878 0)
(3.048193979 -0.8053573377 0)
(3.043466475 -0.8028624943 0)
(3.058790808 -0.8082882259 0)
(3.0743974 -0.8171551489 0)
(3.0854382 -0.8212506015 0)
(3.09907926 -0.8229243515 0)
(3.110845915 -0.8222737138 0)
(3.118375587 -0.8249165319 0)
(3.127189443 -0.829380627 0)
(3.134190665 -0.828851037 0)
(3.134682907 -0.8288363851 0)
(3.134004517 -0.8297425695 0)
(3.134302331 -0.8292442289 0)
(3.134441802 -0.8287306926 0)
(3.133645685 -0.8290582501 0)
(3.133857442 -0.8299731794 0)
(3.135121777 -0.8298495635 0)
(3.134912621 -0.8296857561 0)
(3.134427809 -0.8306329277 0)
(3.135514961 -0.8303965921 0)
(3.136083378 -0.8297748256 0)
(3.135664931 -0.8299868729 0)
(3.135888752 -0.8306173798 0)
(3.137087227 -0.8305483207 0)
(3.137811968 -0.8299724337 0)
(3.137416665 -0.595870926 0)
(2.980722279 -0.04604380778 0)
(3.090985239 -0.8177374037 0)
(3.149892885 -0.8513657923 0)
(3.27143485 -0.8748145287 0)
(3.402903293 -0.8565771622 0)
(3.374343092 -0.8783746311 0)
(3.223233026 -0.8630555534 0)
(3.110315728 -0.8415268587 0)
(3.045822255 -0.8059499399 0)
(3.040753363 -0.8041887831 0)
(3.059879211 -0.8093433425 0)
(3.076356054 -0.8172967649 0)
(3.0870543 -0.8211486052 0)
(3.099306555 -0.8236446736 0)
(3.11082439 -0.8224994902 0)
(3.119043878 -0.8252258045 0)
(3.126688333 -0.8300500676 0)
(3.134078099 -0.8293063535 0)
(3.134800543 -0.8297528527 0)
(3.134092078 -0.8305488487 0)
(3.134134837 -0.8304441031 0)
(3.134500263 -0.8296612786 0)
(3.133620485 -0.8299249004 0)
(3.133701369 -0.8309739057 0)
(3.135121719 -0.8306654603 0)
(3.134983699 -0.8303636271 0)
(3.134418508 -0.8313389224 0)
(3.135373523 -0.8312621667 0)
(3.136066316 -0.8305980109 0)
(3.135652408 -0.8307520549 0)
(3.135742934 -0.8315337522 0)
(3.137102859 -0.8312787036 0)
(3.137361009 -0.8306853813 0)
(3.131788121 -0.7504037142 0)
(3.040489862 -0.237548489 0)
(3.087126873 -0.8257374677 0)
(3.1497231 -0.8522621319 0)
(3.275648934 -0.8754446995 0)
(3.40666374 -0.8586567892 0)
(3.3782241 -0.8763121094 0)
(3.222013301 -0.8638301933 0)
(3.105614693 -0.8416372023 0)
(3.043007173 -0.8065757517 0)
(3.037418731 -0.8064157996 0)
(3.061301243 -0.8104025425 0)
(3.079756291 -0.8163860862 0)
(3.089279726 -0.8211147134 0)
(3.099514326 -0.8241863036 0)
(3.11063382 -0.8237074439 0)
(3.119485432 -0.825946392 0)
(3.125965043 -0.8312360034 0)
(3.133255719 -0.8303443313 0)
(3.135105067 -0.8305948444 0)
(3.13419776 -0.8312170169 0)
(3.134136214 -0.8313931534 0)
(3.134621831 -0.8304898444 0)
(3.133766476 -0.8306625663 0)
(3.133586132 -0.8318338079 0)
(3.135137816 -0.831429199 0)
(3.135192371 -0.830815615 0)
(3.134435066 -0.8312263675 0)
(3.135278634 -0.8318242298 0)
(3.136166279 -0.8312251723 0)
(3.135682841 -0.8309994959 0)
(3.13569539 -0.8320620312 0)
(3.13702785 -0.832068708 0)
(3.137362083 -0.8315145353 0)
(3.137135172 -0.8254769264 0)
(3.142586931 -0.4329962989 0)
(3.084161135 -0.8276175863 0)
(3.148982249 -0.8524879114 0)
(3.277763003 -0.8763151425 0)
(3.409696386 -0.8642778571 0)
(3.382308231 -0.8745808736 0)
(3.216855553 -0.8635271469 0)
(3.100069261 -0.8417229156 0)
(3.041758166 -0.8068120264 0)
(3.034706787 -0.808410668 0)
(3.062554342 -0.811186035 0)
(3.082587725 -0.8159092601 0)
(3.0918314 -0.821609874 0)
(3.099748201 -0.8252324111 0)
(3.111304969 -0.8256751412 0)
(3.119996386 -0.8267158405 0)
(3.12552681 -0.8323436401 0)
(3.132610583 -0.8316834353 0)
(3.135264707 -0.8312149215 0)
(3.134373538 -0.8316846697 0)
(3.134125726 -0.8321398372 0)
(3.134803536 -0.8309249274 0)
(3.13376363 -0.8305668636 0)
(3.133464426 -0.8318360544 0)
(3.135133719 -0.8316167946 0)
(3.135454617 -0.8304553849 0)
(3.134703856 -0.8306148238 0)
(3.13520475 -0.8314713675 0)
(3.136241263 -0.8311789923 0)
(3.13589552 -0.8305239738 0)
(3.135583144 -0.8316722576 0)
(3.137019881 -0.8320416929 0)
(3.137536087 -0.8317521448 0)
(3.136944456 -0.830738043 0)
(3.136333149 -0.5542899805 0)
(3.02195606 -0.1620133348 0)
(3.082851974 -0.8275075032 0)
(3.147682839 -0.8471660808 0)
(3.278184529 -0.878209602 0)
(3.412865459 -0.870061256 0)
(3.385218001 -0.8737465766 0)
(3.214129581 -0.8639409791 0)
(3.09537112 -0.8412105611 0)
(3.040704246 -0.8063847238 0)
(3.032536906 -0.8080425097 0)
(3.061575276 -0.8111689206 0)
(3.083349066 -0.8163577988 0)
(3.093230869 -0.8224384602 0)
(3.100141523 -0.8266753229 0)
(3.112103621 -0.8270342103 0)
(3.120608708 -0.8273904062 0)
(3.125070874 -0.8324050658 0)
(3.132019912 -0.8328555019 0)
(3.135416617 -0.8317675827 0)
(3.13448867 -0.8317485256 0)
(3.133993491 -0.832392395 0)
(3.134819606 -0.8306844473 0)
(3.13393247 -0.8302430372 0)
(3.133385421 -0.8314951997 0)
(3.135092779 -0.8314593327 0)
(3.135803105 -0.8307299054 0)
(3.135147572 -0.8310070725 0)
(3.135288095 -0.831723896 0)
(3.13644108 -0.8314391798 0)
(3.13641363 -0.8308483165 0)
(3.135834311 -0.8317908117 0)
(3.137003701 -0.8320500462 0)
(3.137655905 -0.8314609559 0)
(3.137155561 -0.831729184 0)
(3.133126354 -0.7905488764 0)
(3.075841445 -0.212591071 0)
(3.081663629 -0.8255243114 0)
(3.146864919 -0.8339197297 0)
(3.278310125 -0.8808316492 0)
(3.41397944 -0.8723420851 0)
(3.387616402 -0.8727167599 0)
(3.213419619 -0.8643945904 0)
(3.091022698 -0.8417795537 0)
(3.041217637 -0.805766408 0)
(3.031170114 -0.8058643031 0)
(3.058517438 -0.8115424659 0)
(3.0825966 -0.8180695786 0)
(3.094526843 -0.8234057311 0)
(3.100708209 -0.8275917806 0)
(3.112925518 -0.8280915803 0)
(3.121413171 -0.8278048077 0)
(3.12500226 -0.8306216627 0)
(3.131467197 -0.8330856122 0)
(3.135552335 -0.8316198124 0)
(3.134581355 -0.8310779453 0)
(3.1338061 -0.8320396328 0)
(3.134750739 -0.8310490328 0)
(3.134381656 -0.8306310773 0)
(3.133473157 -0.8318740526 0)
(3.134822093 -0.8320210854 0)
(3.135760237 -0.8315806155 0)
(3.135128557 -0.831817844 0)
(3.134965846 -0.8326024352 0)
(3.136331259 -0.8322514358 0)
(3.136469301 -0.8316792452 0)
(3.135855348 -0.8324671573 0)
(3.136782567 -0.8327511794 0)
(3.137719034 -0.8320470882 0)
(3.137545658 -0.832041775 0)
(3.136081298 -0.8277303436 0)
(3.110910659 -0.3495836567 0)
(3.081831692 -0.8191530927 0)
(3.144984773 -0.8288949578 0)
(3.27546637 -0.8836894323 0)
(3.415928451 -0.8736967632 0)
(3.391911082 -0.8704379074 0)
(3.214154447 -0.8645611265 0)
(3.089789357 -0.8424631596 0)
(3.042409405 -0.8057573102 0)
(3.030570673 -0.8055584604 0)
(3.054813507 -0.813368977 0)
(3.081757245 -0.8193123728 0)
(3.095207615 -0.8238174011 0)
(3.101576229 -0.8281732916 0)
(3.113715134 -0.8288183171 0)
(3.122030184 -0.8278340161 0)
(3.125633659 -0.8301102783 0)
(3.130994311 -0.8329586703 0)
(3.135423452 -0.8315901921 0)
(3.134864214 -0.831196412 0)
(3.13376507 -0.8324143002 0)
(3.134460221 -0.8322109346 0)
(3.134468911 -0.8314653425 0)
(3.133393842 -0.8325495858 0)
(3.134263141 -0.8330473907 0)
(3.135729638 -0.8327947467 0)
(3.135121538 -0.8328314261 0)
(3.134657034 -0.8338306234 0)
(3.136118015 -0.8335577741 0)
(3.136475867 -0.8328717611 0)
(3.135763877 -0.833498964 0)
(3.136401706 -0.8339545801 0)
(3.137451912 -0.8332731246 0)
(3.137445556 -0.8329011097 0)
(3.136699078 -0.8337703641 0)
(3.131449982 -0.6596333121 0)
(3.08088127 -0.8105096376 0)
(3.143543925 -0.828167341 0)
(3.273084712 -0.885495141 0)
(3.420008524 -0.8746538915 0)
(3.398537754 -0.8677114945 0)
(3.216658111 -0.8640034343 0)
(3.08879395 -0.8426673827 0)
(3.044744797 -0.8069972248 0)
(3.030200409 -0.8065389327 0)
(3.05226416 -0.8155466937 0)
(3.081093162 -0.8204493643 0)
(3.09569222 -0.8244426733 0)
(3.102648295 -0.8277734227 0)
(3.114350397 -0.8289558294 0)
(3.122842272 -0.8279576708 0)
(3.126257698 -0.8304074418 0)
(3.130396921 -0.8339012215 0)
(3.135076264 -0.8325445334 0)
(3.134850439 -0.8319899084 0)
(3.133455555 -0.8335884381 0)
(3.134559514 -0.8336953303 0)
(3.134748315 -0.8325772308 0)
(3.133482303 -0.8334237885 0)
(3.133996767 -0.8341969925 0)
(3.135705766 -0.8337286246 0)
(3.135249299 -0.8336039593 0)
(3.134613885 -0.8347474462 0)
(3.136101277 -0.834606902 0)
(3.136697545 -0.8338740784 0)
(3.13612352 -0.8344084417 0)
(3.13634195 -0.8350449174 0)
(3.137427294 -0.8345440976 0)
(3.137449127 -0.8340351844 0)
(3.137122272 -0.8349659511 0)
(3.133636428 -0.8042572163 0)
(3.078592316 -0.805485833 0)
(3.140298564 -0.8287200682 0)
(3.270172442 -0.8940096832 0)
(3.425940281 -0.8759986137 0)
(3.405508902 -0.8648154527 0)
(3.219872308 -0.8627920172 0)
(3.087368965 -0.8433194627 0)
(3.046801754 -0.8085324828 0)
(3.030090835 -0.8075929176 0)
(3.050589041 -0.8173134648 0)
(3.079503585 -0.8217030698 0)
(3.096527131 -0.8243882683 0)
(3.104561597 -0.8273507563 0)
(3.114546772 -0.8295098138 0)
(3.123240398 -0.8285701402 0)
(3.126680925 -0.8310635132 0)
(3.129730273 -0.8354393737 0)
(3.134799173 -0.8343443919 0)
(3.134807004 -0.833388152 0)
(3.133426538 -0.8348134458 0)
(3.134549376 -0.8350016203 0)
(3.135152856 -0.8337442078 0)
(3.133853101 -0.8340235 0)
(3.133802338 -0.8351972308 0)
(3.135685971 -0.8346369442 0)
(3.135620675 -0.8339870687 0)
(3.134777394 -0.8351891203 0)
(3.136231471 -0.8353962817 0)
(3.137100176 -0.8345443663 0)
(3.136430799 -0.8344736178 0)
(3.136341451 -0.8357001381 0)
(3.137589139 -0.8357384996 0)
(3.137826946 -0.8351389917 0)
(3.136961837 -0.8354350075 0)
(3.137459397 -0.8325490225 0)
(3.077024118 -0.805173911 0)
(3.13724119 -0.836107104 0)
(3.26946556 -0.9026014908 0)
(3.429790904 -0.8776880157 0)
(3.408254171 -0.862716088 0)
(3.221101796 -0.8609671283 0)
(3.085430351 -0.8444550483 0)
(3.047379691 -0.8112679123 0)
(3.030033368 -0.8084438372 0)
(3.049147015 -0.8166640491 0)
(3.077340971 -0.8209703359 0)
(3.096864947 -0.8241016307 0)
(3.10567305 -0.8280949419 0)
(3.114470143 -0.8312531829 0)
(3.123652243 -0.8309499088 0)
(3.127485405 -0.8319948841 0)
(3.129661707 -0.8368763069 0)
(3.134707195 -0.8357400101 0)
(3.13509073 -0.8345232304 0)
(3.133820856 -0.8355403275 0)
(3.134496975 -0.8360931426 0)
(3.135623616 -0.834420023 0)
(3.133829426 -0.8338058786 0)
(3.133303113 -0.835168587 0)
(3.135351571 -0.8346570047 0)
(3.135767561 -0.833698637 0)
(3.134826594 -0.8348337735 0)
(3.135855122 -0.8352912569 0)
(3.136980931 -0.8344616105 0)
(3.136348062 -0.8344014706 0)
(3.135908814 -0.835572212 0)
(3.1372244 -0.8359665982 0)
(3.137649337 -0.8353397541 0)
(3.137154041 -0.8362123214 0)
(3.137445148 -0.8368947916 0)
(3.076235168 -0.8067394467 0)
(3.136842762 -0.8460623374 0)
(3.270320933 -0.9059177411 0)
(3.432549588 -0.8814571971 0)
(3.407175192 -0.8619067295 0)
(3.219879615 -0.858800608 0)
(3.081310233 -0.8449879854 0)
(3.044164737 -0.815870369 0)
(3.03011332 -0.8086694454 0)
(3.049427891 -0.8144409704 0)
(3.074457371 -0.821025298 0)
(3.096394574 -0.8247203362 0)
(3.105849302 -0.8291743487 0)
(3.114489097 -0.8343643138 0)
(3.125083131 -0.8334191816 0)
(3.128106321 -0.8329725325 0)
(3.129727754 -0.8375061281 0)
(3.13400264 -0.8367761313 0)
(3.135558995 -0.8351163682 0)
(3.133920798 -0.8349860003 0)
(3.133789 -0.835917894 0)
(3.135493329 -0.8344307841 0)
(3.133929277 -0.8340407314 0)
(3.132897161 -0.8354791608 0)
(3.135011361 -0.8351873032 0)
(3.13586595 -0.8341881265 0)
(3.134892419 -0.8352351536 0)
(3.135566579 -0.8357470648 0)
(3.136938501 -0.8349131116 0)
(3.136439675 -0.8348159894 0)
(3.135806732 -0.8359222742 0)
(3.137031619 -0.8361298831 0)
(3.137628366 -0.8354496853 0)
(3.137035291 -0.8357732176 0)
(3.136924928 -0.8365517406 0)
(3.075730536 -0.8117615082 0)
(3.134587803 -0.8495070672 0)
(3.270261067 -0.9077129009 0)
(3.43382955 -0.8858419589 0)
(3.405538915 -0.8619648702 0)
(3.218044783 -0.8566505752 0)
(3.078779981 -0.8449551541 0)
(3.038810643 -0.8197581983 0)
(3.030774304 -0.808881131 0)
(3.050050152 -0.8140862 0)
(3.072957958 -0.8222068546 0)
(3.096020847 -0.8252130836 0)
(3.106126103 -0.8298205277 0)
(3.114336343 -0.8355521858 0)
(3.126070696 -0.8342686843 0)
(3.129752707 -0.8337603493 0)
(3.129877734 -0.8368658668 0)
(3.13297055 -0.8365922788 0)
(3.13558378 -0.8348305886 0)
(3.133876534 -0.8346892832 0)
(3.133321334 -0.8358600252 0)
(3.135340284 -0.8346051274 0)
(3.133997664 -0.8341022975 0)
(3.132838719 -0.8357553612 0)
(3.134928354 -0.8356266674 0)
(3.136008025 -0.8345191033 0)
(3.134994848 -0.8354230906 0)
(3.135507576 -0.8359903578 0)
(3.136984478 -0.8351606842 0)
(3.136577181 -0.834857885 0)
(3.135881442 -0.8359206796 0)
(3.137042457 -0.8361520899 0)
(3.137719868 -0.8353711444 0)
(3.137121119 -0.835521522 0)
(3.136983355 -0.8363580077 0)
(3.138381332 -0.8334846605 0)
(3.074205956 -0.817482969 0)
(3.131616068 -0.8492353392 0)
(3.267574185 -0.9076677367 0)
(3.443636922 -0.8974781537 0)
(3.40613459 -0.8625282472 0)
(3.216716918 -0.8540468054 0)
(3.073913956 -0.843440957 0)
(3.034207923 -0.8205756248 0)
(3.03335746 -0.8063568576 0)
(3.050529504 -0.8133835098 0)
(3.0711866 -0.8231977515 0)
(3.095008701 -0.8271685428 0)
(3.107486198 -0.830019156 0)
(3.114001239 -0.8345302068 0)
(3.126294717 -0.8333539515 0)
(3.131609288 -0.8322629806 0)
(3.130124165 -0.835482664 0)
(3.132777921 -0.8358164689 0)
(3.13570017 -0.8340613233 0)
(3.134073194 -0.8336617419 0)
(3.133243165 -0.8349846856 0)
(3.135089631 -0.8339862966 0)
(3.13449094 -0.8330024459 0)
(3.133206583 -0.834989726 0)
(3.13482831 -0.8361200569 0)
(3.136956709 -0.8348253841 0)
(3.13558061 -0.8348612436 0)
(3.135093563 -0.8360081903 0)
(3.137136909 -0.8355145384 0)
(3.137250672 -0.8343741616 0)
(3.136291967 -0.8351765172 0)
(3.137204608 -0.8356185731 0)
(3.138481474 -0.8344229736 0)
(3.137753289 -0.8340073363 0)
(3.137182523 -0.834575857 0)
(3.138039063 -0.8348587568 0)
(3.073426682 -0.8200580422 0)
(3.12610756 -0.8403672543 0)
(3.25930221 -0.9028795006 0)
(3.464371484 -0.9069616607 0)
(3.407344376 -0.8615430252 0)
(3.213948371 -0.8486371285 0)
(3.070851522 -0.8381083118 0)
(3.03148336 -0.8180459867 0)
(3.035062994 -0.8021950577 0)
(3.051098063 -0.8115554552 0)
(3.068448665 -0.8228614286 0)
(3.094355059 -0.8270768156 0)
(3.108293121 -0.8273129369 0)
(3.114377899 -0.8311751338 0)
(3.125815829 -0.830825628 0)
(3.132778476 -0.8293616661 0)
(3.131562165 -0.832479796 0)
(3.132645353 -0.8337651916 0)
(3.135872732 -0.832166413 0)
(3.134101002 -0.831557378 0)
(3.132685125 -0.8337926184 0)
(3.134998227 -0.8341973439 0)
(3.135371307 -0.8321933222 0)
(3.133233598 -0.8343877751 0)
(3.134236683 -0.8356466861 0)
(3.136452612 -0.8345821662 0)
(3.135216138 -0.8342706928 0)
(3.134401071 -0.835342764 0)
(3.136236558 -0.8350609563 0)
(3.136829695 -0.8339351287 0)
(3.135755017 -0.8347323295 0)
(3.136510862 -0.8354626615 0)
(3.138171704 -0.8346008583 0)
(3.137550753 -0.8338765534 0)
(3.137116963 -0.8343613659 0)
(3.137885777 -0.8342337493 0)
(3.074125685 -0.8201885917 0)
(3.124304545 -0.8215868272 0)
(3.248392531 -0.9018979619 0)
(3.475513375 -0.913407831 0)
(3.408077695 -0.8585650735 0)
(3.216553445 -0.8447451407 0)
(3.070659251 -0.8348238724 0)
(3.029813607 -0.815433165 0)
(3.03755992 -0.7995806452 0)
(3.051407942 -0.8103257237 0)
(3.065217445 -0.8236307993 0)
(3.092834726 -0.8264197621 0)
(3.108819529 -0.8240455852 0)
(3.114596745 -0.8283994151 0)
(3.125774566 -0.8293145746 0)
(3.134211446 -0.827865833 0)
(3.131934026 -0.8310054817 0)
(3.131647787 -0.8336414379 0)
(3.135736874 -0.8333074261 0)
(3.134077153 -0.8319187157 0)
(3.132126566 -0.8340518676 0)
(3.134427827 -0.8335053759 0)
(3.135660948 -0.8310473377 0)
(3.133338583 -0.8322170175 0)
(3.133915613 -0.8334593776 0)
(3.136303052 -0.8325962001 0)
(3.135515598 -0.8322195803 0)
(3.134635371 -0.8334972767 0)
(3.136164032 -0.8334528818 0)
(3.137363734 -0.8322896211 0)
(3.136123574 -0.8330951539 0)
(3.13619845 -0.8339764 0)
(3.137672673 -0.8334432622 0)
(3.1373265 -0.8329777608 0)
(3.136688457 -0.8336618755 0)
(3.137393957 -0.8337000394 0)
(3.077179521 -0.8191471994 0)
(3.122981004 -0.8117313159 0)
(3.244437109 -0.9033908683 0)
(3.480852909 -0.9042888744 0)
(3.413064733 -0.8521258269 0)
(3.217908798 -0.8418916767 0)
(3.067816213 -0.8335811154 0)
(3.026530124 -0.817592653 0)
(3.040990308 -0.8023927561 0)
(3.057577327 -0.8083485135 0)
(3.065694293 -0.8207554677 0)
(3.091519638 -0.8237998788 0)
(3.10951938 -0.8222820497 0)
(3.114632906 -0.8264833095 0)
(3.125180413 -0.8309577047 0)
(3.135428881 -0.8289497897 0)
(3.132083698 -0.8298043538 0)
(3.130281107 -0.8339973913 0)
(3.134559057 -0.8332199723 0)
(3.134367619 -0.8312446254 0)
(3.132013012 -0.8325023557 0)
(3.133861977 -0.8323347472 0)
(3.135933214 -0.8300879897 0)
(3.133894094 -0.8300858673 0)
(3.133915735 -0.8314345896 0)
(3.136394823 -0.8306643524 0)
(3.136162939 -0.8297880653 0)
(3.1350676 -0.8311778541 0)
(3.136322464 -0.8314686397 0)
(3.138002138 -0.8301092047 0)
(3.136783606 -0.8307774848 0)
(3.136433941 -0.8320097035 0)
(3.137733405 -0.831883724 0)
(3.13793704 -0.8313935442 0)
(3.136832577 -0.8323670586 0)
(3.13733063 -0.832495495 0)
(3.080688578 -0.8136473682 0)
(3.120125754 -0.8089165109 0)
(3.238390063 -0.9023655036 0)
(3.501785273 -0.9100208079 0)
(3.408642256 -0.8483982882 0)
(3.211916552 -0.8286768093 0)
(3.060052076 -0.8237569594 0)
(3.016410483 -0.8192846195 0)
(3.039008983 -0.8039568242 0)
(3.062196237 -0.8050162882 0)
(3.068309159 -0.8130699691 0)
(3.089071998 -0.8206624334 0)
(3.111981529 -0.8193432687 0)
(3.115644935 -0.825343429 0)
(3.123373962 -0.8309846969 0)
(3.134020997 -0.8288121987 0)
(3.132784241 -0.828259588 0)
(3.13050495 -0.8313260284 0)
(3.133988151 -0.8305031513 0)
(3.13559451 -0.8279373101 0)
(3.132778381 -0.8290606427 0)
(3.133712209 -0.8296203607 0)
(3.136706043 -0.8276248377 0)
(3.134337719 -0.8269722767 0)
(3.13329662 -0.8287836452 0)
(3.136047979 -0.828445513 0)
(3.136772255 -0.8271602246 0)
(3.135006785 -0.8285845332 0)
(3.135976531 -0.8294239896 0)
(3.138266136 -0.8279369252 0)
(3.136820468 -0.8280530436 0)
(3.136024928 -0.8293962446 0)
(3.137476412 -0.8293224831 0)
(3.13856798 -0.8284448198 0)
(3.137289412 -0.8294685901 0)
(3.137434252 -0.8296860487 0)
(3.076679438 -0.8096494576 0)
(3.118516395 -0.8078568573 0)
(3.207412079 -0.9039563483 0)
(3.547917696 -0.8948681734 0)
(3.407616356 -0.8285600659 0)
(3.211927905 -0.8217763634 0)
(3.066549124 -0.8142840073 0)
(3.012824859 -0.8097546004 0)
(3.036446489 -0.7932042962 0)
(3.065912404 -0.7935610359 0)
(3.069499362 -0.8042564741 0)
(3.086418608 -0.8178130335 0)
(3.109277542 -0.818201022 0)
(3.115328094 -0.8218687091 0)
(3.122261713 -0.8257714841 0)
(3.133455929 -0.8236716374 0)
(3.134811888 -0.8214970989 0)
(3.131324404 -0.8247729442 0)
(3.133838785 -0.8254007236 0)
(3.136990461 -0.8224326858 0)
(3.132745013 -0.8241624935 0)
(3.133177142 -0.8265366535 0)
(3.137131504 -0.8243630973 0)
(3.134118806 -0.8244504093 0)
(3.132604575 -0.827434706 0)
(3.135078158 -0.8277099473 0)
(3.136622577 -0.8261729294 0)
(3.134349752 -0.8273782787 0)
(3.135100847 -0.8285710673 0)
(3.137642496 -0.8272485448 0)
(3.136391321 -0.8267787002 0)
(3.135547994 -0.8281374045 0)
(3.136979787 -0.8282860394 0)
(3.13878002 -0.8267159532 0)
(3.137167768 -0.8271400375 0)
(3.137084763 -0.8281483563 0)
(3.083978457 -0.7745377861 0)
(3.119120288 -0.7849154488 0)
(3.171544222 -0.8966744074 0)
(3.549657664 -0.8749020244 0)
(3.391319208 -0.7984541387 0)
(3.199268061 -0.7913014689 0)
(3.056217081 -0.7931255055 0)
(3.006924697 -0.7913707301 0)
(3.033706762 -0.7803712505 0)
(3.066221517 -0.7837874408 0)
(3.06613159 -0.7970142843 0)
(3.080595532 -0.8097209242 0)
(3.105589176 -0.8104732845 0)
(3.116674187 -0.811431715 0)
(3.12064998 -0.818304291 0)
(3.131910597 -0.8179822316 0)
(3.135786394 -0.81631487 0)
(3.129877619 -0.8200918059 0)
(3.131088476 -0.8222999554 0)
(3.135029371 -0.8197628144 0)
(3.130558716 -0.8210498951 0)
(3.130266694 -0.8235904137 0)
(3.134297018 -0.8219715482 0)
(3.132731628 -0.8213364128 0)
(3.131138737 -0.8234550308 0)
(3.133205756 -0.8238297823 0)
(3.135693504 -0.8223383505 0)
(3.133477665 -0.8232836116 0)
(3.13381031 -0.8248332344 0)
(3.136323462 -0.8239037634 0)
(3.135550053 -0.8236163335 0)
(3.134415514 -0.8250618053 0)
(3.135458819 -0.8255407562 0)
(3.137311832 -0.8245188525 0)
(3.135848324 -0.825066847 0)
(3.135621729 -0.8258714494 0)
(3.074930796 -0.6445862038 0)
(3.117850183 -0.7184839089 0)
(3.161795326 -0.8137681295 0)
(3.522317461 -0.8217720562 0)
(3.340573898 -0.7634776061 0)
(3.161964743 -0.767173114 0)
(3.039602616 -0.7775545333 0)
(2.993428952 -0.7794705997 0)
(3.016630732 -0.7707206058 0)
(3.052053491 -0.7724078177 0)
(3.058877602 -0.7839695573 0)
(3.071439108 -0.7997466478 0)
(3.097150675 -0.8023342041 0)
(3.109862155 -0.8052091508 0)
(3.11192388 -0.8125740119 0)
(3.122172707 -0.8136608523 0)
(3.128777121 -0.8113851502 0)
(3.123422931 -0.8149760366 0)
(3.124619981 -0.8181004198 0)
(3.129744415 -0.8159488112 0)
(3.126670884 -0.8166023109 0)
(3.125981382 -0.8195330517 0)
(3.129810788 -0.8186551083 0)
(3.130379599 -0.8175522184 0)
(3.128475547 -0.8197095916 0)
(3.129811747 -0.8209889547 0)
(3.133345284 -0.8195304359 0)
(3.131445301 -0.8199678987 0)
(3.130957839 -0.8222302798 0)
(3.133459099 -0.8213363532 0)
(3.133868386 -0.8205965342 0)
(3.132482886 -0.8224515112 0)
(3.13300844 -0.8231142946 0)
(3.135145385 -0.822354452 0)
(3.133990485 -0.8225093879 0)
(3.133481064 -0.8236164487 0)
(3.038221979 -0.1352047692 0)
(3.0800116 -0.3290966597 0)
(3.105451043 -0.5715411626 0)
(3.056990754 -0.4663798172 0)
(2.878750369 -0.5148517053 0)
(2.844427294 -0.6259534114 0)
(2.817985804 -0.6596283852 0)
(2.838285397 -0.6698160271 0)
(2.864346811 -0.6806313624 0)
(2.888393542 -0.6960691166 0)
(2.926895092 -0.7081632747 0)
(2.94493075 -0.7285253321 0)
(2.964911882 -0.7399541677 0)
(2.997382882 -0.7465599368 0)
(3.009638566 -0.7560867006 0)
(3.015800498 -0.7638696122 0)
(3.032745625 -0.7667387651 0)
(3.04046541 -0.7695371735 0)
(3.043467037 -0.7770569751 0)
(3.049066897 -0.7790466066 0)
(3.057613502 -0.7805552856 0)
(3.059132861 -0.7845173188 0)
(3.060891097 -0.7867751871 0)
(3.068834249 -0.7870471091 0)
(3.071308832 -0.789463984 0)
(3.071544347 -0.7924901338 0)
(3.076355893 -0.7933582863 0)
(3.08054583 -0.7941312667 0)
(3.081053523 -0.7966341773 0)
(3.082104462 -0.7978982617 0)
(3.087029001 -0.7982141899 0)
(3.088344158 -0.7994946903 0)
(3.088355827 -0.8011835201 0)
(3.09063464 -0.8019407494 0)
(3.093667118 -0.8025509039 0)
(3.093986213 -0.8034238873 0)
(3.095010972 -0.8041859085 0)
(3.002685774 -0.006237804665 0)
(3.023896446 -0.07002746207 0)
(3.050792713 -0.1516648387 0)
(3.047455682 -0.3008020173 0)
(3.032073492 -0.4628284358 0)
(3.034513925 -0.5445777378 0)
(3.058944319 -0.5762678966 0)
(3.080783749 -0.6092976162 0)
(3.097784056 -0.6431103055 0)
(3.117021663 -0.6564544185 0)
(3.135537247 -0.682225404 0)
(3.138138175 -0.7107259562 0)
(3.145008161 -0.7147938191 0)
(3.159018068 -0.7164985926 0)
(3.159107817 -0.7353694493 0)
(3.154035812 -0.7423441753 0)
(3.156223046 -0.7398681418 0)
(3.154979014 -0.7484530551 0)
(3.149282856 -0.7564834897 0)
(3.150467929 -0.754332147 0)
(3.153554386 -0.757013085 0)
(3.149188773 -0.7667321029 0)
(3.147901107 -0.7675522786 0)
(3.151166363 -0.7661979597 0)
(3.15014886 -0.7726942985 0)
(3.147287487 -0.7761579258 0)
(3.14857417 -0.7747639734 0)
(3.150349677 -0.7771110236 0)
(3.147801193 -0.7818655768 0)
(3.14723951 -0.7820520398 0)
(3.149026351 -0.7815271132 0)
(3.148193482 -0.7854528516 0)
(3.146678254 -0.7873246712 0)
(3.147259936 -0.7865053915 0)
(3.147867926 -0.7879608953 0)
(3.146521028 -0.7910354385 0)
(3.146390363 -0.7914158254 0)
(3.000091214 -0.0002035994885 0)
(3.002858328 -0.006945408589 0)
(3.015470792 -0.04051219112 0)
(3.034219015 -0.1083834152 0)
(3.049831142 -0.1745564324 0)
(3.065169228 -0.2461842795 0)
(3.081418137 -0.2987779612 0)
(3.088794486 -0.3407927806 0)
(3.113298604 -0.4367804814 0)
(3.123237045 -0.4880374256 0)
(3.135610302 -0.4958071848 0)
(3.140336069 -0.5359838356 0)
(3.135847664 -0.572752632 0)
(3.137193957 -0.5709848587 0)
(3.138675811 -0.5885913488 0)
(3.134065512 -0.6221877033 0)
(3.133145817 -0.6242684831 0)
(3.133238174 -0.6258914867 0)
(3.132425325 -0.652471497 0)
(3.130886617 -0.660524401 0)
(3.13358064 -0.6576650509 0)
(3.134957168 -0.6737267304 0)
(3.131893791 -0.6866391752 0)
(3.133842895 -0.6853501971 0)
(3.135882444 -0.6902180636 0)
(3.133997496 -0.7034756841 0)
(3.133712754 -0.7059826432 0)
(3.135994495 -0.7058617658 0)
(3.136434557 -0.7150085366 0)
(3.134496499 -0.7211688883 0)
(3.135707767 -0.7206104686 0)
(3.136939632 -0.7247321303 0)
(3.13577172 -0.731252787 0)
(3.135547147 -0.7331469801 0)
(3.136881291 -0.7341281222 0)
(3.136758986 -0.7383573265 0)
(3.135710033 -0.742154932 0)
(3.000000867 -1.869189163e-06 0)
(3.00022035 -0.000530063224 0)
(3.002304353 -0.005718965545 0)
(3.010132561 -0.02599205842 0)
(3.026335937 -0.07064161184 0)
(3.046868236 -0.1372176345 0)
(3.067788471 -0.2261129204 0)
(3.082476212 -0.2994519473 0)
(3.097562986 -0.3557627668 0)
(3.107655959 -0.4246580961 0)
(3.113208579 -0.4584137367 0)
(3.120732215 -0.4728718435 0)
(3.120087795 -0.5206983863 0)
(3.116369399 -0.5414177746 0)
(3.120746503 -0.5439198155 0)
(3.124245584 -0.576883382 0)
(3.121273353 -0.5980656158 0)
(3.125733978 -0.5971349078 0)
(3.129965524 -0.6136647827 0)
(3.12613356 -0.6353717779 0)
(3.128230442 -0.6357089269 0)
(3.132490794 -0.6395670917 0)
(3.130675504 -0.6598336942 0)
(3.12976146 -0.6643039027 0)
(3.133717498 -0.6626484037 0)
(3.134646522 -0.6764118849 0)
(3.131629086 -0.6856029752 0)
(3.133918566 -0.6842215763 0)
(3.13686238 -0.6890405551 0)
(3.134227712 -0.7006101922 0)
(3.133898798 -0.7020824726 0)
(3.13669892 -0.7013020753 0)
(3.136703751 -0.7105303063 0)
(3.134537093 -0.7155747723 0)
(3.136066932 -0.7146145979 0)
(3.138116008 -0.7181958728 0)
(3.135996044 -0.725573208 0)
(3.000000004 -9.780293536e-09 0)
(3.00000869 -2.10655791e-05 0)
(3.000207417 -0.0005113761672 0)
(3.001754036 -0.0043410859 0)
(3.007454818 -0.0191517271 0)
(3.018328284 -0.04961468594 0)
(3.032023964 -0.09358028708 0)
(3.048479592 -0.1538052169 0)
(3.060400285 -0.1966368522 0)
(3.064695175 -0.2347282883 0)
(3.075758226 -0.298798467 0)
(3.084742162 -0.3306462716 0)
(3.090389067 -0.3647808457 0)
(3.098621183 -0.420222071 0)
(3.105813854 -0.4372248529 0)
(3.110778571 -0.4523839202 0)
(3.113577391 -0.4925812786 0)
(3.116077547 -0.5043443743 0)
(3.119881249 -0.5103834288 0)
(3.121300926 -0.5423284393 0)
(3.120902849 -0.554773357 0)
(3.124334854 -0.5546551759 0)
(3.127182798 -0.5760574265 0)
(3.12532414 -0.5935096468 0)
(3.128103597 -0.5934569974 0)
(3.130670517 -0.6008739687 0)
(3.129202504 -0.620555617 0)
(3.129246275 -0.6239476238 0)
(3.132009294 -0.6236427881 0)
(3.132767624 -0.6390083764 0)
(3.130690016 -0.647539275 0)
(3.132672998 -0.6464413193 0)
(3.134530261 -0.6523224164 0)
(3.132738449 -0.6643777065 0)
(3.132653147 -0.6664565532 0)
(3.134878664 -0.6659694229 0)
(3.135212679 -0.6758351723 0)
(3 -1.998387451e-11 0)
(3.000000212 -5.246784136e-07 0)
(3.000011314 -2.805980335e-05 0)
(3.000181303 -0.0004510222189 0)
(3.001272153 -0.00322803911 0)
(3.005201949 -0.01376258803 0)
(3.01328104 -0.03667726642 0)
(3.025478081 -0.07422107538 0)
(3.04057858 -0.1285380491 0)
(3.052958785 -0.180136072 0)
(3.066444694 -0.2386130799 0)
(3.077007913 -0.295385104 0)
(3.086546412 -0.3317402248 0)
(3.095721778 -0.3725769143 0)
(3.10016593 -0.4061035301 0)
(3.105412726 -0.421715342 0)
(3.109813034 -0.4536093698 0)
(3.109668791 -0.4799555624 0)
(3.114195222 -0.4858101823 0)
(3.119039093 -0.5060704933 0)
(3.117348169 -0.5322517395 0)
(3.119713795 -0.5363112061 0)
(3.124858718 -0.5440489105 0)
(3.123916059 -0.5685100265 0)
(3.12324863 -0.5748229155 0)
(3.127318705 -0.5749262046 0)
(3.128756693 -0.5931981545 0)
(3.125801392 -0.605089747 0)
(3.128344129 -0.6046792288 0)
(3.131757319 -0.6118946817 0)
(3.129381741 -0.6274767119 0)
(3.129177985 -0.6300582731 0)
(3.132512256 -0.6298353281 0)
(3.132891513 -0.6424295213 0)
(3.130355346 -0.6499292264 0)
(3.132083862 -0.6493926173 0)
(3.134626254 -0.6541536211 0)
(3 -1.73117459e-14 0)
(3.000000003 -8.174519106e-09 0)
(3.000000371 -9.215208379e-07 0)
(3.000011512 -2.87778701e-05 0)
(3.000145035 -0.0003679319856 0)
(3.000939674 -0.002422912437 0)
(3.003792447 -0.01011498809 0)
(3.009838896 -0.0271416745 0)
(3.019351528 -0.05590754929 0)
(3.031821695 -0.09607158475 0)
(3.042774657 -0.1341223358 0)
(3.052220736 -0.1750181652 0)
(3.061682581 -0.212715484 0)
(3.06819611 -0.2450210609 0)
(3.075699727 -0.2884591869 0)
(3.082961622 -0.3166598058 0)
(3.088519429 -0.3404491395 0)
(3.095527176 -0.3827392387 0)
(3.100899115 -0.4021218089 0)
(3.105553579 -0.4115169944 0)
(3.108777382 -0.4453687598 0)
(3.109958502 -0.46375682 0)
(3.113856674 -0.4660457053 0)
(3.116413366 -0.4885754738 0)
(3.116010563 -0.5106340152 0)
(3.119113423 -0.5125650177 0)
(3.121806438 -0.5216792948 0)
(3.121571737 -0.5453564145 0)
(3.122122855 -0.5503750834 0)
(3.125104854 -0.5507772125 0)
(3.126324665 -0.5691404953 0)
(3.124641024 -0.580230502 0)
(3.127061872 -0.5798801823 0)
(3.129136955 -0.587144877 0)
(3.127703778 -0.6023847309 0)
(3.127853308 -0.6049642446 0)
(3.130222737 -0.6048168415 0)
(3 5.149633783e-15 0)
(3 -7.92597407e-11 0)
(3.000000008 -1.923805654e-08 0)
(3.00000045 -1.122742336e-06 0)
(3.000010278 -2.585975053e-05 0)
(3.000113249 -0.0002883492668 0)
(3.000699941 -0.001813867074 0)
(3.002787603 -0.007433186183 0)
(3.007526177 -0.02060578281 0)
(3.015654169 -0.04440809463 0)
(3.026358867 -0.07821463852 0)
(3.038132907 -0.1183742418 0)
(3.049992656 -0.1637645573 0)
(3.059969731 -0.20598371 0)
(3.070104789 -0.2505402144 0)
(3.077997608 -0.2911106301 0)
(3.085369615 -0.3164887654 0)
(3.092618148 -0.346731959 0)
(3.095835406 -0.3784008682 0)
(3.099774419 -0.3919257235 0)
(3.104923703 -0.4122149635 0)
(3.105859771 -0.4411937661 0)
(3.108139139 -0.4498544144 0)
(3.113081943 -0.458891101 0)
(3.114246008 -0.4861253594 0)
(3.11382622 -0.496691912 0)
(3.118338813 -0.4988770034 0)
(3.120812113 -0.5182619557 0)
(3.118513396 -0.5328141381 0)
(3.121134815 -0.5336976977 0)
(3.124726006 -0.5422858365 0)
(3.123138386 -0.5607620496 0)
(3.122989093 -0.5648071953 0)
(3.12674484 -0.5657781683 0)
(3.127674527 -0.5807818413 0)
(3.125294935 -0.5896643742 0)
(3.127357198 -0.5895551169 0)
(3 5.089668841e-15 0)
(3 -4.814305945e-13 0)
(3 -2.490713808e-10 0)
(3.000000011 -2.782557235e-08 0)
(3.000000452 -1.128019136e-06 0)
(3.000008573 -2.164333396e-05 0)
(3.00008626 -0.000220160504 0)
(3.000521105 -0.001350527214 0)
(3.002076638 -0.005520107516 0)
(3.005751337 -0.01570192791 0)
(3.012262067 -0.03448856901 0)
(3.021172399 -0.06134877612 0)
(3.031350536 -0.09455346481 0)
(3.041288027 -0.1286358805 0)
(3.049212551 -0.1584789527 0)
(3.056716127 -0.1937183768 0)
(3.064318999 -0.2244801459 0)
(3.06921778 -0.2469295946 0)
(3.075444105 -0.283277896 0)
(3.082321499 -0.3118286326 0)
(3.087901296 -0.3261734553 0)
(3.092815792 -0.3570632846 0)
(3.096699127 -0.3820096401 0)
(3.101390456 -0.388708706 0)
(3.104064366 -0.4095496109 0)
(3.105500331 -0.4354186685 0)
(3.108934799 -0.440556413 0)
(3.111720759 -0.4499591767 0)
(3.11297215 -0.4760815638 0)
(3.11382271 -0.4839557476 0)
(3.116903636 -0.4850190751 0)
(3.118589682 -0.5045692517 0)
(3.117612059 -0.5184745314 0)
(3.120374043 -0.5190865732 0)
(3.122572801 -0.5268700342 0)
(3.121933752 -0.5447788183 0)
(3.122278557 -0.5485634098 0)
(3 5.412817572e-15 0)
(3 1.801289979e-15 0)
(3 -2.039779285e-12 0)
(3 -4.30940475e-10 0)
(3.000000013 -3.142086135e-08 0)
(3.000000405 -1.014979676e-06 0)
(3.000006793 -1.71640144e-05 0)
(3.000064981 -0.0001662089088 0)
(3.000385611 -0.001004182078 0)
(3.001539456 -0.00409222089 0)
(3.004438293 -0.01206955208 0)
(3.009748596 -0.02725360291 0)
(3.017415997 -0.05015389713 0)
(3.027124095 -0.08092248163 0)
(3.036918436 -0.1142112291 0)
(3.046733459 -0.1501566484 0)
(3.056314169 -0.1900455313 0)
(3.063822393 -0.222817214 0)
(3.071846656 -0.2542943625 0)
(3.078618667 -0.2878437213 0)
(3.083801141 -0.3090421702 0)
(3.089596211 -0.3293807089 0)
(3.093255735 -0.3590922262 0)
(3.095653871 -0.3743073071 0)
(3.100406308 -0.3849052136 0)
(3.103317248 -0.4110214515 0)
(3.103657864 -0.425576398 0)
(3.107863016 -0.4297451287 0)
(3.111341568 -0.449070374 0)
(3.110138299 -0.4674797042 0)
(3.112693179 -0.4706706564 0)
(3.116739094 -0.4789567603 0)
(3.116247663 -0.4993058619 0)
(3.116041599 -0.5052382102 0)
(3.119757422 -0.506783287 0)
(3.121466076 -0.5228136802 0)
(3.119407015 -0.5341060198 0)
(3 4.638209578e-15 0)
(3 3.966098239e-15 0)
(3 -1.917157256e-15 0)
(3 -4.216193576e-12 0)
(3 -5.482140959e-10 0)
(3.000000012 -3.052489223e-08 0)
(3.000000339 -8.519699502e-07 0)
(3.000005207 -1.32236629e-05 0)
(3.000047926 -0.0001230981731 0)
(3.00028416 -0.0007404669641 0)
(3.001150264 -0.003054422802 0)
(3.003406974 -0.009263796952 0)
(3.007687621 -0.0213960126 0)
(3.014165816 -0.04043848682 0)
(3.022546516 -0.06620028638 0)
(3.031169533 -0.09357577898 0)
(3.039450283 -0.1229414259 0)
(3.047511557 -0.1527506367 0)
(3.053873736 -0.176652398 0)
(3.059253873 -0.2045877734 0)
(3.065736279 -0.2332545919 0)
(3.071048255 -0.2516126528 0)
(3.07577512 -0.2783351878 0)
(3.081702995 -0.3073893312 0)
(3.087209062 -0.3195865655 0)
(3.09065646 -0.3382165375 0)
(3.09418201 -0.3665964072 0)
(3.097919734 -0.376155628 0)
(3.10064735 -0.3845651093 0)
(3.103153589 -0.4112218977 0)
(3.104580818 -0.423268595 0)
(3.108178894 -0.4258098542 0)
(3.110222521 -0.4445389487 0)
(3.110011816 -0.4614167434 0)
(3.112780935 -0.4633252672 0)
(3.114803689 -0.4705131309 0)
(3.115450976 -0.490619343 0)
(3 3.708434781e-15 0)
(3 5.346083002e-15 0)
(3 1.171906419e-14 0)
(3 -9.340326195e-15 0)
(3 -6.050108879e-12 0)
(3 -5.820391086e-10 0)
(3.000000011 -2.704203523e-08 0)
(3.000000267 -6.749715925e-07 0)
(3.000003883 -9.868685535e-06 0)
(3.000035141 -9.039870511e-05 0)
(3.000208194 -0.0005439780858 0)
(3.000858163 -0.002280041191 0)
(3.002616089 -0.007097454226 0)
(3.006095694 -0.01688534272 0)
(3.011680639 -0.03313224617 0)
(3.019069821 -0.05556599792 0)
(3.027349403 -0.08175838845 0)
(3.036433649 -0.1125023775 0)
(3.04477924 -0.1432470476 0)
(3.052650229 -0.1735366612 0)
(3.060535199 -0.2068516651 0)
(3.066672242 -0.2337104567 0)
(3.073011777 -0.2561930628 0)
(3.078930928 -0.2844900822 0)
(3.08260857 -0.3051441798 0)
(3.087271068 -0.3183964559 0)
(3.091583704 -0.342641256 0)
(3.092999036 -0.3617801575 0)
(3.096787193 -0.3686690883 0)
(3.100863391 -0.3854743678 0)
(3.1012833 -0.406586904 0)
(3.103502271 -0.4126643051 0)
(3.107626863 -0.4206546678 0)
(3.108584079 -0.4421693345 0)
(3.10835413 -0.4508256582 0)
(3.112031837 -0.4528576302 0)
(3.114567765 -0.4683688256 0)
(3 4.93723484e-15 0)
(3 5.331359354e-15 0)
(3 7.909410448e-15 0)
(3 5.057284326e-15 0)
(3 -3.862241845e-14 0)
(3 -7.049526648e-12 0)
(3 -5.440808872e-10 0)
(3.000000009 -2.214084575e-08 0)
(3.000000204 -5.152272929e-07 0)
(3.000002843 -7.24902033e-06 0)
(3.000025397 -6.550880729e-05 0)
(3.000151813 -0.000396684186 0)
(3.000640683 -0.001700419702 0)
(3.002005322 -0.005427539341 0)
(3.004826341 -0.01332494742 0)
(3.009532734 -0.02690915199 0)
(3.015906948 -0.04584395819 0)
(3.023340702 -0.06885478935 0)
(3.031360662 -0.09495766929 0)
(3.038736291 -0.1192402851 0)
(3.045127082 -0.1438153638 0)
(3.051559319 -0.1701178874 0)
(3.057105431 -0.190274241 0)
(3.061321727 -0.2121718248 0)
(3.067171032 -0.2401566737 0)
(3.072756364 -0.2573497101 0)
(3.076416865 -0.2739349842 0)
(3.081425068 -0.3022119765 0)
(3.08594775 -0.3173936678 0)
(3.089563338 -0.3263117082 0)
(3.092680102 -0.3510100929 0)
(3.094878846 -0.3673353352 0)
(3.098546721 -0.3713981459 0)
(3.100719946 -0.3879580724 0)
(3.101921989 -0.4082444243 0)
(3.104713757 -0.4126602513 0)
(3.106979684 -0.4186116938 0)
(3 4.378341437e-15 0)
(3 7.494101377e-16 0)
(3 -1.766107282e-15 0)
(3 -2.813799646e-15 0)
(3 -2.333112349e-15 0)
(3 -5.317642431e-14 0)
(3 -7.003991331e-12 0)
(3 -4.66639213e-10 0)
(3.000000007 -1.732523278e-08 0)
(3.00000015 -3.801425715e-07 0)
(3.000002043 -5.213443989e-06 0)
(3.000018216 -4.7000863e-05 0)
(3.000110316 -0.000288287261 0)
(3.000476945 -0.001266221643 0)
(3.001531605 -0.004138902488 0)
(3.00382494 -0.01052168679 0)
(3.007797723 -0.02189979966 0)
(3.013349697 -0.03825805253 0)
(3.020337029 -0.05960778293 0)
(3.028032493 -0.08422940686 0)
(3.035585346 -0.1095110124 0)
(3.043515673 -0.1381416854 0)
(3.050520617 -0.165843428 0)
(3.056842028 -0.1899738166 0)
(3.063583215 -0.2172220791 0)
(3.068740628 -0.2415121075 0)
(3.073611587 -0.2581443649 0)
(3.078874116 -0.2798569994 0)
(3.082040487 -0.3021348814 0)
(3.085539251 -0.3131345583 0)
(3.0898455 -0.3279942174 0)
(3.091918169 -0.350431046 0)
(3.09384248 -0.359815576 0)
(3.097831385 -0.3669197885 0)
(3.100348282 -0.388051059 0)
(3.100318173 -0.4003144561 0)
(3.103748904 -0.4037789803 0)
(3 2.473826362e-15 0)
(3 3.423088005e-16 0)
(3 -4.393427672e-15 0)
(3 -7.357174702e-15 0)
(3 -7.081183695e-15 0)
(3 -8.921984499e-15 0)
(3 -6.988944967e-14 0)
(3 -6.325537312e-12 0)
(3 -3.73725795e-10 0)
(3.000000005 -1.291207528e-08 0)
(3.000000108 -2.734687988e-07 0)
(3.000001449 -3.7028369e-06 0)
(3.000012941 -3.3433624e-05 0)
(3.000079668 -0.000208354619 0)
(3.000353444 -0.0009377789701 0)
(3.001168659 -0.003149993967 0)
(3.003021112 -0.008288201421 0)
(3.006337198 -0.0177180419 0)
(3.011161154 -0.0317824077 0)
(3.017400993 -0.05062339583 0)
(3.024296998 -0.07191335936 0)
(3.031153689 -0.09406053114 0)
(3.038048057 -0.1181405743 0)
(3.044263692 -0.1393595276 0)
(3.049129873 -0.1589127686 0)
(3.054367532 -0.1829730124 0)
(3.059784808 -0.2027002882 0)
(3.063739239 -0.2185818236 0)
(3.06849072 -0.2433546231 0)
(3.073574084 -0.262810374 0)
(3.077654147 -0.2731752444 0)
(3.081126955 -0.2947177957 0)
(3.084712072 -0.3154141064 0)
(3.08879495 -0.3223816605 0)
(3.091031216 -0.3355566877 0)
(3.093329202 -0.3578429578 0)
(3.096023882 -0.365458699 0)
(3 4.268627313e-15 0)
(3 4.831792164e-15 0)
(3 5.320631305e-15 0)
(3 4.022377416e-15 0)
(3 -2.398280845e-15 0)
(3 -9.552790127e-15 0)
(3 -1.118876131e-14 0)
(3 -6.780303681e-14 0)
(3 -5.202768554e-12 0)
(3 -2.839419754e-10 0)
(3.000000004 -9.34179831e-09 0)
(3.000000076 -1.925960657e-07 0)
(3.000001012 -2.590532042e-06 0)
(3.000009107 -2.353510109e-05 0)
(3.000057273 -0.0001497312382 0)
(3.000260798 -0.0006916145804 0)
(3.000889037 -0.002392383686 0)
(3.002379383 -0.006511388494 0)
(3.005137055 -0.01430777328 0)
(3.009354883 -0.02651579319 0)
(3.014985615 -0.04333316081 0)
(3.02136007 -0.06289483208 0)
(3.028372107 -0.08532831682 0)
(3.035557263 -0.1097648147 0)
(3.042028944 -0.132647933 0)
(3.048706598 -0.157455922 0)
(3.054850235 -0.1827333843 0)
(3.060030001 -0.2024704031 0)
(3.065635375 -0.2231321188 0)
(3.070367275 -0.2464416362 0)
(3.074007001 -0.2615626094 0)
(3.078405506 -0.2754494228 0)
(3.082113634 -0.2974908974 0)
(3.084203615 -0.3110978615 0)
(3.087960941 -0.3188179586 0)
(3.091349943 -0.3375822175 0)
(3.092087727 -0.3529124548 0)
(3 4.074494408e-15 0)
(3 1.049481046e-14 0)
(3 1.286852106e-14 0)
(3 1.21320119e-14 0)
(3 6.383114141e-15 0)
(3 -2.506180469e-15 0)
(3 -6.586774047e-15 0)
(3 -8.369249618e-15 0)
(3 -5.303483327e-14 0)
(3 -4.040431017e-12 0)
(3 -2.066632561e-10 0)
(3.000000003 -6.544254171e-09 0)
(3.000000052 -1.328009444e-07 0)
(3.000000698 -1.788263618e-06 0)
(3.000006362 -1.644764379e-05 0)
(3.000040901 -0.0001069789048 0)
(3.000191397 -0.0005072439541 0)
(3.000674267 -0.001811910012 0)
(3.001864422 -0.005091165828 0)
(3.004150934 -0.01151711631 0)
(3.007804454 -0.02202938377 0)
(3.012772073 -0.03669083308 0)
(3.01855872 -0.05415481778 0)
(3.025006849 -0.0745012813 0)
(3.031502169 -0.09534523808 0)
(3.037305718 -0.114561675 0)
(3.042827984 -0.1357098415 0)
(3.048235954 -0.1556224913 0)
(3.052544191 -0.1714303729 0)
(3.056662527 -0.1919521149 0)
(3.061799971 -0.2131068833 0)
(3.06628556 -0.2259811924 0)
(3.069562578 -0.243353822 0)
(3.074035599 -0.2657806301 0)
(3.078329558 -0.2766552827 0)
(3.081067847 -0.2878713178 0)
(3.084370771 -0.3102801751 0)
(3 1.065601527e-15 0)
(3 4.264810967e-15 0)
(3 3.738599195e-15 0)
(3 4.208794027e-15 0)
(3 5.425426794e-15 0)
(3 3.583166413e-15 0)
(3 -5.273757098e-15 0)
(3 -6.703849087e-15 0)
(3 -6.862736418e-15 0)
(3 -4.507110147e-14 0)
(3 -2.970206527e-12 0)
(3 -1.446114884e-10 0)
(3.000000002 -4.470077989e-09 0)
(3.000000035 -9.011347696e-08 0)
(3.000000476 -1.21969109e-06 0)
(3.000004404 -1.138968947e-05 0)
(3.000029015 -7.589183693e-05 0)
(3.000139699 -0.0003699491607 0)
(3.000509291 -0.001366794275 0)
(3.001453893 -0.003961768224 0)
(3.003344658 -0.00924915454 0)
(3.006499473 -0.01827229402 0)
(3.010880188 -0.03110328198 0)
(3.016246411 -0.04719854418 0)
(3.022469756 -0.06655470321 0)
(3.028731354 -0.08659562481 0)
(3.035048498 -0.1076813235 0)
(3.04152428 -0.131007683 0)
(3.047088046 -0.151790538 0)
(3.052589527 -0.1717765985 0)
(3.058191982 -0.1945829364 0)
(3.062510062 -0.2129370479 0)
(3.066945994 -0.2276481783 0)
(3.071551304 -0.2479408607 0)
(3.074445247 -0.2649484 0)
(3.077985083 -0.2744908583 0)
(3.081911063 -0.2904789729 0)
(3 -1.485023038e-15 0)
(3 -1.973369596e-15 0)
(3 -4.116860115e-15 0)
(3 -5.849003318e-15 0)
(3 -3.177397591e-15 0)
(3 -3.103625131e-15 0)
(3 -4.683174361e-15 0)
(3 -8.582475583e-15 0)
(3 -2.171906316e-15 0)
(3 7.135823329e-16 0)
(3 -2.822245404e-14 0)
(3 -2.073570829e-12 0)
(3 -9.808575283e-11 0)
(3.000000001 -2.984733915e-09 0)
(3.000000024 -6.006294095e-08 0)
(3.00000032 -8.210416079e-07 0)
(3.000003023 -7.8190934e-06 0)
(3.000020436 -5.344022484e-05 0)
(3.000101427 -0.0002683531477 0)
(3.000382679 -0.001025860101 0)
(3.001128316 -0.003067646355 0)
(3.002686259 -0.007407442836 0)
(3.005378627 -0.01506998729 0)
(3.00922356 -0.02622848105 0)
(3.014120987 -0.04080707461 0)
(3.019809417 -0.05820889635 0)
(3.025584844 -0.07606588638 0)
(3.03137963 -0.09517393362 0)
(3.037132466 -0.1148388103 0)
(3.042126054 -0.1313807132 0)
(3.046363369 -0.1488104009 0)
(3.051124683 -0.168661376 0)
(3.055626957 -0.1835961399 0)
(3.058974166 -0.1985302065 0)
(3.063447929 -0.2197480325 0)
(3.06792771 -0.2341561044 0)
(3.071083597 -0.2443262265 0)
(3 8.519208189e-17 0)
(3 -1.928061949e-15 0)
(3 -6.960491909e-15 0)
(3 -1.313531992e-14 0)
(3 -1.349549469e-14 0)
(3 -1.238477655e-14 0)
(3 -7.928689494e-15 0)
(3 -5.95429307e-15 0)
(3 1.639356367e-15 0)
(3 5.221852544e-15 0)
(3 9.754869939e-16 0)
(3 -1.951752855e-14 0)
(3 -1.392353992e-12 0)
(3 -6.452439574e-11 0)
(3.000000001 -1.948961477e-09 0)
(3.000000015 -3.943190784e-08 0)
(3.000000213 -5.464821272e-07 0)
(3.000002057 -5.321667416e-06 0)
(3.00001429 -3.735671622e-05 0)
(3.00007322 -0.0001935557467 0)
(3.000285931 -0.0007656718276 0)
(3.000871158 -0.002363902099 0)
(3.00214912 -0.00591113177 0)
(3.004431476 -0.01237460515 0)
(3.00780617 -0.02210542335 0)
(3.012296871 -0.03537277029 0)
(3.017553478 -0.05130165006 0)
(3.023128389 -0.06855994807 0)
(3.029185462 -0.08819396544 0)
(3.035014643 -0.1079019685 0)
(3.040436043 -0.1265616464 0)
(3.046145304 -0.1475997066 0)
(3.051129543 -0.1674087383 0)
(3.055655571 -0.1834076734 0)
(3.060595802 -0.2020057416 0)
(3.064557131 -0.2209127475 0)
(3.068009865 -0.2333148964 0)
(3 3.07844693e-15 0)
(3 -2.205326091e-17 0)
(3 -2.436898631e-15 0)
(3 -6.613695347e-15 0)
(3 -7.352672686e-15 0)
(3 -6.943643059e-15 0)
(3 -3.483862303e-15 0)
(3 3.042325565e-15 0)
(3 6.91560478e-15 0)
(3 8.368469471e-15 0)
(3 4.025101986e-15 0)
(3 -5.621335041e-15 0)
(3 -2.537911561e-14 0)
(3 -9.143906143e-13 0)
(3 -4.142538632e-11 0)
(3 -1.250255009e-09 0)
(3.00000001 -2.551904098e-08 0)
(3.00000014 -3.59778103e-07 0)
(3.000001388 -3.589653009e-06 0)
(3.00000992 -2.591770029e-05 0)
(3.000052535 -0.0001387793425 0)
(3.00021228 -0.0005677862319 0)
(3.000669461 -0.001812873732 0)
(3.001710723 -0.004694876943 0)
(3.003631594 -0.01010742302 0)
(3.006586439 -0.01857955781 0)
(3.010630936 -0.03045393634 0)
(3.015416606 -0.04474964636 0)
(3.020644999 -0.06076533593 0)
(3.026260433 -0.07865571441 0)
(3.031627945 -0.09564276866 0)
(3.036469236 -0.112031243 0)
(3.04131427 -0.1302491976 0)
(3.0459087 -0.1460823163 0)
(3.049534307 -0.1597905363 0)
(3.053459297 -0.1780411105 0)
(3.05793191 -0.1946790389 0)
(3 1.461953302e-15 0)
(3 -3.417178564e-16 0)
(3 -7.08178168e-16 0)
(3 -2.657906201e-15 0)
(3 -4.826994025e-15 0)
(3 -2.486701333e-15 0)
(3 2.901926426e-15 0)
(3 1.213338963e-14 0)
(3 1.194741651e-14 0)
(3 8.044085921e-15 0)
(3 -5.65111257e-16 0)
(3 -7.61380193e-15 0)
(3 -7.047487757e-15 0)
(3 -1.297154539e-14 0)
(3 -5.814525834e-13 0)
(3 -2.60188832e-11 0)
(3 -7.878163348e-10 0)
(3.000000006 -1.628487602e-08 0)
(3.000000091 -2.342551448e-07 0)
(3.000000928 -2.39936122e-06 0)
(3.000006833 -1.784287818e-05 0)
(3.000037451 -9.885002649e-05 0)
(3.000156608 -0.0004183542163 0)
(3.00051182 -0.001383498065 0)
(3.001354394 -0.003709465329 0)
(3.002961423 -0.008218614227 0)
(3.005541768 -0.01558022989 0)
(3.009166128 -0.02615046736 0)
(3.013546804 -0.03914987575 0)
(3.018593605 -0.05451831013 0)
(3.024053855 -0.07168948108 0)
(3.029330578 -0.0885479337 0)
(3.03478299 -0.1068258026 0)
(3.040162648 -0.1261078259 0)
(3.044862504 -0.1428685029 0)
(3.049699543 -0.1601551946 0)
(3.054406887 -0.1791712022 0)
(3 1.345486429e-15 0)
(3 1.58504366e-15 0)
(3 -3.088455253e-15 0)
(3 -5.08474793e-15 0)
(3 -8.568515981e-15 0)
(3 -4.949864091e-15 0)
(3 3.611392551e-15 0)
(3 7.917600619e-15 0)
(3 7.505319128e-15 0)
(3 3.1362757e-15 0)
(3 -2.808572644e-15 0)
(3 -5.340734873e-15 0)
(3 -2.471385534e-15 0)
(3 3.797475434e-16 0)
(3 -4.044912926e-15 0)
(3 -3.541308028e-13 0)
(3 -1.596943981e-11 0)
(3 -4.879229342e-10 0)
(3.000000004 -1.025150244e-08 0)
(3.000000059 -1.508806096e-07 0)
(3.000000614 -1.588708088e-06 0)
(3.000004671 -1.219079344e-05 0)
(3.000026511 -6.992410306e-05 0)
(3.000114783 -0.0003062355292 0)
(3.000389117 -0.001050233928 0)
(3.001065537 -0.002912823208 0)
(3.002404145 -0.00665285591 0)
(3.004642033 -0.01301213208 0)
(3.007855453 -0.02232063498 0)
(3.011855399 -0.03409421083 0)
(3.016579446 -0.04838722479 0)
(3.021645372 -0.06396946267 0)
(3.026603885 -0.0794034769 0)
(3.031616502 -0.09613783849 0)
(3.036489055 -0.1124587493 0)
(3.040689283 -0.1263708287 0)
(3.044529598 -0.1419849245 0)
(3 1.880218033e-15 0)
(3 4.398597195e-15 0)
(3 2.705145825e-15 0)
(3 -1.11054059e-15 0)
(3 -7.908568837e-16 0)
(3 -1.953356916e-15 0)
(3 -9.981254524e-17 0)
(3 1.570172512e-15 0)
(3 1.595696598e-15 0)
(3 -1.874375424e-15 0)
(3 -4.654424849e-15 0)
(3 -1.549029382e-15 0)
(3 1.116816695e-15 0)
(3 -1.641399064e-15 0)
(3 2.805881925e-15 0)
(3 -6.015093499e-16 0)
(3 -2.067533326e-13 0)
(3 -9.608097084e-12 0)
(3 -2.97356454e-10 0)
(3.000000002 -6.368082699e-09 0)
(3.000000037 -9.613093926e-08 0)
(3.000000403 -1.042176527e-06 0)
(3.000003168 -8.262674276e-06 0)
(3.000018626 -4.909093844e-05 0)
(3.000083561 -0.0002226569301 0)
(3.000294057 -0.0007924639832 0)
(3.000833106 -0.002273014524 0)
(3.001942532 -0.005361626254 0)
(3.003870715 -0.01081944869 0)
(3.006704669 -0.01898253549 0)
(3.010368601 -0.02970813509 0)
(3.014814554 -0.04305144869 0)
(3.019589103 -0.05763161969 0)
(3.024537171 -0.07309206242 0)
(3.029789778 -0.09027670381 0)
(3.0346965 -0.1067139083 0)
(3.039402975 -0.1227198748 0)
(3 -3.274475664e-16 0)
(3 3.754887766e-15 0)
(3 5.568543886e-15 0)
(3 7.012362052e-15 0)
(3 1.172755649e-14 0)
(3 5.665361577e-15 0)
(3 1.577834358e-16 0)
(3 -9.477022687e-16 0)
(3 -1.152634067e-15 0)
(3 -3.79795069e-16 0)
(3 -6.729877049e-15 0)
(3 -3.761317501e-15 0)
(3 9.452994702e-16 0)
(3 2.346224027e-15 0)
(3 1.454422125e-15 0)
(3 3.808818486e-16 0)
(3 1.114331725e-15 0)
(3 -1.132654069e-13 0)
(3 -5.660246092e-12 0)
(3 -1.783444651e-10 0)
(3.000000002 -3.904806253e-09 0)
(3.000000024 -6.056880599e-08 0)
(3.000000262 -6.770138952e-07 0)
(3.000002131 -5.553964887e-06 0)
(3.000012985 -3.41917356e-05 0)
(3.00006043 -0.0001608013683 0)
(3.000220775 -0.0005941462315 0)
(3.000647307 -0.001762586172 0)
(3.001561931 -0.004301082049 0)
(3.003208629 -0.008945919189 0)
(3.005697271 -0.01607185403 0)
(3.009034416 -0.02579305017 0)
(3.01313452 -0.03800061597 0)
(3.017590941 -0.05141691527 0)
(3.022307325 -0.0660582308 0)
(3.02719912 -0.08170328635 0)
(3.031765929 -0.09609043645 0)
(3 1.25445813e-15 0)
(3 8.138345318e-16 0)
(3 2.086171898e-15 0)
(3 8.120166812e-15 0)
(3 9.04307639e-15 0)
(3 5.08257828e-15 0)
(3 -4.875861271e-15 0)
(3 -7.955133069e-15 0)
(3 -6.864214539e-15 0)
(3 -3.241277465e-15 0)
(3 -3.841511564e-16 0)
(3 -4.654857433e-15 0)
(3 -4.709622253e-15 0)
(3 -3.185410913e-15 0)
(3 -4.375870806e-15 0)
(3 -5.399362477e-15 0)
(3 1.150963755e-15 0)
(3 6.978652157e-15 0)
(3 -6.489096994e-14 0)
(3 -3.290775466e-12 0)
(3 -1.053486135e-10 0)
(3.000000001 -2.363401202e-09 0)
(3.000000015 -3.774270488e-08 0)
(3.000000169 -4.356027081e-07 0)
(3.000001421 -3.702037219e-06 0)
(3.000008982 -2.362858202e-05 0)
(3.000043398 -0.0001153333604 0)
(3.000164623 -0.0004424139709 0)
(3.000499803 -0.001358357552 0)
(3.001249178 -0.003432455461 0)
(3.002644763 -0.007355366529 0)
(3.004822089 -0.01356073185 0)
(3.007851911 -0.02234375107 0)
(3.011620022 -0.03348377925 0)
(3.015823143 -0.04608501958 0)
(3.020475063 -0.06043104988 0)
(3.025268137 -0.07559395325 0)
(3 6.669778669e-17 0)
(3 -5.343284102e-16 0)
(3 2.39023656e-15 0)
(3 3.463235071e-15 0)
(3 5.423678516e-16 0)
(3 -3.735059263e-16 0)
(3 -5.113727295e-15 0)
(3 -1.317205702e-14 0)
(3 -1.692954133e-14 0)
(3 -1.187312883e-14 0)
(3 -2.368571112e-15 0)
(3 2.331980459e-16 0)
(3 -3.176379947e-15 0)
(3 -1.2233317e-14 0)
(3 -1.408515001e-14 0)
(3 -1.28084881e-14 0)
(3 -3.616593528e-15 0)
(3 1.028470045e-14 0)
(3 1.407764603e-14 0)
(3 -3.030842799e-14 0)
(3 -1.861924014e-12 0)
(3 -6.131281023e-11 0)
(3.000000001 -1.413079311e-09 0)
(3.000000009 -2.326632806e-08 0)
(3.000000108 -2.776568934e-07 0)
(3.00000094 -2.446486314e-06 0)
(3.000006164 -1.619762645e-05 0)
(3.000030943 -8.213588686e-05 0)
(3.000121864 -0.0003270467822 0)
(3.000383526 -0.00104038667 0)
(3.000993158 -0.002723816355 0)
(3.002166827 -0.006011631491 0)
(3.004064739 -0.01139771866 0)
(3.006789626 -0.01926453573 0)
(3.01022854 -0.02935168824 0)
(3.014173415 -0.0411017241 0)
(3.018583486 -0.05459959405 0)
(3 -2.208499757e-15 0)
(3 -7.225759428e-16 0)
(3 3.624200791e-15 0)
(3 4.827604986e-16 0)
(3 -9.655359242e-16 0)
(3 1.354201956e-15 0)
(3 -1.759879748e-17 0)
(3 -4.291249651e-15 0)
(3 -3.643434955e-15 0)
(3 -3.952006687e-15 0)
(3 1.252121724e-15 0)
(3 4.889025477e-15 0)
(3 1.738676665e-15 0)
(3 -5.983320489e-15 0)
(3 -1.061726264e-14 0)
(3 -1.030083087e-14 0)
(3 -6.427930177e-15 0)
(3 7.795085246e-15 0)
(3 1.038072837e-14 0)
(3 2.993666118e-15 0)
(3 -2.279656385e-14 0)
(3 -1.055654893e-12 0)
(3 -3.519937863e-11 0)
(3 -8.345610398e-10 0)
(3.000000006 -1.418601701e-08 0)
(3.000000068 -1.752569573e-07 0)
(3.000000616 -1.602287136e-06 0)
(3.000004195 -1.101262124e-05 0)
(3.000021897 -5.805671774e-05 0)
(3.000089545 -0.0002399810735 0)
(3.000292386 -0.0007917924592 0)
(3.000784619 -0.002148043167 0)
(3.001764953 -0.004885469218 0)
(3.003411223 -0.0095403199 0)
(3.005844738 -0.01653510744 0)
(3.008976145 -0.02566859991 0)
(3.012698123 -0.03670359239 0)
(3 5.122727038e-16 0)
(3 1.612415809e-16 0)
(3 3.451897554e-16 0)
(3 1.172142417e-15 0)
(3 1.007584295e-15 0)
(3 3.520683115e-15 0)
(3 2.136810679e-15 0)
(3 -1.606742459e-15 0)
(3 8.112714629e-16 0)
(3 7.374158206e-16 0)
(3 3.221061011e-16 0)
(3 -1.887643434e-15 0)
(3 -2.785852594e-15 0)
(3 -3.55512699e-15 0)
(3 -3.790770678e-15 0)
(3 -3.1955134e-15 0)
(3 -2.613412395e-15 0)
(3 5.16258694e-15 0)
(3 6.11283795e-15 0)
(3 4.998696244e-15 0)
(3 -8.14754536e-16 0)
(3 -1.635999434e-14 0)
(3 -5.815254459e-13 0)
(3 -1.990297303e-11 0)
(3 -4.865883865e-10 0)
(3.000000003 -8.551581104e-09 0)
(3.000000042 -1.095180208e-07 0)
(3.0000004 -1.039640245e-06 0)
(3.000002831 -7.424423675e-06 0)
(3.000015373 -4.071367503e-05 0)
(3.0000653 -0.0001747548278 0)
(3.000221413 -0.0005986153329 0)
(3.000615645 -0.001682539542 0)
(3.001429434 -0.003947681327 0)
(3.002848849 -0.00794855765 0)
(3.005003576 -0.01411620779 0)
(3.007848353 -0.0223651678 0)
(3 3.227383943e-15 0)
(3 5.188294878e-16 0)
(3 -2.465398526e-15 0)
(3 5.671794744e-16 0)
(3 3.442993528e-15 0)
(3 4.993371834e-15 0)
(3 4.13666686e-15 0)
(3 3.958182799e-15 0)
(3 4.043904738e-15 0)
(3 5.542467157e-15 0)
(3 4.842395768e-15 0)
(3 -2.065999107e-16 0)
(3 7.788673681e-16 0)
(3 1.030045417e-15 0)
(3 -1.388797511e-15 0)
(3 -1.346649016e-15 0)
(3 -1.308896513e-15 0)
(3 1.4714633e-15 0)
(3 6.947169401e-15 0)
(3 6.448832345e-15 0)
(3 5.241290405e-15 0)
(3 -1.949555268e-15 0)
(3 -9.367240796e-15 0)
(3 -3.192746335e-13 0)
(3 -1.110757221e-11 0)
(3 -2.801194924e-10 0)
(3.000000002 -5.09624171e-09 0)
(3.000000026 -6.773389252e-08 0)
(3.000000257 -6.68146027e-07 0)
(3.000001894 -4.96194183e-06 0)
(3.000010704 -2.831516216e-05 0)
(3.000047256 -0.0001262807387 0)
(3.000166499 -0.0004494251205 0)
(3.000479741 -0.001308793646 0)
(3.001150932 -0.003171701445 0)
(3.002366579 -0.006587965945 0)
(3.004262087 -0.01199165853 0)
(3 2.035227939e-15 0)
(3 7.784193857e-16 0)
(3 -1.598107723e-15 0)
(3 -4.329305934e-15 0)
(3 -1.043856071e-15 0)
(3 2.162420516e-15 0)
(3 6.535993413e-15 0)
(3 7.908270596e-15 0)
(3 6.13580768e-15 0)
(3 5.336301473e-15 0)
(3 7.140825021e-15 0)
(3 7.766329808e-15 0)
(3 7.661954797e-15 0)
(3 6.438236524e-15 0)
(3 3.577986301e-15 0)
(3 3.248624436e-15 0)
(3 3.033962762e-15 0)
(3 1.951735945e-15 0)
(3 2.286597155e-15 0)
(3 4.561541107e-16 0)
(3 -5.102900257e-15 0)
(3 -7.901924102e-15 0)
(3 -1.418211591e-14 0)
(3 -6.50267042e-15 0)
(3 -1.639123639e-13 0)
(3 -6.092686389e-12 0)
(3 -1.591900201e-10 0)
(3.000000001 -3.002562059e-09 0)
(3.000000016 -4.145820836e-08 0)
(3.000000164 -4.252607371e-07 0)
(3.000001256 -3.287318886e-06 0)
(3.000007391 -1.952633872e-05 0)
(3.000033937 -9.055047827e-05 0)
(3.000124298 -0.0003349884979 0)
(3.000371223 -0.001010918345 0)
(3.000921259 -0.002533458539 0)
(3.001954362 -0.005428895842 0)
(3 2.670338014e-16 0)
(3 -5.07926251e-17 0)
(3 -1.145611904e-15 0)
(3 -4.495456685e-15 0)
(3 -4.475023721e-15 0)
(3 5.02188528e-16 0)
(3 2.911039997e-15 0)
(3 -4.078099427e-16 0)
(3 -2.135329814e-15 0)
(3 1.171590328e-15 0)
(3 8.715660151e-15 0)
(3 1.126165906e-14 0)
(3 7.696214279e-15 0)
(3 5.675569998e-15 0)
(3 6.786657849e-15 0)
(3 7.20336993e-15 0)
(3 7.804934389e-15 0)
(3 5.12637606e-15 0)
(3 -2.033384706e-16 0)
(3 -8.308677053e-15 0)
(3 -1.676206796e-14 0)
(3 -1.794649194e-14 0)
(3 -2.108327225e-14 0)
(3 -1.900549339e-15 0)
(3 7.505203498e-15 0)
(3 -7.731217086e-14 0)
(3 -3.288345009e-12 0)
(3 -8.936481567e-11 0)
(3.000000001 -1.749503354e-09 0)
(3.00000001 -2.511823559e-08 0)
(3.000000103 -2.681071076e-07 0)
(3.000000826 -2.158764753e-06 0)
(3.00000506 -1.335169957e-05 0)
(3.000024182 -6.442577714e-05 0)
(3.000092102 -0.0002478283377 0)
(3.000285226 -0.0007753385276 0)
(3.000732898 -0.002011527502 0)
(3 -2.008952643e-15 0)
(3 -7.294356676e-16 0)
(3 -8.348542124e-16 0)
(3 -2.31495147e-16 0)
(3 -6.077983162e-16 0)
(3 6.34408009e-16 0)
(3 -7.375606408e-16 0)
(3 -4.451113479e-15 0)
(3 -5.223608471e-15 0)
(3 8.134102002e-17 0)
(3 6.072054253e-15 0)
(3 9.453937471e-15 0)
(3 6.633255863e-15 0)
(3 6.698609353e-15 0)
(3 1.039268655e-14 0)
(3 1.098828608e-14 0)
(3 8.604650929e-15 0)
(3 7.382230228e-15 0)
(3 -7.75870834e-15 0)
(3 -1.580578387e-14 0)
(3 -2.263933039e-14 0)
(3 -2.299424427e-14 0)
(3 -1.785278791e-14 0)
(3 9.765650207e-16 0)
(3 5.963233874e-15 0)
(3 3.270243132e-15 0)
(3 -4.241773832e-14 0)
(3 -1.755592391e-12 0)
(3 -4.955235941e-11 0)
(3 -1.008268779e-09 0)
(3.000000006 -1.506344915e-08 0)
(3.000000065 -1.674239654e-07 0)
(3.000000538 -1.40496823e-06 0)
(3.000003435 -9.051329611e-06 0)
(3.000017094 -4.547525896e-05 0)
(3.000067717 -0.0001819404206 0)
(3.000217591 -0.0005904453771 0)
(3 -1.757197037e-15 0)
(3 -1.375338199e-15 0)
(3 1.128961232e-15 0)
(3 4.059862401e-15 0)
(3 2.180858863e-15 0)
(3 -2.357730923e-15 0)
(3 -2.189619075e-15 0)
(3 -1.536794097e-16 0)
(3 1.652875945e-15 0)
(3 6.407590341e-15 0)
(3 8.063600981e-15 0)
(3 8.510807415e-15 0)
(3 8.301247078e-15 0)
(3 9.530676182e-15 0)
(3 1.152753824e-14 0)
(3 8.419338081e-15 0)
(3 6.480384299e-15 0)
(3 -2.35312353e-15 0)
(3 -1.200280836e-14 0)
(3 -1.74345647e-14 0)
(3 -1.774600447e-14 0)
(3 -8.092518172e-15 0)
(3 1.829214772e-15 0)
(3 1.58134595e-15 0)
(3 -3.151092245e-15 0)
(3 -1.074958423e-15 0)
(3 -5.786192185e-15 0)
(3 -3.267970423e-14 0)
(3 -9.528980248e-13 0)
(3 -2.720880046e-11 0)
(3 -5.746929465e-10 0)
(3.000000003 -8.938912623e-09 0)
(3.00000004 -1.03528476e-07 0)
(3.000000347 -9.058921267e-07 0)
(3.000002311 -6.082277474e-06 0)
(3.000011983 -3.183590033e-05 0)
(3.00004939 -0.000132504972 0)
(3 4.051706491e-16 0)
(3 9.470917991e-16 0)
(3 3.508807602e-15 0)
(3 4.247672778e-15 0)
(3 -1.691689748e-15 0)
(3 -7.149891878e-15 0)
(3 -7.892592076e-15 0)
(3 -1.712569288e-15 0)
(3 3.132282276e-15 0)
(3 5.752221481e-15 0)
(3 6.852215084e-15 0)
(3 6.027829485e-15 0)
(3 9.913199276e-15 0)
(3 1.367415311e-14 0)
(3 1.138186296e-14 0)
(3 5.307179808e-15 0)
(3 -3.237034775e-16 0)
(3 -7.714622116e-15 0)
(3 -1.370270498e-14 0)
(3 -1.844963339e-14 0)
(3 -1.996521817e-14 0)
(3 -1.677423994e-15 0)
(3 6.9774151e-15 0)
(3 8.825592991e-15 0)
(3 7.794447811e-16 0)
(3 3.289494852e-16 0)
(3 -3.585133668e-15 0)
(3 -1.717488572e-15 0)
(3 -1.209802928e-14 0)
(3 -4.813280216e-13 0)
(3 -1.468950704e-11 0)
(3 -3.235936685e-10 0)
(3.000000002 -5.245773545e-09 0)
(3.000000025 -6.33641048e-08 0)
(3.000000222 -5.78449224e-07 0)
(3.000001541 -4.049902329e-06 0)
(3.000008329 -2.209746768e-05 0)
(3 -1.482874074e-15 0)
(3 4.88748424e-16 0)
(3 -2.821298618e-16 0)
(3 -4.913981656e-15 0)
(3 -7.387107039e-15 0)
(3 -1.088848977e-14 0)
(3 -1.718391724e-15 0)
(3 4.827955646e-15 0)
(3 5.007621761e-15 0)
(3 3.951857152e-15 0)
(3 7.037690452e-16 0)
(3 3.326890799e-15 0)
(3 1.188686863e-14 0)
(3 1.490449212e-14 0)
(3 1.522202713e-14 0)
(3 6.238285961e-15 0)
(3 -8.156035757e-15 0)
(3 -9.274348245e-15 0)
(3 -1.306654783e-14 0)
(3 -1.272887765e-14 0)
(3 -1.043571317e-14 0)
(3 -9.844558863e-16 0)
(3 7.448709233e-15 0)
(3 1.096152213e-14 0)
(3 7.568183374e-15 0)
(3 4.619784435e-15 0)
(3 -1.054107666e-15 0)
(3 -5.207299447e-15 0)
(3 -4.014914366e-15 0)
(3 -1.036766783e-14 0)
(3 -2.548420509e-13 0)
(3 -7.851634479e-12 0)
(3 -1.799979365e-10 0)
(3.000000001 -3.043341276e-09 0)
(3.000000015 -3.836905942e-08 0)
(3.00000014 -3.656712578e-07 0)
(3.000001017 -2.671446338e-06 0)
(3 -3.333113417e-15 0)
(3 -5.203323406e-15 0)
(3 -7.65466592e-15 0)
(3 -1.006912316e-14 0)
(3 -9.611575873e-15 0)
(3 -3.587158057e-15 0)
(3 6.126963061e-16 0)
(3 7.461604551e-15 0)
(3 5.971761637e-15 0)
(3 -1.103710274e-15 0)
(3 -2.214571208e-15 0)
(3 2.11213972e-15 0)
(3 7.257123044e-15 0)
(3 8.364156465e-15 0)
(3 1.793018151e-15 0)
(3 -9.253265481e-15 0)
(3 -1.226993512e-14 0)
(3 -8.393913191e-15 0)
(3 -8.299645326e-15 0)
(3 -2.7254298e-15 0)
(3 -2.785631095e-15 0)
(3 -1.483699237e-15 0)
(3 1.36406009e-15 0)
(3 6.041131019e-15 0)
(3 8.66765112e-15 0)
(3 1.216302164e-15 0)
(3 -5.676204471e-15 0)
(3 -1.296574078e-14 0)
(3 -1.342751035e-14 0)
(3 -1.022962556e-14 0)
(3 -6.913345307e-15 0)
(3 -1.191464377e-13 0)
(3 -4.116302149e-12 0)
(3 -9.884998575e-11 0)
(3.000000001 -1.745259358e-09 0)
(3.000000009 -2.298466436e-08 0)
(3.000000088 -2.288197922e-07 0)
(3 -4.001058303e-15 0)
(3 -7.140732913e-15 0)
(3 -5.479770811e-15 0)
(3 -4.279965685e-15 0)
(3 -3.055580675e-15 0)
(3 -2.680397767e-15 0)
(3 -2.376820699e-15 0)
(3 -3.32975297e-15 0)
(3 -2.612683689e-15 0)
(3 -3.050296077e-15 0)
(3 -2.9605736e-15 0)
(3 -2.206269321e-15 0)
(3 6.903113475e-15 0)
(3 1.205037474e-14 0)
(3 2.39979093e-15 0)
(3 -4.913102253e-15 0)
(3 -8.909105738e-15 0)
(3 -4.173833698e-15 0)
(3 -2.333099576e-15 0)
(3 1.6080631e-15 0)
(3 7.897479286e-16 0)
(3 2.580249857e-15 0)
(3 1.464975589e-15 0)
(3 2.78985934e-15 0)
(3 7.375712815e-15 0)
(3 8.545175888e-15 0)
(3 1.865781931e-15 0)
(3 -8.5557266e-15 0)
(3 -1.329731832e-14 0)
(3 -1.547762841e-14 0)
(3 -1.079200948e-14 0)
(3 1.124563541e-14 0)
(3 -4.15739701e-14 0)
(3 -2.135521348e-12 0)
(3 -5.366286769e-11 0)
(3 -9.895989514e-10 0)
(3.000000005 -1.362224593e-08 0)
(3 -4.170245946e-15 0)
(3 -4.124592521e-15 0)
(3 -2.223054739e-15 0)
(3 2.195244363e-15 0)
(3 5.024585992e-15 0)
(3 5.450507446e-15 0)
(3 2.057791322e-15 0)
(3 -1.915623137e-15 0)
(3 -1.393313032e-15 0)
(3 4.051877761e-15 0)
(3 3.537014644e-15 0)
(3 5.054929875e-15 0)
(3 1.023677605e-14 0)
(3 5.68855038e-15 0)
(3 -1.073952898e-15 0)
(3 -2.135014229e-15 0)
(3 -3.75119464e-15 0)
(3 -4.357275553e-15 0)
(3 -3.773420045e-15 0)
(3 -2.817442247e-16 0)
(3 5.794728407e-15 0)
(3 8.794669844e-15 0)
(3 5.618153749e-15 0)
(3 4.578088397e-15 0)
(3 3.694052471e-15 0)
(3 5.618890763e-15 0)
(3 -4.173171853e-15 0)
(3 -1.349168449e-14 0)
(3 -1.762236306e-14 0)
(3 -2.292793513e-14 0)
(3 -1.072364598e-14 0)
(3 1.384550564e-14 0)
(3 1.569884963e-14 0)
(3 -2.387375934e-14 0)
(3 -1.112645628e-12 0)
(3 -2.880362726e-11 0)
(3 -5.548376626e-10 0)
(3 -3.263041785e-15 0)
(3 -1.671405625e-15 0)
(3 2.292914437e-15 0)
(3 4.287369798e-15 0)
(3 8.34074541e-15 0)
(3 8.051146555e-15 0)
(3 7.450571942e-15 0)
(3 8.883258e-15 0)
(3 6.835636363e-15 0)
(3 4.667641584e-15 0)
(3 8.079179162e-16 0)
(3 1.537160437e-15 0)
(3 2.045220991e-15 0)
(3 -4.331640578e-16 0)
(3 -3.880430004e-15 0)
(3 -2.393660005e-15 0)
(3 -5.349623723e-15 0)
(3 -8.345354114e-15 0)
(3 -7.922787766e-15 0)
(3 -3.12688117e-15 0)
(3 1.170081357e-14 0)
(3 9.539628758e-15 0)
(3 8.4026636e-15 0)
(3 1.054680275e-14 0)
(3 8.597009914e-15 0)
(3 -3.622945195e-16 0)
(3 -1.436919333e-14 0)
(3 -1.682240304e-14 0)
(3 -2.074468226e-14 0)
(3 -2.04810159e-14 0)
(3 6.800733268e-16 0)
(3 1.18063043e-14 0)
(3 1.706981955e-14 0)
(3 1.805792587e-14 0)
)
;

boundaryField
{
    inlet
    {
        type            fixedValue;
        value           nonuniform 0();
    }
    outlet
    {
        type            inletOutlet;
        inletValue      nonuniform 0();
        value           nonuniform 0();
    }
    bottom
    {
        type            slip;
    }
    top
    {
        type            slip;
    }
    obstacle
    {
        type            slip;
    }
    defaultFaces
    {
        type            empty;
    }
    procBoundary27to20
    {
        type            processor;
        value           nonuniform List<vector> 
32
(
(3 1.997199961e-15 0)
(3 -8.527026341e-16 0)
(3 -8.770834185e-16 0)
(3 -1.388111996e-15 0)
(3 -1.303443206e-15 0)
(3 1.319819424e-15 0)
(3 3.205205864e-15 0)
(3 1.647416518e-15 0)
(3 1.63579912e-15 0)
(3 4.37106492e-15 0)
(3 4.877434227e-15 0)
(3 4.156544866e-15 0)
(3 5.641254643e-15 0)
(3 6.102300258e-15 0)
(3 4.268284014e-15 0)
(3 4.715516837e-15 0)
(3 4.870137253e-15 0)
(3 2.063238219e-15 0)
(3 -1.560260723e-16 0)
(3 5.736620649e-16 0)
(3 4.396863732e-16 0)
(3 -9.724687648e-16 0)
(3 -1.351704241e-15 0)
(3 -1.13612775e-15 0)
(3 -1.820827052e-16 0)
(3 1.970039615e-15 0)
(3 4.592208913e-16 0)
(3 -7.089439292e-16 0)
(3 1.009039914e-15 0)
(3 9.831565774e-16 0)
(3 7.44572407e-16 0)
(3 2.839982385e-16 0)
)
;
    }
    procBoundary27to21
    {
        type            processor;
        value           nonuniform List<vector> 
35
(
(3.136366494 -0.8293391272 0)
(3.136263498 -0.8261173803 0)
(3.116288782 -0.4899040401 0)
(3.000012718 -0.09688654733 0)
(2.963306524 -0.01239932854 0)
(3.101093154 -0.810045705 0)
(3.153447507 -0.8312269507 0)
(3.261947601 -0.8680885588 0)
(3.394954925 -0.86183002 0)
(3.362031968 -0.884008832 0)
(3.220854727 -0.8596679857 0)
(3.120580099 -0.8404544745 0)
(3.053546717 -0.8076998277 0)
(3.044348654 -0.8035234178 0)
(3.055800618 -0.806682479 0)
(3.070066003 -0.8153713024 0)
(3.083235218 -0.8202885047 0)
(3.098673491 -0.8210604576 0)
(3.11100395 -0.8219122244 0)
(3.119046195 -0.8266956606 0)
(3.12815388 -0.8293490192 0)
(3.13333832 -0.8285376236 0)
(3.133591324 -0.8286516016 0)
(3.133291834 -0.8296316985 0)
(3.13413427 -0.8287100753 0)
(3.134040113 -0.8275420555 0)
(3.133520784 -0.8277751689 0)
(3.134397246 -0.8285862745 0)
(3.135159386 -0.828316728 0)
(3.134703145 -0.8284497869 0)
(3.134585504 -0.8293159102 0)
(3.135894659 -0.8289057878 0)
(3.13604027 -0.8282832507 0)
(3.135695661 -0.828506466 0)
(3.135695661 -0.828506466 0)
)
;
    }
    procBoundary27to26
    {
        type            processor;
        value           nonuniform List<vector> 8((3 -4.531609922e-16 0) (3 -1.024957131e-15 0) (3 -3.249224479e-16 0) (3 9.362433074e-16 0) (3 -5.719981935e-16 0) (3 -2.479470519e-15 0) (3 -3.178093238e-15 0) (3 -2.160281669e-15 0));
    }
    procBoundary27to28
    {
        type            processor;
        value           nonuniform List<vector> 
55
(
(2.956428335 -0.004102122157 0)
(2.957611712 0.004554563074 0)
(2.963288681 0.02889438408 0)
(2.971393611 0.01839011456 0)
(2.983623576 -0.05067335236 0)
(2.983623576 -0.05067335236 0)
(2.959461923 -0.003360022848 0)
(2.972411633 -0.03848613632 0)
(2.997341281 -0.08197082392 0)
(3.023470375 -0.08135112805 0)
(3.040370383 -0.1945450369 0)
(3.154346978 -0.5023553543 0)
(3.135148692 -0.6598847506 0)
(3.13647398 -0.816261758 0)
(3.13647398 -0.816261758 0)
(3.143061212 -0.4734195091 0)
(3.130958827 -0.678957668 0)
(3.13689599 -0.8186630841 0)
(3.138267405 -0.829546648 0)
(3.138441654 -0.8315347139 0)
(3.139067864 -0.8297582871 0)
(3.138517602 -0.8276841264 0)
(3.137180061 -0.825420892 0)
(3.135043827 -0.8233780912 0)
(3.135043827 -0.8233780912 0)
(3.097061947 -0.8047695411 0)
(3.147213162 -0.7907943916 0)
(3.136529637 -0.7426128305 0)
(3.135584433 -0.726303292 0)
(3.133363047 -0.6821062556 0)
(3.132702537 -0.6646381773 0)
(3.13095638 -0.6175186937 0)
(3.130126788 -0.5953417535 0)
(3.124784011 -0.5486472362 0)
(3.121537666 -0.5350461037 0)
(3.115829191 -0.4965496513 0)
(3.113018243 -0.4822440375 0)
(3.108256024 -0.4396230305 0)
(3.106913227 -0.4177527161 0)
(3.09865575 -0.3707831416 0)
(3.095104736 -0.3578348074 0)
(3.087206025 -0.3216511168 0)
(3.083824802 -0.3084846053 0)
(3.074568991 -0.2645397459 0)
(3.072038144 -0.2472148476 0)
(3.061641133 -0.2058671657 0)
(3.058214475 -0.194015927 0)
(3.048754161 -0.1584638842 0)
(3.044304953 -0.1406732567 0)
(3.035957374 -0.1104856939 0)
(3.029857298 -0.09027836291 0)
(3.023088921 -0.06850297826 0)
(3.016913197 -0.0494962474 0)
(3.011326699 -0.0326305805 0)
(3.006840461 -0.01943446591 0)
)
;
    }
    procBoundary27to33
    {
        type            processor;
        value           nonuniform List<vector> 
38
(
(3 -5.446952254e-15 0)
(3 -5.476853006e-13 0)
(3 -1.522901268e-11 0)
(3 -2.682324431e-15 0)
(3 -5.984612371e-16 0)
(3 8.714690602e-16 0)
(3 3.358402079e-15 0)
(3 4.328803984e-15 0)
(3 6.258102284e-15 0)
(3 7.126694105e-15 0)
(3 9.375872154e-15 0)
(3 1.154552589e-14 0)
(3 6.545205833e-15 0)
(3 1.289366439e-15 0)
(3 -1.495580952e-15 0)
(3 -3.886006038e-15 0)
(3 -2.899176032e-15 0)
(3 -5.060110681e-17 0)
(3 -1.801137375e-15 0)
(3 -5.935058842e-15 0)
(3 -7.34003758e-15 0)
(3 -8.161287566e-16 0)
(3 1.2619223e-15 0)
(3 1.268904923e-14 0)
(3 1.18027339e-14 0)
(3 8.706891738e-15 0)
(3 7.755626405e-15 0)
(3 1.082129184e-14 0)
(3 -3.411380861e-15 0)
(3 -1.585131411e-14 0)
(3 -1.902795409e-14 0)
(3 -1.90140677e-14 0)
(3 -1.457440223e-14 0)
(3 4.0742504e-16 0)
(3 7.7494503e-15 0)
(3 1.090772479e-14 0)
(3 -5.446952254e-15 0)
(3 1.707841931e-14 0)
)
;
    }
    procBoundary27to34
    {
        type            processor;
        value           nonuniform List<vector> 9((3.003612042 -0.01013560274 0) (3.00160412 -0.004446755323 0) (3.000579238 -0.001586937837 0) (3.000164791 -0.0004464249532 0) (3.000035727 -9.570618802e-05 0) (3.000005738 -1.52022707e-05 0) (3.000000666 -1.745575132e-06 0) (3.000000055 -1.417345854e-07 0) (3.000000003 -7.987216186e-09 0));
    }
}


// ************************************************************************* //
