/*--------------------------------*- C++ -*----------------------------------*\
  =========                 |
  \\      /  F ield         | OpenFOAM: The Open Source CFD Toolbox
   \\    /   O peration     | Website:  https://openfoam.org
    \\  /    A nd           | Version:  7
     \\/     M anipulation  |
\*---------------------------------------------------------------------------*/
FoamFile
{
    version     2.0;
    format      ascii;
    class       volScalarField;
    location    "3.7";
    object      T;
}
// * * * * * * * * * * * * * * * * * * * * * * * * * * * * * * * * * * * * * //

dimensions      [0 0 0 1 0 0 0];

internalField   nonuniform List<scalar> 
2222
(
1
1
1
1
1
1
1
1
1
1
1
1
1
1
1
1
1
1
1
1
1
1
1
1
1
1
1
1
1
1
1
1
1
1
1
1
1
1
1
1
1
1
1
1
1
1
1
1
1
1
1
1
1
1
1
1
1
1
1
1
1
1
1
1
1
1
1
1
1
1
1
1
1
1
1
1
1
1
1
1
1
1
1
1
1
1
1
1
1
1
1
1
1
1
1
1
1
1
1
1
1
1
1
1
1
1
1
1
1
1
1
1
1
1
1
1
1
1
1
1
1
1
1
1
1
1
1
1
1
1
1
1
1
1
1
1
1
1
1
1
1
1
1
1
1
1
1
1
1
1
1
1
1
1
1
1
1
1
1
1
1
1
1
1
1
1
1
1
1
1
1
1
1
1
1
1
1
1
1
1
1
1
1
1
1
1
1
1
1
1
1
1
1
1
1
1
1
1
1
1
1
1
1
1
1
1
1
1
1
1
1
1
1
1
1
1
1
1
1
1
1
1
1
1
1
1
1
1
1
1
1
1
1
1
1
1
1
1
1
1
1
1
1
1
1
1
1
1
1
1
1
1
1
1
1
1
1
1
1
1
1
1
1
1
1
1
1
1
1
1
1
1
1
1
1
1
1
1
1
1
1
1
1
1
1
1
1
1
1
1
1
1
1
1
1
1
1
1
1
1
1
1
1
1
1
1
1
1
1
1
1
1
1
1
1
1
1
1
1
1
1
1
1
1
1
1
1
1
1
1
1
1
1
1
1
1
1
1
1
1
1
1
1
1
1
1
1
1
1
1
1
1
1
1
1
1
1
1
1
1
1
1
1
1
1
1
1
1
1
1
1
1
1
1
1
1
1
1
1
1
1
1
1
1
1
1
1
1
1
1
1
1
1
1
1
1
1
1
1
1
1
1
1
1
1
1
1
1
1
1
1
1
1
1
1
1
1
1
1
1
1
1
1
1
1
1
1
1
1
1
1
1
1
1
1
1
1
1
1
1
1
1
1
1
1
1
1
1
1
1
1
1
1
1
1
1
1
1
1
1
1
1
1
1
1
1
1
1
1
1
1
1
1
1
1
1
1
1
1
1
1
1
1
1
1
1
1
1
1
1
1
1
1
1
1
1
1
1
1
1
1
1
1
1
1
1
1
1
1
1
1
1
1
1
1
1
1
1
1
1
1
1
1
1
1
1
1
1
1
1
1
1
1
1
1
1
1
1
1
1
1
1
1
1
1
1
1
1
1
1
1
1
1
1
1
1
1
1
1
1
1
1
1
1
1
1
1
1
1
1
1
1
1
1
1
1
1
1
1
1
1
1
1
1
1
1
1
1
1
1
1
1
1
1
1
1
1
1
1
1
1
1
1
1
1
1
1
1
1
1
1
1
1
1
1
1
1
1
1
1
1
1
1
1
1
1
1
1
1
1
1
1
1
1
1
1
1
1
1
1
1
1
1
1
1
1
1
1
1
1
1
1
1
1
1
1
1
1
1
1
1
1
1
1
1
1
1
1
1
1
1
1
1
1
1
1
1
1
1
1
1
1
1
1
1
1
1
1
1
1
1
1
1
1
1
1
1
1
1
1
1
1
1
1
1
1
1
1
1
1
1
1
1
1
1
1
1
1
1
1
1
1
1
1
1
1
1
1
1
1
1
1
1
1
1
1
1
1
1
1
1
1
1
1
1
1
1
1
1
1
1
1
1
1
1
1
1
1
1
1
1
1
1
1
1
1
1
1
1
1
1
1
1
1
1
1
1
1
1
1
1
1
1
1
1
1
1
1
1
1
1
1
1
1
1
1
1
1
1
1
1
1
1
1
1
1
1
1
1
1
1
1
1
1
1
1
1
1
1
1
1
1
1
1
1
1
1
1
1
1
1
1
1
1
1
1
1
1
1
1
1
1
1
1
1
1
1
1
1
1
1
1
1
1
1
1
1
1
1
1
1
1
1
1
1
1
1
1
1
1
1
1
1
1
1
1
1
1
1
1
1
1
1
1
1
1
1
1
1
1
1
1
1
1
1
1
1
1
1
1
1
1
1
1
1
1
1
1
1
1
1
1
1
1
1
1
1
1
1
1
1
1
1
1
1
1
1
1
1
1
1
1
1
1
1
1
1
1
1
1
1
1
1
1
1
1
1
1
1
1
1
1
1
1
1
1
1
1
1
1
1
1
1
1
1
1
1
1
1
1
1
1
1
1
1
1
1
1
1
1
1
1
1
1
1
1
1
1
1
1
1
1
1
1
1
1
1
1
1
1
1
1
1
1
1
1
1
1
1
1
1
1
1
1
1
1
1
1
1
1
1
1
1
1
1
1
1
1
1
1
1
1
1
1
1
1
1
1
1
1
1
1
1
1
1
1
1
1
1
1
1
1
1
1
1
1
1
1
1
1
1
1
1
1
1
1
1
1
1
1
1
1
1
1
1
1
1
1
1
1
1
1
1
1
1
1
1
1
1
1
1
1
1
1
1
1
1
1
1
1
1
1
1
1
1
1
1
1
1
1
1
1
1
1
1
1
1
1
1
1
1
1
1
1
1
1
1
1
1
1
1
1
1
1
1
1
1
1
1
1
1
1
1
1
1
1
1
1
1
1
1
1
1
1
1
1
1
1
1
1
1
1
1
1
1
1
1
1
1
1
1
1
1
1
1
1
1
1
1
1
1
1
1
1
1
1
1
1
1
1
1
1
1
1
1
1
1
1
1
1
1
1
1
1
1
1
1
1
1
1
1
1
1
1
1
1
1
1
1
1
1
1
1
1
1
1
1
1
1
1
1
1
1
1
1
1
1
1
1
1
1
1
1
1
1
1
1
1
1
1
1
1
1
1
1
1
1
1
1
1
1
1
1
1
1
1
1
1
1
1
1
1
1
1
1
1
1
1
1
1
1
1
1
1
1
1
1
1
1
1
1
1
1
1
1
1
1.00000001
1
1
1
1
1
1
1
1
1
1
1
1
1
1
1
1
1
1
1
1
1
1
1
1
1
1
1
1
1
1
1
1
1
1
1.000000011
1.00000028
1
1
1
1
1
1
1
1
1
1
1
1
1
1
1
1
1
1
1
1
1
1
1
1
1
1
1
1
1
1
1
1
1
1.00000001
1.000000282
1.000005615
1
1
1
1
1
1
1
1
1
1
1
1
1
1
1
1
1
1
1
1
1
1
1
1
1
1
1
1
1
1
1
1
1.000000012
1.000000295
1.000005123
1.000076752
1
1
1
1
1
1
1
1
1
1
1
1
1
1
1
1
1
1
1
1
1
1
1
1
1
1
1
1
1
1
1
1.000000011
1.0000003
1.000005874
1.000066196
1.000725906
1
1
1
1
1
1
1
1
1
1
1
1
1
1
1
1
1
1
1
1
1
1
1
1
1
1
1
1
1
1
1.000000013
1.000000311
1.000005403
1.000079487
1.000613936
1.004499648
1
1
1
1
1
1
1
1
1
1
1
1
1
1
1
1
1
1
1
1
1
1
1
1
1
1
1
1
1
1.000000012
1.000000317
1.000006124
1.000069001
1.00074709
1.003867302
1.017919014
1
1
1
1
1
1
1
1
1
1
1
1
1
1
1
1
1
1
1
1
1
1
1
1
1
1
1
1
1.000000014
1.000000326
1.00000566
1.000082031
1.000633324
1.004605638
1.016236501
1.044217873
1
1
1
1
1
1
1
1
1
1
1
1
1
1
1
1
1
1
1
1
1
1
1
1
1
1
1
1.000000012
1.000000333
1.000006358
1.000071701
1.000766032
1.00395568
1.018238713
1.044072091
1.072555858
1
1
1
1
1
1
1
1
1
1
1
1
1
1
1
1
1
1
1
1
1
1
1
1
1
1
1.000000014
1.00000034
1.000005894
1.000084637
1.000653781
1.004703096
1.016487624
1.044770884
1.079537319
1.095004299
1
1
1
1
1
1
1
1
1
1
1
1
1
1
1
1
1
1
1
1
1
1
1
1
1
1.000000013
1.000000347
1.000006571
1.000073909
1.000785841
1.004053855
1.018529669
1.044509636
1.073098527
1.099657571
1.108978277
1
1
1
1
1
1
1
1
1
1
1
1
1
1
1
1
1
1
1
1
1
1
1
1
1.000000015
1.000000347
1.000006056
1.000086409
1.000667378
1.004787331
1.016766547
1.045226173
1.079921599
1.095328178
1.1034431
1.111660145
1
1
1
1
1
1
1
1
1
1
1
1
1
1
1
1
1
1
1
1
1
1
1
1.000000012
1.00000035
1.000006641
1.000075072
1.000795441
1.004107958
1.018736936
1.044967904
1.073438348
1.099806951
1.109290094
1.110148749
1.11213307
1
1
1
1
1
1
1
1
1
1
1
1
1
1
1
1
1
1
1
1
1
1
1.000000014
1.000000344
1.000006088
1.000087187
1.000675117
1.004838027
1.016920561
1.045545731
1.080395563
1.095406835
1.103568569
1.111892421
1.113551973
1.11390365
1
1
1
1
1
1
1
1
1
1
1
1
1
1
1
1
1
1
1
1
1
1.000000012
1.000000348
1.000006642
1.000075826
1.00080521
1.004162073
1.01894512
1.045312319
1.073800806
1.100050622
1.109197924
1.110145211
1.112018429
1.114005106
1.114195061
1
1
1
1
1
1
1
1
1
1
1
1
1
1
1
1
1
1
1
1
1.000000014
1.000000338
1.000006112
1.000087947
1.000685213
1.004905915
1.017149741
1.046015205
1.080805653
1.095795567
1.103675314
1.111785972
1.11348195
1.113836752
1.114289502
1.11411092
1
1
1
1
1
1
1
1
1
1
1
1
1
1
1
1
1
1
1
1.000000011
1.000000344
1.000006607
1.000076183
1.000815033
1.004227665
1.019174364
1.045781133
1.074327529
1.100400596
1.109435921
1.110241248
1.112025407
1.113876388
1.114263151
1.114206929
1.114039856
1
1
1
1
1
1
1
1
1
1
1
1
1
1
1
1
1
1
1.000000013
1.000000327
1.000006095
1.000087828
1.00068886
1.00496705
1.017397603
1.046363037
1.081344104
1.095937782
1.103925486
1.111991148
1.113671321
1.11384086
1.114154463
1.114112046
1.114162034
1.114115667
1
1
1
1
1
1
1
1
1
1
1
1
1
1
1
1
1
1.00000001
1.000000337
1.000006522
1.000076488
1.000818411
1.004262992
1.019425558
1.046300162
1.074610658
1.100613214
1.109531765
1.110498056
1.112360964
1.114104182
1.114275112
1.114168039
1.114067113
1.114036048
1.113800102
1
1
1
1
1
1
1
1
1
1
1
1
1
1
1
1
1.000000013
1.000000319
1.000006159
1.000088026
1.000696681
1.00501223
1.017620663
1.046898801
1.081982931
1.095894001
1.1038428
1.112154672
1.113745512
1.114038009
1.114341574
1.114196182
1.114189872
1.114109691
1.113861288
1.113294265
1
1
1
1
1
1
1
1
1
1
1
1
1
1
1
1.00000001
1.00000034
1.000006569
1.000078277
1.000827381
1.004322269
1.019671149
1.046857702
1.075267743
1.101019318
1.109499806
1.110422555
1.112313315
1.114080409
1.114366096
1.114313982
1.114193064
1.114158739
1.113979468
1.113485979
1.112390685
1
1
1
1
1
1
1
1
1
1
1
1
1
1
1.000000012
1.000000305
1.000006261
1.000088519
1.000710563
1.005061238
1.017869076
1.047443558
1.082587856
1.09618121
1.104078248
1.112192761
1.113735446
1.114041833
1.114291106
1.114257359
1.114337742
1.114307967
1.114105405
1.11362092
1.112628301
1.110749123
1
1
1
1
1
1
1
1
1
1
1
1
1
1.000000009
1.000000338
1.000006466
1.000079178
1.000826537
1.004358549
1.019849472
1.047273035
1.0758179
1.101341346
1.109782709
1.110734077
1.112555722
1.114099333
1.114390301
1.114337955
1.114265335
1.114292425
1.114178089
1.113806101
1.112902017
1.111130986
1.108231976
1
1
1
1
1
1
1
1
1
1
1
1
1.000000011
1.000000283
1.000006358
1.00008854
1.000720874
1.005055995
1.018001553
1.047834889
1.082901684
1.096021814
1.104372811
1.112510003
1.113985066
1.11413376
1.114227536
1.114266808
1.114423439
1.114404531
1.114253292
1.113901517
1.113095751
1.111491193
1.108686312
1.104752475
1.099704699
1
1
1
1
1
1
1
1
1
1
1
1.000000008
1.000000336
1.00000627
1.000081297
1.000829627
1.004418621
1.020020497
1.047734307
1.076383311
1.101422978
1.109817011
1.110912718
1.112735327
1.114174762
1.114420492
1.114347657
1.114333179
1.114408769
1.114313752
1.114024106
1.113266684
1.111725799
1.109129844
1.105113826
1.100246769
1.093932555
1
1
1
1
1
1
1
1
1
1
1.00000001
1.000000262
1.000006555
1.000088616
1.000739569
1.005046656
1.01821127
1.04850825
1.083598214
1.096117478
1.104464819
1.112497214
1.113940867
1.114155186
1.114216884
1.114307885
1.11449906
1.114475059
1.11438574
1.114114676
1.113436281
1.111971323
1.109490887
1.105639293
1.100458597
1.094752598
1.087136948
1
1
1
1
1
1
1
1
1
1.000000007
1.000000317
1.000005819
1.000083637
1.000831801
1.004479059
1.020050438
1.047941949
1.077252271
1.102264787
1.110305582
1.11106439
1.112478247
)
;

boundaryField
{
    inlet
    {
        type            fixedValue;
        value           nonuniform 0();
    }
    outlet
    {
        type            inletOutlet;
        inletValue      nonuniform 0();
        value           nonuniform 0();
    }
    bottom
    {
        type            slip;
    }
    top
    {
        type            slip;
    }
    obstacle
    {
        type            zeroGradient;
    }
    defaultFaces
    {
        type            empty;
    }
    procBoundary3to2
    {
        type            processor;
        value           nonuniform List<scalar> 
35
(
1
1
1
1
1
1
1
1
1
1
1
1
1
1
1
1
1
1
1
1
1
1
1
1
1
1
1
1
1
1
1
1
1
1
1
)
;
    }
    procBoundary3to4
    {
        type            processor;
        value           nonuniform List<scalar> 
62
(
1
1
1
1
1
1
1
1
1
1
1
1
1
1
1
1
1
1
1
1
1
1
1
1
1
1
1
1
1
1
1
1
1
1
1.000000011
1.000000265
1.000004841
1.000063245
1.000591945
1.003759563
1.015907131
1.043500403
1.079039962
1.099394907
1.103203911
1.109974674
1.113522636
1.114004392
1.114168511
1.114072943
1.114025056
1.113947139
1.113791173
1.113192132
1.112153297
1.110444147
1.10787318
1.104317378
1.104317378
1.093059835
1.086615123
1.079738622
)
;
    }
    procBoundary3to8
    {
        type            processor;
        value           nonuniform List<scalar> 
28
(
1
1
1
1
1
1
1
1
1
1
1
1
1
1
1
1
1
1
1
1
1
1
1
1
1
1
1
1
)
;
    }
    procBoundary3to9
    {
        type            processor;
        value           nonuniform List<scalar> 
38
(
1.11394937
1.11440046
1.114398203
1.114425341
1.11456695
1.114529627
1.114313462
1.113666954
1.112280141
1.109817754
1.106204316
1.100922252
1.094927424
1.088198666
1.07950452
1
1
1
1
1
1
1
1
1.000000008
1.00000023
1.000006396
1.00008404
1.000744876
1.004988323
1.018370117
1.048724414
1.083738357
1.096258268
1.105320237
1.112822165
1.114051215
1.11394937
1.113857433
)
;
    }
}


// ************************************************************************* //
