/*--------------------------------*- C++ -*----------------------------------*\
  =========                 |
  \\      /  F ield         | OpenFOAM: The Open Source CFD Toolbox
   \\    /   O peration     | Website:  https://openfoam.org
    \\  /    A nd           | Version:  7
     \\/     M anipulation  |
\*---------------------------------------------------------------------------*/
FoamFile
{
    version     2.0;
    format      ascii;
    class       volVectorField;
    location    "4.1";
    object      U;
}
// * * * * * * * * * * * * * * * * * * * * * * * * * * * * * * * * * * * * * //

dimensions      [0 1 -1 0 0 0 0];

internalField   nonuniform List<vector> 
2223
(
(3.123238787 -0.5445079153 0)
(3.124208954 -0.5443449573 0)
(3.125169018 -0.5452090118 0)
(3.12497903 -0.5530242305 0)
(3.124412179 -0.5557817707 0)
(3.125316708 -0.5552483897 0)
(3.126730947 -0.5605802437 0)
(3.126055824 -0.5679586297 0)
(3.125980951 -0.5692924944 0)
(3.127317437 -0.5702759119 0)
(3.12799317 -0.5774900844 0)
(3.127106865 -0.5805068672 0)
(3.12773245 -0.5799488118 0)
(3.128965665 -0.5831657501 0)
(3.128316795 -0.5885108415 0)
(3.128205338 -0.5886392679 0)
(3.128742471 -0.5887450927 0)
(3.12948149 -0.5940733634 0)
(3.128975132 -0.5968076075 0)
(3.128886043 -0.5972687531 0)
(3.12959811 -0.60013917 0)
(3.130159007 -0.6031510087 0)
(3.115793676 -0.4817237178 0)
(3.117936636 -0.4880037669 0)
(3.117555344 -0.4976302608 0)
(3.118119625 -0.4987911012 0)
(3.119426515 -0.4983068303 0)
(3.119582564 -0.5063271988 0)
(3.118861432 -0.5109070411 0)
(3.119800216 -0.5099328555 0)
(3.12052271 -0.513187226 0)
(3.120878253 -0.52262141 0)
(3.120767311 -0.5254583684 0)
(3.122080314 -0.5257530429 0)
(3.123685028 -0.5328965534 0)
(3.122852281 -0.5400936566 0)
(3.123336294 -0.5409608726 0)
(3.125050356 -0.5425282192 0)
(3.125179349 -0.550158487 0)
(3.124476218 -0.5525544985 0)
(3.125201992 -0.5516405772 0)
(3.126177917 -0.5562079163 0)
(3.12535621 -0.5620301277 0)
(3.12555285 -0.5618977334 0)
(3.126211432 -0.5629386068 0)
(3.127081301 -0.5706741396 0)
(3.12650335 -0.5734058634 0)
(3.126874158 -0.5737090422 0)
(3.128115848 -0.5785845025 0)
(3.127948263 -0.5830205742 0)
(3.127873669 -0.5837559458 0)
(3.128340496 -0.5864591224 0)
(3.12873866 -0.5908673686 0)
(3.113001636 -0.4619011186 0)
(3.114381477 -0.4628795505 0)
(3.115006719 -0.4729758388 0)
(3.114483061 -0.4777080673 0)
(3.115307626 -0.4777657091 0)
(3.117186855 -0.4850406618 0)
(3.117361162 -0.4955946235 0)
(3.117423093 -0.498105957 0)
(3.119345952 -0.4998210162 0)
(3.12062025 -0.5088311455 0)
(3.11953097 -0.5144323645 0)
(3.120455748 -0.5148632209 0)
(3.122199569 -0.5171659906 0)
(3.121782544 -0.5248140671 0)
(3.121336579 -0.5266038538 0)
(3.122222756 -0.5253117031 0)
(3.123440234 -0.5314985028 0)
(3.122580502 -0.5381808001 0)
(3.122856878 -0.5384421665 0)
(3.124125098 -0.5406693922 0)
(3.124676815 -0.549160065 0)
(3.124174197 -0.5514265635 0)
(3.124813906 -0.5515967246 0)
(3.126069198 -0.5577079588 0)
(3.125462126 -0.562008676 0)
(3.125756788 -0.5618855965 0)
(3.126651158 -0.5644637351 0)
(3.126652276 -0.5698748485 0)
(3.126664276 -0.570641642 0)
(3.126896587 -0.5707708853 0)
(3.127403041 -0.575758195 0)
(3.109799613 -0.4460270913 0)
(3.110803975 -0.4461881208 0)
(3.113041128 -0.4548243447 0)
(3.112664861 -0.4651067951 0)
(3.113288289 -0.4667183848 0)
(3.11545489 -0.4680815805 0)
(3.115942172 -0.4770930981 0)
(3.115176396 -0.481259056 0)
(3.116380618 -0.4799211932 0)
(3.116993009 -0.482934008 0)
(3.116758517 -0.4923606658 0)
(3.116753193 -0.4944196063 0)
(3.117836026 -0.4941072237 0)
(3.11969458 -0.5024762929 0)
(3.118988299 -0.5097689897 0)
(3.119600877 -0.510279208 0)
(3.121247286 -0.5133135523 0)
(3.121542074 -0.5223393973 0)
(3.121207998 -0.5243932888 0)
(3.1222037 -0.5243932307 0)
(3.123156505 -0.5307376111 0)
(3.122400158 -0.5346887563 0)
(3.122736436 -0.5342523012 0)
(3.123738375 -0.5376879086 0)
(3.123567925 -0.5440945029 0)
(3.123629416 -0.5446450689 0)
(3.124025642 -0.5453577023 0)
(3.125086297 -0.552431314 0)
(3.124713813 -0.5562106904 0)
(3.125281074 -0.5560769163 0)
(3.125931404 -0.5589744208 0)
(3.106867697 -0.4266310271 0)
(3.107888744 -0.4279815647 0)
(3.109629355 -0.4302057273 0)
(3.110347422 -0.4416690879 0)
(3.110010996 -0.4461888523 0)
(3.111364998 -0.445848879 0)
(3.112849334 -0.45293576 0)
(3.112620281 -0.4629607582 0)
(3.112922652 -0.4649232826 0)
(3.114582429 -0.4667849355 0)
(3.116367759 -0.4774233864 0)
(3.115332136 -0.4835842641 0)
(3.116336092 -0.4841988019 0)
(3.118563277 -0.4884402103 0)
(3.118207954 -0.4970862254 0)
(3.117852755 -0.4987914933 0)
(3.119030882 -0.4988319732 0)
(3.120116925 -0.5061686881 0)
(3.119287846 -0.5104483334 0)
(3.119658765 -0.5096979047 0)
(3.120978617 -0.5141212543 0)
(3.121000666 -0.5222318564 0)
(3.120998208 -0.5234806086 0)
(3.121941513 -0.5247784334 0)
(3.122796448 -0.5322103298 0)
(3.12229289 -0.5355124902 0)
(3.122981267 -0.5354635321 0)
(3.124044583 -0.5392298019 0)
(3.123611223 -0.5450335944 0)
(3.123788841 -0.5459495458 0)
(3.124768362 -0.5455827992 0)
(3.105070622 -0.4098739679 0)
(3.104910691 -0.4139816427 0)
(3.106296611 -0.4137315336 0)
(3.108099019 -0.4225743635 0)
(3.107554135 -0.432165279 0)
(3.108315326 -0.4334740303 0)
(3.110463887 -0.4363212544 0)
(3.111627201 -0.4477568404 0)
(3.110859459 -0.4527734364 0)
(3.112550698 -0.4526362438 0)
(3.114157728 -0.4567548967 0)
(3.113203448 -0.4650991404 0)
(3.11333264 -0.4658661415 0)
(3.113992546 -0.4649348145 0)
(3.115300183 -0.4740368548 0)
(3.114645622 -0.4801809166 0)
(3.115389244 -0.4801049353 0)
(3.117219531 -0.4849651705 0)
(3.117512918 -0.4940599934 0)
(3.117594184 -0.495516109 0)
(3.118674136 -0.4970053302 0)
(3.119464627 -0.504972 0)
(3.119135092 -0.5079974647 0)
(3.119824366 -0.5076480496 0)
(3.120743774 -0.5124274791 0)
(3.120424684 -0.5186889446 0)
(3.120830359 -0.519581639 0)
(3.121765368 -0.5202204605 0)
(3.12224018 -0.5269186657 0)
(3.121712483 -0.5311258169 0)
(3.122581258 -0.5312875061 0)
(3.100579625 -0.3826943752 0)
(3.100950734 -0.3933466093 0)
(3.10233014 -0.3947898047 0)
(3.104517397 -0.3990556237 0)
(3.105440929 -0.4117265723 0)
(3.10528011 -0.4160679369 0)
(3.107096777 -0.4157183519 0)
(3.108425666 -0.4226438754 0)
(3.107881267 -0.4322619325 0)
(3.108420006 -0.4336615221 0)
(3.10982876 -0.4353186618 0)
(3.111781002 -0.4468102196 0)
(3.11094438 -0.4532329505 0)
(3.111856397 -0.4540180587 0)
(3.114254612 -0.4604504549 0)
(3.113957285 -0.4693052476 0)
(3.114027782 -0.4706446189 0)
(3.115535203 -0.472364869 0)
(3.116444868 -0.4806647929 0)
(3.115879122 -0.4839085809 0)
(3.116509033 -0.4840974911 0)
(3.117742303 -0.4899387396 0)
(3.117361914 -0.495723535 0)
(3.117842145 -0.4960216995 0)
(3.118872249 -0.497977266 0)
(3.119446778 -0.5058877355 0)
(3.119027021 -0.5091889184 0)
(3.120076048 -0.5092301411 0)
(3.12108747 -0.5127518214 0)
(3.120806535 -0.5195546887 0)
(3.120595967 -0.5215647893 0)
(3.098755574 -0.3663297063 0)
(3.099616509 -0.3789193191 0)
(3.099735023 -0.3829963749 0)
(3.101655242 -0.3835753233 0)
(3.103341261 -0.39294027 0)
(3.102651491 -0.4018297874 0)
(3.103542894 -0.4027942923 0)
(3.10547139 -0.4056074926 0)
(3.10678352 -0.4177723993 0)
(3.106007882 -0.4231616013 0)
(3.107655948 -0.4235917424 0)
(3.109993525 -0.4298042022 0)
(3.109379511 -0.4388225438 0)
(3.109627431 -0.4400066737 0)
(3.111071589 -0.4406234966 0)
(3.111613988 -0.4491167491 0)
(3.111065666 -0.4524670443 0)
(3.111466653 -0.452034027 0)
(3.113036491 -0.4586928294 0)
(3.113168716 -0.4663393665 0)
(3.113691928 -0.4673044988 0)
(3.114933835 -0.4703816291 0)
(3.11573793 -0.4790039294 0)
(3.115704513 -0.4820388393 0)
(3.116800209 -0.482429531 0)
(3.117682064 -0.4876910312 0)
(3.117186504 -0.4938704308 0)
(3.117642313 -0.4949450421 0)
(3.118750393 -0.4952979736 0)
(3.119445875 -0.5019466734 0)
(3.11880951 -0.5073476746 0)
(3.093489423 -0.3414338367 0)
(3.094959142 -0.3520653121 0)
(3.095001325 -0.3617311098 0)
(3.096430071 -0.3629374104 0)
(3.09832104 -0.367470514 0)
(3.100125827 -0.3810993378 0)
(3.100058151 -0.3863941255 0)
(3.102194602 -0.3872477715 0)
(3.104106943 -0.3952038785 0)
(3.103469979 -0.404562894 0)
(3.104148441 -0.4057723033 0)
(3.105558306 -0.4069263266 0)
(3.10679726 -0.4177300678 0)
(3.106282238 -0.4231605803 0)
(3.1071691 -0.4240602977 0)
(3.109621086 -0.4320360712 0)
(3.10975836 -0.4407187086 0)
(3.109933829 -0.4426858044 0)
(3.111609516 -0.4469193939 0)
(3.112304225 -0.4548504932 0)
(3.112341683 -0.4574282627 0)
(3.113285974 -0.4583810887 0)
(3.114219466 -0.4646386957 0)
(3.113841661 -0.4700491802 0)
(3.11452918 -0.4709855992 0)
(3.115750394 -0.4729962654 0)
(3.116169627 -0.48051084 0)
(3.115681129 -0.484498104 0)
(3.116824787 -0.4849667845 0)
(3.118031854 -0.4872861033 0)
(3.1178066 -0.4943459419 0)
(3.089897179 -0.3267636179 0)
(3.092737726 -0.3347688863 0)
(3.093702805 -0.3483688126 0)
(3.093892785 -0.3530030643 0)
(3.096326712 -0.3547513607 0)
(3.098470731 -0.3643726941 0)
(3.097821174 -0.3732140215 0)
(3.098762316 -0.37443162 0)
(3.100553988 -0.376901019 0)
(3.101798788 -0.3887240918 0)
(3.10122576 -0.3942700987 0)
(3.10263448 -0.3956299753 0)
(3.105200918 -0.4031050396 0)
(3.105004121 -0.411781082 0)
(3.105282849 -0.413804083 0)
(3.107155941 -0.4165435473 0)
(3.10790471 -0.4239458691 0)
(3.107706144 -0.4269908205 0)
(3.108361861 -0.4283618829 0)
(3.10917912 -0.4343903414 0)
(3.109216345 -0.4394265306 0)
(3.109854399 -0.4405614882 0)
(3.11087896 -0.4443632629 0)
(3.111680652 -0.4527726929 0)
(3.11187121 -0.4563910815 0)
(3.113258622 -0.4572629989 0)
(3.114207612 -0.4619872874 0)
(3.114095128 -0.4693834491 0)
(3.114193127 -0.471946299 0)
(3.115642918 -0.472700807 0)
(3.116445364 -0.4780419871 0)
(3.086539418 -0.3137751863 0)
(3.088634357 -0.3142868863 0)
(3.089882656 -0.3244710745 0)
(3.089679468 -0.3332483903 0)
(3.091091133 -0.334235745 0)
(3.092554116 -0.3379897567 0)
(3.094337882 -0.3512843729 0)
(3.094453725 -0.3572449626 0)
(3.096400971 -0.3586434689 0)
(3.098700846 -0.3669087708 0)
(3.098864077 -0.3768976121 0)
(3.099524675 -0.379617888 0)
(3.101623989 -0.3823822689 0)
(3.10235671 -0.3904522664 0)
(3.102082424 -0.3954156098 0)
(3.10294164 -0.3978855382 0)
(3.104577908 -0.4043503865 0)
(3.105188925 -0.4112690159 0)
(3.105712985 -0.4147015064 0)
(3.107154835 -0.4203014082 0)
(3.108038647 -0.4278681569 0)
(3.108425807 -0.4317561518 0)
(3.10970603 -0.4342941672 0)
(3.110558982 -0.4396737287 0)
(3.110321244 -0.4452797224 0)
(3.110929478 -0.4471645104 0)
(3.112116483 -0.4482686149 0)
(3.112606399 -0.4546174099 0)
(3.112255147 -0.4603379668 0)
(3.113030939 -0.4619804018 0)
(3.11459691 -0.4636044743 0)
(3.081322905 -0.2930904379 0)
(3.08332914 -0.2954716204 0)
(3.085877579 -0.3027848278 0)
(3.087721136 -0.3174257807 0)
(3.087931634 -0.3230271675 0)
(3.090402509 -0.3262531029 0)
(3.092972987 -0.3362067624 0)
(3.092774995 -0.3454595269 0)
(3.09358858 -0.3484736045 0)
(3.095937089 -0.3516962292 0)
(3.096930133 -0.3606825203 0)
(3.096702999 -0.3665120077 0)
(3.097916506 -0.3692871592 0)
(3.099905217 -0.3750851506 0)
(3.100508222 -0.3831900904 0)
(3.100716647 -0.3882003678 0)
(3.10228577 -0.3925877626 0)
(3.103721919 -0.3981504487 0)
(3.104225404 -0.4027363913 0)
(3.104933459 -0.4056319075 0)
(3.105375922 -0.4095583679 0)
(3.105646984 -0.4145497462 0)
(3.106396724 -0.4174434315 0)
(3.107099139 -0.4200958794 0)
(3.107660774 -0.4268220571 0)
(3.10804801 -0.432443894 0)
(3.10930636 -0.4345463786 0)
(3.110475601 -0.4373585021 0)
(3.110742816 -0.444728943 0)
(3.110623115 -0.4490538379 0)
(3.111925842 -0.4500161076 0)
(3.079525953 -0.2808647185 0)
(3.08017239 -0.2862533098 0)
(3.08275951 -0.2882259004 0)
(3.084822286 -0.2982526787 0)
(3.084733934 -0.30713229 0)
(3.086150152 -0.3089317113 0)
(3.087727452 -0.311897427 0)
(3.088572767 -0.322334314 0)
(3.089001924 -0.3293948877 0)
(3.090849203 -0.3327773111 0)
(3.092777814 -0.3384313955 0)
(3.093856051 -0.3480249143 0)
(3.094558619 -0.3542347915 0)
(3.096427775 -0.3578912913 0)
(3.09765734 -0.3626004723 0)
(3.098202033 -0.3699838385 0)
(3.098874811 -0.3748989828 0)
(3.099923292 -0.377733578 0)
(3.100867305 -0.3832805144 0)
(3.101678367 -0.3895497201 0)
(3.102410622 -0.3939670369 0)
(3.103377736 -0.4000354678 0)
(3.104279409 -0.4062887026 0)
(3.105453814 -0.409984576 0)
(3.106514326 -0.4138614602 0)
(3.106921263 -0.4206964253 0)
(3.107131755 -0.4252000817 0)
(3.108497995 -0.4267003742 0)
(3.109172951 -0.4299603322 0)
(3.109164908 -0.436855104 0)
(3.109292171 -0.4398695869 0)
(3.073673089 -0.2528931063 0)
(3.074835292 -0.2641901508 0)
(3.076885682 -0.2674508801 0)
(3.079148231 -0.273179849 0)
(3.081247154 -0.2868540932 0)
(3.08197143 -0.2938377549 0)
(3.084278161 -0.298489956 0)
(3.086764582 -0.3071775785 0)
(3.087499274 -0.3165288419 0)
(3.088272336 -0.3229762655 0)
(3.090488078 -0.3274933657 0)
(3.091978101 -0.3324381873 0)
(3.09262713 -0.3409263194 0)
(3.093210631 -0.3466473524 0)
(3.094690065 -0.3486702285 0)
(3.095825077 -0.3542209132 0)
(3.096632789 -0.3630343253 0)
(3.097279561 -0.3673266341 0)
(3.098724406 -0.3713503058 0)
(3.100029476 -0.3786553638 0)
(3.10066047 -0.3833146499 0)
(3.101478887 -0.38595483 0)
(3.102224655 -0.3916063285 0)
(3.102796412 -0.3962760704 0)
(3.103592755 -0.3972115251 0)
(3.103475635 -0.4003828558 0)
(3.104377166 -0.4085619193 0)
(3.105013901 -0.4126107616 0)
(3.106404145 -0.4138900163 0)
(3.10729188 -0.4196253019 0)
(3.107521155 -0.4270115188 0)
(3.071326683 -0.238396855 0)
(3.073258607 -0.2518885443 0)
(3.073881117 -0.2586642384 0)
(3.076447156 -0.2626923598 0)
(3.079013666 -0.2716369605 0)
(3.079611119 -0.2808157331 0)
(3.080837686 -0.2858661054 0)
(3.083107932 -0.2898636146 0)
(3.083619849 -0.2948002541 0)
(3.084228186 -0.3029831992 0)
(3.085537241 -0.3094402496 0)
(3.087039672 -0.311687726 0)
(3.087835353 -0.3177544571 0)
(3.089600805 -0.3288424862 0)
(3.090736899 -0.3336161014 0)
(3.092511962 -0.3361786782 0)
(3.094114263 -0.3450488546 0)
(3.094389409 -0.3514983443 0)
(3.095313094 -0.3532751592 0)
(3.096744993 -0.3590038828 0)
(3.09762341 -0.3666504284 0)
(3.098169152 -0.3690655268 0)
(3.098797762 -0.3730154122 0)
(3.100389891 -0.382199361 0)
(3.100969869 -0.3871912258 0)
(3.102230376 -0.389342202 0)
(3.103275321 -0.3953765921 0)
(3.103493924 -0.4025550708 0)
(3.104276282 -0.4051479134 0)
(3.105617962 -0.4062653239 0)
(3.106113469 -0.4127167364 0)
(3.065738138 -0.2161446803 0)
(3.067652418 -0.2256854453 0)
(3.068805391 -0.23666077 0)
(3.070670051 -0.2417205336 0)
(3.073108767 -0.2471890011 0)
(3.074469222 -0.2566619238 0)
(3.075919844 -0.2657987502 0)
(3.078183164 -0.2731505711 0)
(3.080303518 -0.2784921583 0)
(3.081609883 -0.2863844104 0)
(3.083087554 -0.2970911583 0)
(3.084295685 -0.3029170362 0)
(3.086363553 -0.3059366716 0)
(3.088169273 -0.314964903 0)
(3.088404764 -0.3230028485 0)
(3.089621273 -0.3248508428 0)
(3.091436651 -0.3295266405 0)
(3.092329093 -0.3393646523 0)
(3.09259693 -0.3425747841 0)
(3.093769727 -0.3450973252 0)
(3.09567914 -0.3543703782 0)
(3.096040176 -0.3602173037 0)
(3.097061714 -0.3617199209 0)
(3.098270232 -0.367241446 0)
(3.098796228 -0.3749115243 0)
(3.099709081 -0.3772101072 0)
(3.100508873 -0.3778493333 0)
(3.101017741 -0.3850148445 0)
(3.101187627 -0.3911575374 0)
(3.102297196 -0.3925016079 0)
(3.103139084 -0.3949830624 0)
(3.06145927 -0.2043766527 0)
(3.064517287 -0.2110755199 0)
(3.066819891 -0.2231832164 0)
(3.067777455 -0.2313796855 0)
(3.070053142 -0.2377881862 0)
(3.072581102 -0.2450924917 0)
(3.073870768 -0.2529706982 0)
(3.075293525 -0.2617856627 0)
(3.077119154 -0.2677673269 0)
(3.07878808 -0.2703601528 0)
(3.079864099 -0.27840056 0)
(3.080590249 -0.2870640907 0)
(3.082061528 -0.288882944 0)
(3.082829181 -0.291641581 0)
(3.084560105 -0.3033703392 0)
(3.085217443 -0.3089720545 0)
(3.086775698 -0.3107790563 0)
(3.08906819 -0.3200647034 0)
(3.089686416 -0.3281127441 0)
(3.090796111 -0.3302526166 0)
(3.092412178 -0.3357387556 0)
(3.093248512 -0.3441443797 0)
(3.094009734 -0.3468106371 0)
(3.09469207 -0.3484979036 0)
(3.095988055 -0.357373608 0)
(3.096415212 -0.3639366661 0)
(3.097672658 -0.3657334386 0)
(3.099027169 -0.3699525212 0)
(3.100014971 -0.3793089406 0)
(3.099982843 -0.3839523953 0)
(3.101599047 -0.3852293175 0)
(3.056758132 -0.1877589235 0)
(3.059259718 -0.1923400208 0)
(3.061652303 -0.2002226747 0)
(3.063054874 -0.2103714985 0)
(3.064736719 -0.2177363937 0)
(3.067216568 -0.2240676925 0)
(3.068482382 -0.2294347835 0)
(3.069712741 -0.2383560225 0)
(3.07180826 -0.2484951435 0)
(3.073924408 -0.2527926356 0)
(3.075224674 -0.2575508323 0)
(3.07763614 -0.2703770319 0)
(3.078512223 -0.2775771849 0)
(3.080483549 -0.2806715187 0)
(3.082941029 -0.2897107346 0)
(3.083449691 -0.2988170444 0)
(3.084499357 -0.3017307375 0)
(3.086659735 -0.3067090745 0)
(3.087695051 -0.3157872135 0)
(3.088163273 -0.3191767701 0)
(3.089344944 -0.3216209431 0)
(3.091036718 -0.3308620306 0)
(3.09127276 -0.33724449 0)
(3.092460855 -0.3388064184 0)
(3.093940405 -0.3433866765 0)
(3.094822488 -0.3527822446 0)
(3.095107198 -0.3568145637 0)
(3.096851677 -0.3574219569 0)
(3.097611387 -0.3621156496 0)
(3.097772009 -0.3700853431 0)
(3.098267573 -0.3728057004 0)
(3.05303361 -0.1715081389 0)
(3.054756133 -0.179150298 0)
(3.057515748 -0.1852600615 0)
(3.0600272 -0.1949203048 0)
(3.061671631 -0.2047381763 0)
(3.063661478 -0.21315263 0)
(3.066026311 -0.2197364001 0)
(3.067793284 -0.2262258429 0)
(3.069608076 -0.2366849207 0)
(3.070918232 -0.2443186859 0)
(3.072968066 -0.2473804549 0)
(3.074925276 -0.2546896699 0)
(3.075792051 -0.2644365674 0)
(3.077085962 -0.2674615743 0)
(3.078813415 -0.2706858202 0)
(3.079876369 -0.2801744753 0)
(3.08033105 -0.2849047031 0)
(3.081536718 -0.2872901248 0)
(3.083676371 -0.2965835682 0)
(3.08446887 -0.3041578215 0)
(3.085678282 -0.3058521623 0)
(3.087053847 -0.3110935768 0)
(3.088520238 -0.3215166851 0)
(3.08928537 -0.3256588398 0)
(3.090882339 -0.3267211043 0)
(3.091748259 -0.3334256698 0)
(3.092196087 -0.3418265878 0)
(3.09317044 -0.3445040699 0)
(3.094488375 -0.3462374035 0)
(3.095881376 -0.3549369049 0)
(3.095986433 -0.3622458329 0)
(3.048176486 -0.1511675155 0)
(3.050481121 -0.1629674918 0)
(3.052686684 -0.1699828933 0)
(3.055261434 -0.1760544173 0)
(3.057038356 -0.1845700211 0)
(3.058779371 -0.1940576288 0)
(3.060914295 -0.201181001 0)
(3.062924027 -0.2057924922 0)
(3.064219245 -0.21362305 0)
(3.065863407 -0.2239954366 0)
(3.067799578 -0.229139595 0)
(3.069689063 -0.2333972527 0)
(3.071630019 -0.2445086134 0)
(3.07273841 -0.2519108747 0)
(3.07460506 -0.2556202926 0)
(3.077221619 -0.2651595706 0)
(3.078141375 -0.2741303954 0)
(3.079285009 -0.2775590016 0)
(3.081416018 -0.283535463 0)
(3.082800947 -0.2934228146 0)
(3.083471839 -0.2978770361 0)
(3.084994154 -0.2997698693 0)
(3.086474965 -0.3075653469 0)
(3.086831921 -0.3154150836 0)
(3.087948478 -0.3178378296 0)
(3.089438126 -0.3204071502 0)
(3.090645281 -0.3295777529 0)
(3.090629777 -0.3358352996 0)
(3.092130215 -0.33777348 0)
(3.093728218 -0.3404876659 0)
(3.09426304 -0.3487245734 0)
(3.043229564 -0.1335133887 0)
(3.045924972 -0.1441181942 0)
(3.048302708 -0.1551257644 0)
(3.050725301 -0.1622941679 0)
(3.053200666 -0.1688655117 0)
(3.055443619 -0.1789892936 0)
(3.057288071 -0.1887519583 0)
(3.059414646 -0.1947710124 0)
(3.061738201 -0.2012658447 0)
(3.063773364 -0.2119859052 0)
(3.065013199 -0.2198156937 0)
(3.067071781 -0.224346301 0)
(3.069476655 -0.232341476 0)
(3.070583109 -0.2414731218 0)
(3.071869261 -0.245401635 0)
(3.073909149 -0.2502263391 0)
(3.075251828 -0.2591082937 0)
(3.076067319 -0.2635789611 0)
(3.077226958 -0.265637862 0)
(3.078455551 -0.2734018813 0)
(3.07933074 -0.28135699 0)
(3.080771126 -0.284055262 0)
(3.081993353 -0.2877831731 0)
(3.083594717 -0.2980074508 0)
(3.08426918 -0.3039810484 0)
(3.086128733 -0.3058405556 0)
(3.087328204 -0.3107230309 0)
(3.088203747 -0.3202397593 0)
(3.088741041 -0.3247035533 0)
(3.090530485 -0.326019827 0)
(3.091448523 -0.3313655379 0)
(3.038543909 -0.1196844229 0)
(3.041081513 -0.1262446866 0)
(3.043697434 -0.136943962 0)
(3.046098192 -0.1472778179 0)
(3.048552583 -0.1534190758 0)
(3.050808584 -0.1601797403 0)
(3.053061754 -0.171259082 0)
(3.054795062 -0.1789831135 0)
(3.057029773 -0.1832873778 0)
(3.058967788 -0.1911661269 0)
(3.060332849 -0.2007790549 0)
(3.06197749 -0.2058815443 0)
(3.06415366 -0.2113938198 0)
(3.066002012 -0.2212370183 0)
(3.06716248 -0.2276387807 0)
(3.06891764 -0.2319210516 0)
(3.071338231 -0.2414010236 0)
(3.072597492 -0.2497870752 0)
(3.074020512 -0.2535655388 0)
(3.076051077 -0.2601229475 0)
(3.07761494 -0.2703946179 0)
(3.078314717 -0.275844466 0)
(3.080263828 -0.278692914 0)
(3.082025902 -0.2853723587 0)
(3.082586303 -0.2941809446 0)
(3.083278487 -0.2979401076 0)
(3.085067759 -0.2995576199 0)
(3.086255889 -0.3064202485 0)
(3.086649696 -0.3145870552 0)
(3.087476543 -0.3178810333 0)
(3.089346319 -0.3197071794 0)
(3.033770063 -0.1044854276 0)
(3.036468325 -0.112084459 0)
(3.038906158 -0.1191477321 0)
(3.041758796 -0.1306668073 0)
(3.04403404 -0.1399332911 0)
(3.046387406 -0.1450803733 0)
(3.048952447 -0.1539969274 0)
(3.051184571 -0.1654541322 0)
(3.053013766 -0.1714598514 0)
(3.055579343 -0.1776383249 0)
(3.057919464 -0.1884595997 0)
(3.05912403 -0.1958814026 0)
(3.061162796 -0.2008658492 0)
(3.063784169 -0.2099044197 0)
(3.065015771 -0.218617214 0)
(3.06642725 -0.2227545811 0)
(3.068649918 -0.2287609306 0)
(3.070280363 -0.2386057589 0)
(3.071189718 -0.2434920363 0)
(3.072827271 -0.2453586006 0)
(3.074099762 -0.2523656535 0)
(3.074895163 -0.260905682 0)
(3.076167211 -0.2640847184 0)
(3.077340142 -0.2659119425 0)
(3.078542951 -0.2745682397 0)
(3.079562742 -0.2830548434 0)
(3.081194803 -0.2862868058 0)
(3.082763685 -0.2889534101 0)
(3.083919256 -0.2977141118 0)
(3.084477356 -0.3047310019 0)
(3.086072512 -0.3073387399 0)
(3.028680038 -0.08669726506 0)
(3.031720268 -0.09758696183 0)
(3.034307064 -0.1043831033 0)
(3.036795418 -0.1123643156 0)
(3.039769663 -0.1245198042 0)
(3.041959109 -0.132080103 0)
(3.044249206 -0.1370045632 0)
(3.046954416 -0.1478397375 0)
(3.048770391 -0.1571887014 0)
(3.05090229 -0.1616679142 0)
(3.053382539 -0.1695823548 0)
(3.05508236 -0.1795075675 0)
(3.056557013 -0.1842159701 0)
(3.058459603 -0.1894908142 0)
(3.060533945 -0.1996625527 0)
(3.061862001 -0.2060880941 0)
(3.06335688 -0.2091806969 0)
(3.065252015 -0.2177215668 0)
(3.067065187 -0.2277909169 0)
(3.068737716 -0.2319183735 0)
(3.070450186 -0.2360790816 0)
(3.072457608 -0.2466089424 0)
(3.073288827 -0.2542041164 0)
(3.07503868 -0.2579446886 0)
(3.077099157 -0.2630507307 0)
(3.078248023 -0.2720722612 0)
(3.078726114 -0.2780401813 0)
(3.080519418 -0.2808816627 0)
(3.08203669 -0.2849833015 0)
(3.08283914 -0.2934653851 0)
(3.083199611 -0.2987721425 0)
(3.023577123 -0.06982476588 0)
(3.026817477 -0.08086128593 0)
(3.029700098 -0.09083663307 0)
(3.032127762 -0.0968942354 0)
(3.034860732 -0.1063027776 0)
(3.037708433 -0.1181035808 0)
(3.039945311 -0.1241405444 0)
(3.042387368 -0.1306768325 0)
(3.045089367 -0.1424765931 0)
(3.046828649 -0.1495017815 0)
(3.049145028 -0.1547433981 0)
(3.051930275 -0.1654175566 0)
(3.053398081 -0.1737098203 0)
(3.055244317 -0.1783683816 0)
(3.057832867 -0.1869157426 0)
(3.059474845 -0.1966716189 0)
(3.060883915 -0.2016186317 0)
(3.062965969 -0.2064450688 0)
(3.065038909 -0.2162762736 0)
(3.065989313 -0.2235129581 0)
(3.067880239 -0.2266950182 0)
(3.069640381 -0.2318620184 0)
(3.070691184 -0.2409228036 0)
(3.071592755 -0.2458018679 0)
(3.073391111 -0.2476653904 0)
(3.074089588 -0.2528649929 0)
(3.075106818 -0.2618462821 0)
(3.076222931 -0.2668336191 0)
(3.0780822 -0.2691014594 0)
(3.079005434 -0.2748572418 0)
(3.080261998 -0.2839741849 0)
(3.018983512 -0.05586622988 0)
(3.021624674 -0.06384854524 0)
(3.024973196 -0.07517772941 0)
(3.02771059 -0.08408403602 0)
(3.030050478 -0.09007914781 0)
(3.033056326 -0.1008396616 0)
(3.035607466 -0.1109983182 0)
(3.037945114 -0.1163555339 0)
(3.040625786 -0.1251317255 0)
(3.04291344 -0.1357815099 0)
(3.044862784 -0.1410688982 0)
(3.047248232 -0.1477891626 0)
(3.04951425 -0.1583011208 0)
(3.051127124 -0.1641485564 0)
(3.052965157 -0.1686809527 0)
(3.05509738 -0.1783246463 0)
(3.056619844 -0.18611373 0)
(3.058423907 -0.1895618355 0)
(3.059779044 -0.1954774923 0)
(3.061650984 -0.2058926119 0)
(3.063216001 -0.211708031 0)
(3.065048503 -0.2145849812 0)
(3.066678078 -0.2227636489 0)
(3.068343643 -0.2327098407 0)
(3.069754104 -0.2374042042 0)
(3.071818912 -0.2412325345 0)
(3.073485049 -0.2495994429 0)
(3.074280628 -0.2577444084 0)
(3.0754846 -0.26218218 0)
(3.077532861 -0.2653303513 0)
(3.078725762 -0.2719435376 0)
(3.014461778 -0.04238033915 0)
(3.017091828 -0.04997253985 0)
(3.019791336 -0.05829793276 0)
(3.023094159 -0.06939698411 0)
(3.025732234 -0.07724581851 0)
(3.028194029 -0.0842462539 0)
(3.031244422 -0.09545654216 0)
(3.03362343 -0.1036586633 0)
(3.035995994 -0.1094667467 0)
(3.038858705 -0.1199775452 0)
(3.040915 -0.1287215917 0)
(3.043034139 -0.1338907299 0)
(3.045717605 -0.1430307575 0)
(3.047690418 -0.1524897127 0)
(3.049473394 -0.15734886 0)
(3.051731764 -0.1642360755 0)
(3.053978185 -0.1748307723 0)
(3.055371383 -0.1811860575 0)
(3.057368656 -0.1853972578 0)
(3.059577527 -0.1939160746 0)
(3.060937539 -0.2031738298 0)
(3.062344381 -0.2078493263 0)
(3.064363402 -0.211315423 0)
(3.06616133 -0.2199014525 0)
(3.067072498 -0.2277755033 0)
(3.068675188 -0.2311177597 0)
(3.070116149 -0.2335625805 0)
(3.070959562 -0.241191176 0)
(3.071849602 -0.248319071 0)
(3.073483205 -0.2516324824 0)
(3.074588942 -0.2541483229 0)
(3.00995138 -0.02864386144 0)
(3.012789814 -0.0372971699 0)
(3.015304859 -0.04450681808 0)
(3.018129115 -0.05329613555 0)
(3.021207993 -0.06344315543 0)
(3.023777865 -0.07061352711 0)
(3.026454281 -0.07896498172 0)
(3.029372136 -0.08968295395 0)
(3.031726552 -0.0965390079 0)
(3.034210659 -0.1036615806 0)
(3.036916944 -0.1142262413 0)
(3.038984403 -0.1212509473 0)
(3.041192555 -0.1271448653 0)
(3.043769483 -0.1372133612 0)
(3.045636446 -0.1448642791 0)
(3.04754398 -0.149127931 0)
(3.049487995 -0.1569531204 0)
(3.051405441 -0.1664819962 0)
(3.053287367 -0.1714789391 0)
(3.05479448 -0.1752048884 0)
(3.05633222 -0.1841130524 0)
(3.058051922 -0.1927224334 0)
(3.060103683 -0.1967550818 0)
(3.0612422 -0.2004314026 0)
(3.062975825 -0.2101868613 0)
(3.064549879 -0.2180924753 0)
(3.066554629 -0.2217539493 0)
(3.068146719 -0.2267656836 0)
(3.069786901 -0.2363085736 0)
(3.070674427 -0.242936636 0)
(3.072482336 -0.2468567417 0)
(3.006199832 -0.01758576886 0)
(3.008577616 -0.02460498147 0)
(3.011176578 -0.03238460437 0)
(3.013637607 -0.03948716784 0)
(3.01653221 -0.04851577029 0)
(3.019397008 -0.05760384721 0)
(3.021890463 -0.06454069935 0)
(3.024744527 -0.0738540251 0)
(3.027491822 -0.08346160249 0)
(3.029896727 -0.09005818453 0)
(3.032515447 -0.09851579551 0)
(3.035007621 -0.1080813504 0)
(3.037149581 -0.1142169954 0)
(3.039494803 -0.1216180636 0)
(3.041950179 -0.1316432362 0)
(3.043894259 -0.1381351297 0)
(3.045917976 -0.143415092 0)
(3.048222716 -0.1528486927 0)
(3.049977384 -0.1613118465 0)
(3.051932235 -0.1662425193 0)
(3.053903099 -0.1720532876 0)
(3.055854882 -0.1816137381 0)
(3.057183601 -0.1889266463 0)
(3.059128049 -0.1931623562 0)
(3.06096367 -0.1985848174 0)
(3.062579061 -0.2078017761 0)
(3.063616813 -0.2139354497 0)
(3.065568815 -0.2167207637 0)
(3.066898584 -0.2214519134 0)
(3.067990302 -0.2298870301 0)
(3.068966162 -0.2349474887 0)
(3.003439301 -0.009660980519 0)
(3.005124069 -0.01447781069 0)
(3.007311782 -0.02090136724 0)
(3.009673431 -0.02784222183 0)
(3.012068063 -0.0348325062 0)
(3.014946265 -0.04375019231 0)
(3.017646007 -0.05196948907 0)
(3.020158851 -0.05923359617 0)
(3.023006849 -0.06861062426 0)
(3.025645886 -0.07712429071 0)
(3.028116263 -0.0841815593 0)
(3.030808446 -0.09343482734 0)
(3.033141721 -0.1016262837 0)
(3.035333421 -0.1076449699 0)
(3.037772359 -0.1162601969 0)
(3.040010533 -0.1252946644 0)
(3.042093129 -0.1308009663 0)
(3.044049211 -0.1368857942 0)
(3.046154423 -0.1463911056 0)
(3.0479727 -0.1534453476 0)
(3.050025017 -0.1575533928 0)
(3.051374336 -0.1636159602 0)
(3.05310502 -0.172890007 0)
(3.054880357 -0.1792041223 0)
(3.056771775 -0.1824077103 0)
(3.057710341 -0.1884261931 0)
(3.05964486 -0.1983385489 0)
(3.061303143 -0.2040486519 0)
(3.063099964 -0.2067126076 0)
(3.064484523 -0.2137935761 0)
(3.066195078 -0.2233292212 0)
(3.00155769 -0.004308901064 0)
(3.002681042 -0.007491448751 0)
(3.004171518 -0.01174209461 0)
(3.00614987 -0.01751144453 0)
(3.008296813 -0.02375119981 0)
(3.010624527 -0.03058589282 0)
(3.013354259 -0.03892532424 0)
(3.015964716 -0.04666626973 0)
(3.018545017 -0.05441017273 0)
(3.021304423 -0.0633602607 0)
(3.023816375 -0.07092927923 0)
(3.026383864 -0.0787687108 0)
(3.029074903 -0.08814924005 0)
(3.031362116 -0.09533245344 0)
(3.033569294 -0.1017533345 0)
(3.036132404 -0.1112142615 0)
(3.038265601 -0.1192075585 0)
(3.040337156 -0.1243051486 0)
(3.042458956 -0.1317468447 0)
(3.044682019 -0.1415140938 0)
(3.046495563 -0.1478612946 0)
(3.048528967 -0.1524130345 0)
(3.050481097 -0.1602611873 0)
(3.052258501 -0.1694849921 0)
(3.053821244 -0.1751861533 0)
(3.055789472 -0.1790744977 0)
(3.05763582 -0.1866505796 0)
(3.059056499 -0.1955773023 0)
(3.060366075 -0.2003509505 0)
(3.062257809 -0.2031167923 0)
(3.06382212 -0.2103364406 0)
(3.000549946 -0.001494355938 0)
(3.001140203 -0.003139692549 0)
(3.002053329 -0.005709557638 0)
(3.003342033 -0.009370830666 0)
(3.005083995 -0.0144129628 0)
(3.007057032 -0.02011315551 0)
(3.009293649 -0.02668614664 0)
(3.011823483 -0.03427452611 0)
(3.014321827 -0.04161671564 0)
(3.016995921 -0.04979844802 0)
(3.019646551 -0.05816350756 0)
(3.022069932 -0.06526193687 0)
(3.024691255 -0.07360197292 0)
(3.027335159 -0.08266036306 0)
(3.029589216 -0.0891532238 0)
(3.031848775 -0.09625287626 0)
(3.034433723 -0.1059476633 0)
(3.036550209 -0.1130431037 0)
(3.038533475 -0.1178242414 0)
(3.040624053 -0.1259228203 0)
(3.042783784 -0.1352588195 0)
(3.04478595 -0.140840968 0)
(3.046542875 -0.1448939114 0)
(3.048137688 -0.1529026561 0)
(3.049955607 -0.1615829507 0)
(3.051923958 -0.1663563961 0)
(3.053265512 -0.1694190658 0)
(3.054551842 -0.1775018488 0)
(3.056363794 -0.1863062202 0)
(3.058294035 -0.1904920221 0)
(3.05955988 -0.1933941802 0)
(3.000146083 -0.0003899645994 0)
(3.000369725 -0.0009993035515 0)
(3.000813269 -0.002228568947 0)
(3.001543927 -0.004273096806 0)
(3.00263376 -0.007356380612 0)
(3.004132714 -0.01165843106 0)
(3.005927725 -0.0168285928 0)
(3.008063562 -0.02308696298 0)
(3.010386574 -0.02994999441 0)
(3.012776705 -0.03697265952 0)
(3.015438332 -0.04513567463 0)
(3.018021468 -0.05305869423 0)
(3.020399478 -0.06005120634 0)
(3.023087263 -0.06873849699 0)
(3.025627731 -0.07713482081 0)
(3.027831379 -0.08325850144 0)
(3.03016349 -0.09100805901 0)
(3.032760424 -0.1006675751 0)
(3.034888345 -0.1071389511 0)
(3.036830824 -0.1121688318 0)
(3.039087122 -0.1209743293 0)
(3.041192995 -0.1298527358 0)
(3.043211281 -0.1350971118 0)
(3.045064857 -0.1400892478 0)
(3.047143241 -0.1491778557 0)
(3.048786834 -0.1572586418 0)
(3.050647969 -0.1618978007 0)
(3.052460315 -0.1665620042 0)
(3.054393922 -0.1755435025 0)
(3.05559523 -0.1830330129 0)
(3.057301435 -0.1869216964 0)
(3.000026981 -7.053230589e-05 0)
(3.00008857 -0.0002349884177 0)
(3.000241553 -0.0006493637343 0)
(3.000564653 -0.001539083579 0)
(3.001135736 -0.00312854891 0)
(3.002039242 -0.005673407008 0)
(3.003307556 -0.009287709924 0)
(3.004913715 -0.01389518648 0)
(3.00689601 -0.01968071311 0)
(3.009059841 -0.02600641998 0)
(3.011348314 -0.03274532057 0)
(3.01393266 -0.04061486158 0)
(3.016397363 -0.0479822585 0)
(3.018799402 -0.05516683332 0)
(3.021513344 -0.06396710538 0)
(3.023970863 -0.07176102985 0)
(3.026106851 -0.07767800159 0)
(3.028544521 -0.08599809333 0)
(3.031064116 -0.09522744842 0)
(3.033222826 -0.1011927581 0)
(3.035132083 -0.1066083007 0)
(3.03743522 -0.1157790389 0)
(3.039460967 -0.1238134847 0)
(3.041553859 -0.1284518988 0)
(3.043156217 -0.1336863544 0)
(3.045123173 -0.1428617611 0)
(3.046871026 -0.1500217499 0)
(3.048897504 -0.1537362913 0)
(3.049951798 -0.158205358 0)
(3.051694535 -0.1673797855 0)
(3.053347509 -0.1743348917 0)
(3.000003255 -8.318804395e-06 0)
(3.000014504 -3.767517261e-05 0)
(3.000051876 -0.0001367739615 0)
(3.000153091 -0.0004093175393 0)
(3.000381643 -0.001034526416 0)
(3.00081555 -0.002235463906 0)
(3.001544673 -0.004280333519 0)
(3.002608463 -0.007293535194 0)
(3.004020024 -0.01132809208 0)
(3.005812012 -0.01652335198 0)
(3.007810356 -0.02232773734 0)
(3.010039462 -0.02889460402 0)
(3.012490477 -0.03629689034 0)
(3.014831896 -0.04316095801 0)
(3.017234876 -0.05044432393 0)
(3.019971608 -0.05928796114 0)
(3.022334685 -0.06647730207 0)
(3.024448216 -0.07246785352 0)
(3.026989513 -0.0811908713 0)
(3.029424042 -0.08990013178 0)
(3.031547613 -0.09537228011 0)
(3.033504246 -0.1014608825 0)
(3.035942969 -0.1110053506 0)
(3.037905181 -0.1183672715 0)
(3.039925659 -0.1227322077 0)
(3.041730253 -0.1290774598 0)
(3.043916253 -0.1386402937 0)
(3.045550092 -0.1452518262 0)
(3.047510652 -0.1492090498 0)
(3.04922449 -0.155316391 0)
(3.051128884 -0.1645372795 0)
(3.000000245 -6.129917404e-07 0)
(3.000001528 -3.881713951e-06 0)
(3.000007494 -1.934233767e-05 0)
(3.0000293 -7.675968637e-05 0)
(3.000093851 -0.0002495189703 0)
(3.000250916 -0.000676399599 0)
(3.000571327 -0.001558278384 0)
(3.001142278 -0.00315143491 0)
(3.00201985 -0.005624534096 0)
(3.003248354 -0.009122002506 0)
(3.004828974 -0.01367711802 0)
(3.006654885 -0.01894542997 0)
(3.008798198 -0.02525732292 0)
(3.011134418 -0.03226061752 0)
(3.013327449 -0.03861129712 0)
(3.015743767 -0.04597027343 0)
(3.018437787 -0.05460899721 0)
(3.020740227 -0.0613837917 0)
(3.022831714 -0.06749331534 0)
(3.025475338 -0.07653327096 0)
(3.027815964 -0.0846184039 0)
(3.029886851 -0.08972390502 0)
(3.031852857 -0.09632035636 0)
(3.034347541 -0.105973437 0)
(3.036326318 -0.1127203451 0)
(3.038276365 -0.116778048 0)
(3.039932074 -0.1234354748 0)
(3.042064783 -0.1327168819 0)
(3.043906323 -0.1386962541 0)
(3.045744122 -0.1420409366 0)
(3.04687345 -0.1480564983 0)
(3.000000011 -2.663134335e-08 0)
(3.000000099 -2.455400981e-07 0)
(3.000000686 -1.731903514e-06 0)
(3.000003716 -9.530537548e-06 0)
(3.00001594 -4.149566827e-05 0)
(3.000055542 -0.0001467952102 0)
(3.00016004 -0.0004289713249 0)
(3.000390232 -0.001059082982 0)
(3.000824531 -0.002264293824 0)
(3.001531713 -0.004246268607 0)
(3.00258214 -0.007227052438 0)
(3.00396395 -0.01118670037 0)
(3.005598281 -0.01587990898 0)
(3.007630922 -0.02184281278 0)
(3.009834341 -0.02840866756 0)
(3.011929942 -0.03443983924 0)
(3.014308916 -0.04168647301 0)
(3.016944373 -0.05004798355 0)
(3.019161902 -0.05639723676 0)
(3.021282977 -0.06278171247 0)
(3.02397411 -0.07190445106 0)
(3.026266738 -0.07953728879 0)
(3.028254655 -0.08440115578 0)
(3.030287682 -0.09147689932 0)
(3.032793497 -0.1009902836 0)
(3.03479448 -0.1073787013 0)
(3.036677582 -0.1115678606 0)
(3.038569161 -0.1189781049 0)
(3.040699901 -0.1280355033 0)
(3.042489761 -0.1337211033 0)
(3.044321656 -0.1375859199 0)
(3 -6.56705895e-10 0)
(3.000000004 -9.059074791e-09 0)
(3.000000038 -9.370025361e-08 0)
(3.000000294 -7.377718081e-07 0)
(3.000001765 -4.497967774e-06 0)
(3.00000834 -2.157611182e-05 0)
(3.000031705 -8.328325291e-05 0)
(3.000098782 -0.0002631935917 0)
(3.000259155 -0.0006997980306 0)
(3.000581281 -0.001588769117 0)
(3.00113593 -0.003134716155 0)
(3.002013069 -0.005613623509 0)
(3.0032065 -0.009020124816 0)
(3.004663372 -0.01318225129 0)
(3.006535302 -0.01865129621 0)
(3.008607093 -0.02477517812 0)
(3.010602098 -0.03051504036 0)
(3.012966226 -0.0376833906 0)
(3.015489648 -0.04559165802 0)
(3.017646691 -0.05168264695 0)
(3.01976086 -0.05818960753 0)
(3.022477826 -0.0672884763 0)
(3.024736686 -0.07450334774 0)
(3.026692635 -0.07942207967 0)
(3.028768696 -0.08677456834 0)
(3.031226978 -0.09594764173 0)
(3.033267574 -0.1019300702 0)
(3.035066949 -0.1062147571 0)
(3.036951328 -0.1138795305 0)
(3.039048645 -0.1225231286 0)
(3.040975985 -0.1277115147 0)
(3 -8.982569947e-12 0)
(3 -1.878145538e-10 0)
(3.000000001 -2.924241131e-09 0)
(3.000000014 -3.401710167e-08 0)
(3.00000012 -2.997481659e-07 0)
(3.000000802 -2.030006684e-06 0)
(3.000004188 -1.076588668e-05 0)
(3.00001744 -4.552998996e-05 0)
(3.000058928 -0.0001560346364 0)
(3.000166836 -0.000448103882 0)
(3.000399489 -0.001086721569 0)
(3.000824434 -0.002264593437 0)
(3.001535702 -0.004265585621 0)
(3.002551031 -0.007150527267 0)
(3.003837905 -0.01081463905 0)
(3.005541712 -0.01576441942 0)
(3.00744784 -0.02135539516 0)
(3.009362517 -0.02686419239 0)
(3.01166064 -0.03380306523 0)
(3.014099703 -0.04135133159 0)
(3.016178211 -0.0471905783 0)
(3.018332069 -0.05387281897 0)
(3.020989647 -0.06266511853 0)
(3.023233025 -0.06958659589 0)
(3.025145845 -0.07459568887 0)
(3.027339723 -0.08229592794 0)
(3.029736891 -0.09107439334 0)
(3.031764494 -0.09676397012 0)
(3.033499549 -0.1012507984 0)
(3.035601766 -0.1094175531 0)
(3.03765774 -0.117782616 0)
(3 -1.014008803e-13 0)
(3 -2.149131245e-12 0)
(3 -5.080568799e-11 0)
(3 -8.94778467e-10 0)
(3.000000005 -1.173168213e-08 0)
(3.000000047 -1.160018589e-07 0)
(3.000000348 -8.751828477e-07 0)
(3.000002014 -5.144136598e-06 0)
(3.000009226 -2.393778482e-05 0)
(3.00003395 -8.933478272e-05 0)
(3.000103925 -0.0002775413894 0)
(3.000266901 -0.000722404711 0)
(3.000584852 -0.001599061461 0)
(3.001147134 -0.003172742572 0)
(3.001990557 -0.005557855245 0)
(3.003115875 -0.008749581918 0)
(3.004639973 -0.01315831692 0)
(3.006387245 -0.01824317238 0)
(3.008191034 -0.02343810019 0)
(3.010421335 -0.03012542755 0)
(3.012741514 -0.03721390461 0)
(3.014784492 -0.04297901871 0)
(3.016941843 -0.04967823288 0)
(3.019559573 -0.05822148539 0)
(3.021748421 -0.06476873748 0)
(3.0236419 -0.06993940697 0)
(3.025901864 -0.07779832191 0)
(3.028273206 -0.08630720614 0)
(3.03027601 -0.09166432435 0)
(3.031934667 -0.09625969095 0)
(3.034084871 -0.1045849065 0)
(3 -6.884787301e-14 0)
(3 -8.170802541e-14 0)
(3 -5.327095877e-13 0)
(3 -1.303121734e-11 0)
(3 -2.593432979e-10 0)
(3.000000002 -3.838728268e-09 0)
(3.000000017 -4.269426751e-08 0)
(3.000000144 -3.600050485e-07 0)
(3.000000926 -2.350608558e-06 0)
(3.000004683 -1.207513937e-05 0)
(3.000018859 -4.931497004e-05 0)
(3.000062598 -0.0001661812979 0)
(3.000172934 -0.00046553498 0)
(3.00040453 -0.001100705573 0)
(3.000838153 -0.002308220199 0)
(3.001523859 -0.004236878182 0)
(3.002486466 -0.006958349909 0)
(3.003834961 -0.01083842952 0)
(3.005412708 -0.01540682752 0)
(3.007116442 -0.02030418195 0)
(3.009227429 -0.02659533831 0)
(3.01145454 -0.0333217618 0)
(3.013423163 -0.03890280826 0)
(3.015614749 -0.04566730272 0)
(3.018157952 -0.05386015925 0)
(3.020309786 -0.06020442393 0)
(3.022148469 -0.06536980814 0)
(3.024502022 -0.07340126535 0)
(3.026841062 -0.08164608754 0)
(3.028812234 -0.08683661206 0)
(3.030438177 -0.09157541239 0)
(3.032722577 -0.1001441931 0)
(3 -6.951594593e-14 0)
(3 -8.211418132e-14 0)
(3 -6.864954859e-14 0)
(3 -1.598767911e-13 0)
(3 -3.1789657e-12 0)
(3 -7.1127175e-11 0)
(3 -1.190554122e-09 0)
(3.000000006 -1.492189659e-08 0)
(3.000000057 -1.410709403e-07 0)
(3.000000407 -1.026093828e-06 0)
(3.000002277 -5.833878483e-06 0)
(3.000010077 -2.618521707e-05 0)
(3.000036413 -9.608461363e-05 0)
(3.000108552 -0.0002905482366 0)
(3.000272028 -0.0007364398857 0)
(3.000598071 -0.001639671621 0)
(3.001143009 -0.003164901798 0)
(3.001950332 -0.00543776211 0)
(3.003118457 -0.008784049207 0)
(3.004538185 -0.01287193035 0)
(3.006114995 -0.01740086891 0)
(3.008113709 -0.02330951331 0)
(3.010214299 -0.02959928035 0)
(3.012141278 -0.03508589673 0)
(3.014293491 -0.04169071854 0)
(3.016808984 -0.04969663526 0)
(3.018897709 -0.05578378734 0)
(3.020729473 -0.06103302384 0)
(3.023090918 -0.06900037497 0)
(3.02541799 -0.07705252048 0)
(3.027357102 -0.08203548444 0)
(3.028990216 -0.08702331661 0)
(3 -6.340069208e-14 0)
(3 -8.576527399e-14 0)
(3 -7.199353534e-14 0)
(3 -5.871122246e-14 0)
(3 -6.595213234e-14 0)
(3 -7.431681112e-13 0)
(3 -1.841680184e-11 0)
(3 -3.495177943e-10 0)
(3.000000002 -4.946662973e-09 0)
(3.000000021 -5.256966962e-08 0)
(3.00000017 -4.272977532e-07 0)
(3.000001059 -2.696246599e-06 0)
(3.000005168 -1.334465742e-05 0)
(3.000020416 -5.354144874e-05 0)
(3.000065933 -0.0001754361972 0)
(3.00017758 -0.0004781974042 0)
(3.000415697 -0.00113431237 0)
(3.000839336 -0.002314111688 0)
(3.001500715 -0.004168782009 0)
(3.002496288 -0.007005186114 0)
(3.00375142 -0.01060607665 0)
(3.0052061 -0.01476891227 0)
(3.007056099 -0.02020643774 0)
(3.009058892 -0.02616023642 0)
(3.010899807 -0.0314156442 0)
(3.013034514 -0.03790563731 0)
(3.015470179 -0.04557024796 0)
(3.017538007 -0.05158835992 0)
(3.019342881 -0.05682124927 0)
(3.021750372 -0.06481719886 0)
(3.024014956 -0.07251589407 0)
(3.025924659 -0.07738191623 0)
(3 -6.231324369e-14 0)
(3 -7.353989833e-14 0)
(3 -6.681661639e-14 0)
(3 -5.280612609e-14 0)
(3 -4.003824825e-14 0)
(3 -3.960294874e-14 0)
(3 -1.828501853e-13 0)
(3 -4.527618795e-12 0)
(3 -9.708686608e-11 0)
(3.000000001 -1.553886489e-09 0)
(3.000000008 -1.860415774e-08 0)
(3.000000068 -1.694671691e-07 0)
(3.000000471 -1.190585054e-06 0)
(3.00000254 -6.51736341e-06 0)
(3.00001101 -2.869082334e-05 0)
(3.000038688 -0.00010232104 0)
(3.000112377 -0.0003009410315 0)
(3.000281059 -0.0007630380563 0)
(3.000601903 -0.001652182866 0)
(3.001132272 -0.003132710559 0)
(3.00196231 -0.005486435455 0)
(3.003061071 -0.008623777376 0)
(3.004372588 -0.0123692117 0)
(3.00608272 -0.01735865225 0)
(3.00795557 -0.02289931152 0)
(3.009749403 -0.02802298914 0)
(3.011801225 -0.03421935817 0)
(3.014185908 -0.04164978553 0)
(3.016187986 -0.04742628905 0)
(3.018024729 -0.05281334114 0)
(3.020422278 -0.06069450318 0)
(3.022650652 -0.0681480704 0)
(3 -5.345280239e-14 0)
(3 -6.34236309e-14 0)
(3 -5.867315282e-14 0)
(3 -5.255261763e-14 0)
(3 -4.731420752e-14 0)
(3 -4.365934075e-14 0)
(3 -3.579944717e-14 0)
(3 -6.08423236e-14 0)
(3 -1.065172565e-12 0)
(3 -2.548922645e-11 0)
(3 -4.620951053e-10 0)
(3.000000003 -6.24589758e-09 0)
(3.000000026 -6.391768698e-08 0)
(3.000000199 -5.015374025e-07 0)
(3.000001195 -3.046347701e-06 0)
(3.000005701 -1.475999876e-05 0)
(3.000021886 -5.752482954e-05 0)
(3.000068839 -0.0001832884135 0)
(3.000184545 -0.0004983299631 0)
(3.000420986 -0.001150129858 0)
(3.000835504 -0.002302197486 0)
(3.001514892 -0.004218375859 0)
(3.002457228 -0.006900165045 0)
(3.003631445 -0.01023867678 0)
(3.005175918 -0.01472388221 0)
(3.006935953 -0.01989663292 0)
(3.008637203 -0.02476328389 0)
(3.010653841 -0.03079594886 0)
(3.012926265 -0.03781741638 0)
(3.014898307 -0.04348830908 0)
(3.016705773 -0.04883641504 0)
(3.019141566 -0.05674170956 0)
(3 -4.774297886e-14 0)
(3 -5.659419164e-14 0)
(3 -5.804314453e-14 0)
(3 -6.398999438e-14 0)
(3 -5.900185283e-14 0)
(3 -4.749136942e-14 0)
(3 -2.881074275e-14 0)
(3 -2.668325561e-14 0)
(3 -3.772831247e-14 0)
(3 -2.583577863e-13 0)
(3 -6.343961403e-12 0)
(3 -1.300174351e-10 0)
(3.000000001 -1.987600838e-09 0)
(3.000000009 -2.290004716e-08 0)
(3.000000081 -2.012596005e-07 0)
(3.000000537 -1.360830267e-06 0)
(3.00000283 -7.27961211e-06 0)
(3.000011915 -3.111885738e-05 0)
(3.000040741 -0.0001078272937 0)
(3.000117523 -0.0003155596249 0)
(3.000286585 -0.0007790998164 0)
(3.000602528 -0.001652930879 0)
(3.001145456 -0.003176844404 0)
(3.00194115 -0.005430987307 0)
(3.002969793 -0.00834821176 0)
(3.004362154 -0.01236589237 0)
(3.005974397 -0.01708373068 0)
(3.007607665 -0.02174713394 0)
(3.009529881 -0.02746908477 0)
(3.011739115 -0.03424305654 0)
(3.013625757 -0.03962987718 0)
(3.015461173 -0.04508642915 0)
(3 -4.005840273e-14 0)
(3 -4.101664385e-14 0)
(3 -4.560341427e-14 0)
(3 -5.260933861e-14 0)
(3 -5.131198843e-14 0)
(3 -4.296925949e-14 0)
(3 -3.392754831e-14 0)
(3 -2.483328184e-14 0)
(3 -2.646797214e-14 0)
(3 -2.254281184e-14 0)
(3 -7.227575546e-14 0)
(3 -1.521715383e-12 0)
(3 -3.460562372e-11 0)
(3 -5.989815281e-10 0)
(3.000000003 -7.786254155e-09 0)
(3.000000031 -7.683577381e-08 0)
(3.00000023 -5.801103445e-07 0)
(3.000001345 -3.437198807e-06 0)
(3.000006232 -1.61716151e-05 0)
(3.000023255 -6.11703227e-05 0)
(3.000072454 -0.0001934028415 0)
(3.000189614 -0.000512800119 0)
(3.000423706 -0.001157084439 0)
(3.00084835 -0.002342628954 0)
(3.001503985 -0.004192933487 0)
(3.002394327 -0.006707119742 0)
(3.003623732 -0.01024139914 0)
(3.005104556 -0.01454771732 0)
(3.006622434 -0.01888346057 0)
(3.008482038 -0.02437656671 0)
(3.010572982 -0.03073787589 0)
(3.012435313 -0.0360574765 0)
(3 -2.110522651e-14 0)
(3 -1.527479941e-14 0)
(3 -3.807087726e-14 0)
(3 -4.684769249e-14 0)
(3 -4.108303154e-14 0)
(3 -3.67753801e-14 0)
(3 -3.071638077e-14 0)
(3 -2.457666512e-14 0)
(3 -2.258462341e-14 0)
(3 -2.010936586e-14 0)
(3 -5.005607677e-15 0)
(3 -2.343513317e-14 0)
(3 -3.678206868e-13 0)
(3 -8.723897182e-12 0)
(3 -1.708227412e-10 0)
(3.000000001 -2.510096344e-09 0)
(3.000000011 -2.787754843e-08 0)
(3.000000094 -2.356609634e-07 0)
(3.000000611 -1.551521885e-06 0)
(3.000003127 -8.060663508e-06 0)
(3.00001278 -3.340438374e-05 0)
(3.00004318 -0.000114560842 0)
(3.000121687 -0.0003273056187 0)
(3.00029019 -0.0007886257171 0)
(3.000613865 -0.00168776395 0)
(3.00114368 -0.003175790636 0)
(3.001895275 -0.005292325527 0)
(3.002973206 -0.008373528095 0)
(3.004301587 -0.01222402116 0)
(3.005731947 -0.01629629092 0)
(3.007463485 -0.0213936478 0)
(3.009477778 -0.02746424517 0)
(3 -6.048785793e-15 0)
(3 -1.021083518e-14 0)
(3 -4.908892266e-14 0)
(3 -5.333000427e-14 0)
(3 -3.418807831e-14 0)
(3 -2.606428268e-14 0)
(3 -2.311608461e-14 0)
(3 -2.543501621e-14 0)
(3 -1.618158127e-14 0)
(3 -7.850746899e-15 0)
(3 -1.722498384e-15 0)
(3 5.846627846e-15 0)
(3 -1.992807942e-14 0)
(3 -8.536110185e-14 0)
(3 -2.064379476e-12 0)
(3 -4.603050048e-11 0)
(3 -7.664809338e-10 0)
(3.000000004 -9.601645307e-09 0)
(3.000000037 -9.111240351e-08 0)
(3.000000265 -6.685582224e-07 0)
(3.000001502 -3.847734707e-06 0)
(3.00000675 -1.753073556e-05 0)
(3.000024831 -6.546583461e-05 0)
(3.000075644 -0.0002023086714 0)
(3.000193161 -0.0005222779178 0)
(3.000433552 -0.001186448462 0)
(3.000851002 -0.002353957163 0)
(3.001475798 -0.004105790857 0)
(3.002397215 -0.006730378566 0)
(3.003587101 -0.01015772989 0)
(3.00489678 -0.01389038957 0)
(3.00653781 -0.01868279858 0)
(3 -2.023016727e-14 0)
(3 -1.670514344e-14 0)
(3 -3.085019528e-14 0)
(3 -4.281371099e-14 0)
(3 -3.709530219e-14 0)
(3 -3.303741135e-14 0)
(3 -2.74910169e-14 0)
(3 -2.340603669e-14 0)
(3 -1.307562896e-14 0)
(3 1.653790705e-15 0)
(3 1.914470892e-15 0)
(3 -1.087608467e-14 0)
(3 -1.775492266e-14 0)
(3 -3.674042113e-14 0)
(3 -6.004228839e-14 0)
(3 -5.198021284e-13 0)
(3 -1.181558918e-11 0)
(3 -2.216488962e-10 0)
(3.000000001 -3.136216834e-09 0)
(3.000000014 -3.348255585e-08 0)
(3.00000011 -2.746164817e-07 0)
(3.00000069 -1.756281992e-06 0)
(3.000003421 -8.826912635e-06 0)
(3.000013754 -3.603037268e-05 0)
(3.000045457 -0.0001208586012 0)
(3.000124831 -0.0003357301168 0)
(3.000298135 -0.0008119268289 0)
(3.00061931 -0.001705699839 0)
(3.001126453 -0.003123101483 0)
(3.001904661 -0.005327622479 0)
(3.002942409 -0.008305913892 0)
(3.004149649 -0.01173548702 0)
(3 -1.940426512e-14 0)
(3 -1.392263975e-14 0)
(3 -1.590912575e-14 0)
(3 -4.262321648e-14 0)
(3 -3.64965598e-14 0)
(3 -3.344186008e-14 0)
(3 -2.914651196e-14 0)
(3 -2.498318646e-14 0)
(3 -1.500791321e-14 0)
(3 -1.108316167e-16 0)
(3 -1.017601103e-15 0)
(3 -1.276457002e-14 0)
(3 -2.584216916e-14 0)
(3 -3.743358459e-14 0)
(3 -3.488282084e-14 0)
(3 -3.533219252e-14 0)
(3 -1.293266152e-13 0)
(3 -2.855426414e-12 0)
(3 -6.057427879e-11 0)
(3 -9.702029519e-10 0)
(3.000000005 -1.168077493e-08 0)
(3.000000043 -1.073706186e-07 0)
(3.000000303 -7.653250992e-07 0)
(3.000001661 -4.257648097e-06 0)
(3.000007324 -1.906320936e-05 0)
(3.000026364 -6.966775102e-05 0)
(3.000078156 -0.0002090421113 0)
(3.000199479 -0.0005404636571 0)
(3.000439476 -0.001205026826 0)
(3.000843138 -0.002328389184 0)
(3.001484354 -0.004138090778 0)
(3.002383783 -0.006703514313 0)
(3 -1.230022366e-14 0)
(3 -1.296406593e-14 0)
(3 -1.841267904e-14 0)
(3 -2.695384122e-14 0)
(3 -3.484230928e-14 0)
(3 -3.325919625e-14 0)
(3 -2.960493646e-14 0)
(3 -2.698953269e-14 0)
(3 -1.859645911e-14 0)
(3 -8.131747714e-15 0)
(3 -1.056368905e-14 0)
(3 -1.142357886e-14 0)
(3 -1.23967745e-14 0)
(3 -1.971036621e-14 0)
(3 -2.4820941e-14 0)
(3 -2.708832811e-14 0)
(3 -3.089159497e-14 0)
(3 -6.872865214e-14 0)
(3 -7.144242496e-13 0)
(3 -1.570725448e-11 0)
(3 -2.840260097e-10 0)
(3.000000002 -3.863309117e-09 0)
(3.000000016 -3.990606065e-08 0)
(3.000000126 -3.178676687e-07 0)
(3.000000771 -1.964168692e-06 0)
(3.000003744 -9.680639896e-06 0)
(3.000014728 -3.86744921e-05 0)
(3.000047337 -0.0001258839641 0)
(3.00012955 -0.0003491459697 0)
(3.000304071 -0.0008296934455 0)
(3.000616368 -0.001695669067 0)
(3.001136882 -0.003156733591 0)
(3 -6.011318091e-15 0)
(3 -9.025540649e-15 0)
(3 -1.883313793e-14 0)
(3 -1.949640152e-14 0)
(3 -3.471267766e-14 0)
(3 -3.357161126e-14 0)
(3 -2.793449546e-14 0)
(3 -2.433910804e-14 0)
(3 -1.734857293e-14 0)
(3 -4.077347313e-15 0)
(3 -2.853699246e-15 0)
(3 -4.30708083e-15 0)
(3 -8.08327719e-15 0)
(3 -1.368984553e-14 0)
(3 -2.463621167e-14 0)
(3 -2.851191985e-14 0)
(3 -4.019165887e-14 0)
(3 -4.037077542e-14 0)
(3 -3.75712681e-14 0)
(3 -1.560002569e-13 0)
(3 -3.804257006e-12 0)
(3 -7.848828301e-11 0)
(3 -1.209744979e-09 0)
(3.000000006 -1.407863504e-08 0)
(3.00000005 -1.25651888e-07 0)
(3.000000342 -8.651103136e-07 0)
(3.000001834 -4.710789683e-06 0)
(3.000007911 -2.064017484e-05 0)
(3.00002768 -7.31731035e-05 0)
(3.00008155 -0.0002185638814 0)
(3.000204611 -0.0005555294062 0)
(3.00044022 -0.001205848829 0)
(3 -3.692352285e-15 0)
(3 -2.630178554e-15 0)
(3 -2.209017613e-14 0)
(3 -2.419008004e-14 0)
(3 -2.193653393e-14 0)
(3 -1.948765396e-14 0)
(3 -1.661608782e-14 0)
(3 -1.385276642e-14 0)
(3 -1.334258762e-14 0)
(3 -2.640626755e-15 0)
(3 5.570571241e-15 0)
(3 -3.05109076e-15 0)
(3 -7.820143848e-15 0)
(3 -1.159563459e-14 0)
(3 -2.900861974e-14 0)
(3 -3.551199035e-14 0)
(3 -5.054676901e-14 0)
(3 -5.588586964e-14 0)
(3 -3.746307377e-14 0)
(3 -1.612369319e-14 0)
(3 -2.268369456e-14 0)
(3 -8.508301926e-13 0)
(3 -2.046967988e-11 0)
(3 -3.582646538e-10 0)
(3.000000002 -4.708401673e-09 0)
(3.000000019 -4.720694701e-08 0)
(3.000000144 -3.631807358e-07 0)
(3.000000859 -2.193010247e-06 0)
(3.000004078 -1.057168618e-05 0)
(3.000015598 -4.098562526e-05 0)
(3.000049658 -0.0001323163021 0)
(3.000133743 -0.0003612166459 0)
(3 -1.013869539e-15 0)
(3 -8.193849962e-15 0)
(3 -2.688099465e-14 0)
(3 -3.791866348e-14 0)
(3 -2.18154352e-14 0)
(3 -1.695780494e-14 0)
(3 -8.979654484e-15 0)
(3 -1.217074012e-14 0)
(3 -1.400658326e-14 0)
(3 -7.850528265e-15 0)
(3 1.51589214e-14 0)
(3 5.345511118e-15 0)
(3 -3.359904768e-15 0)
(3 -1.303861851e-14 0)
(3 -2.428462393e-14 0)
(3 -3.772427862e-14 0)
(3 -5.337578406e-14 0)
(3 -5.572846184e-14 0)
(3 -4.779498479e-14 0)
(3 -1.57700843e-14 0)
(3 -7.70322133e-15 0)
(3 7.712836745e-15 0)
(3 -1.574789811e-13 0)
(3 -4.998443037e-12 0)
(3 -1.001707026e-10 0)
(3.000000001 -1.490521236e-09 0)
(3.000000007 -1.683301972e-08 0)
(3.000000058 -1.45110308e-07 0)
(3.000000384 -9.748047708e-07 0)
(3.000002015 -5.18971181e-06 0)
(3.000008452 -2.206987483e-05 0)
(3.000029219 -7.738701374e-05 0)
(3 -8.776243301e-15 0)
(3 -1.219358561e-14 0)
(3 -2.456644605e-14 0)
(3 -4.277530157e-14 0)
(3 -3.652589311e-14 0)
(3 -3.298584688e-14 0)
(3 -2.426087788e-14 0)
(3 -1.868519636e-14 0)
(3 -1.329791778e-14 0)
(3 -1.12742193e-14 0)
(3 6.80379606e-16 0)
(3 3.87237459e-15 0)
(3 -6.210541914e-15 0)
(3 -1.353427758e-14 0)
(3 -1.985820061e-14 0)
(3 -3.34046562e-14 0)
(3 -5.697955837e-14 0)
(3 -6.200855631e-14 0)
(3 -5.547136644e-14 0)
(3 -3.762524175e-14 0)
(3 -1.167276494e-14 0)
(3 2.404216753e-15 0)
(3 1.431933653e-14 0)
(3 -1.017602952e-14 0)
(3 -1.148699461e-12 0)
(3 -2.645528183e-11 0)
(3 -4.463369199e-10 0)
(3.000000002 -5.688038916e-09 0)
(3.000000022 -5.512003255e-08 0)
(3.000000164 -4.129606596e-07 0)
(3.000000953 -2.438068806e-06 0)
(3.000004396 -1.140539261e-05 0)
(3 -1.735743402e-14 0)
(3 -2.132607446e-14 0)
(3 -2.78645462e-14 0)
(3 -3.92505265e-14 0)
(3 -3.805086242e-14 0)
(3 -3.139231387e-14 0)
(3 -2.809126262e-14 0)
(3 -1.499302654e-14 0)
(3 -9.316503037e-15 0)
(3 -7.578701724e-15 0)
(3 8.19406646e-16 0)
(3 9.016041966e-15 0)
(3 -3.841134808e-15 0)
(3 -9.255815798e-15 0)
(3 -1.601154474e-14 0)
(3 -3.033984139e-14 0)
(3 -4.517872861e-14 0)
(3 -5.960927706e-14 0)
(3 -5.995155807e-14 0)
(3 -4.743773127e-14 0)
(3 -3.269087466e-14 0)
(3 -5.335888556e-15 0)
(3 2.156041532e-14 0)
(3 3.149215173e-14 0)
(3 3.695969913e-14 0)
(3 -2.254771965e-13 0)
(3 -6.592705429e-12 0)
(3 -1.263222879e-10 0)
(3.000000001 -1.819191998e-09 0)
(3.000000008 -1.98767336e-08 0)
(3.000000066 -1.665012697e-07 0)
(3.00000043 -1.094099825e-06 0)
(3 -1.696323018e-14 0)
(3 -2.370933748e-14 0)
(3 -2.654518282e-14 0)
(3 -3.975953466e-14 0)
(3 -3.641537919e-14 0)
(3 -2.903538388e-14 0)
(3 -2.574783627e-14 0)
(3 -1.945673255e-14 0)
(3 -1.548394544e-14 0)
(3 -1.217345733e-14 0)
(3 -1.984717299e-15 0)
(3 1.23927595e-14 0)
(3 -2.600963761e-15 0)
(3 -9.821901198e-15 0)
(3 -1.970707684e-14 0)
(3 -3.608113888e-14 0)
(3 -4.231760379e-14 0)
(3 -4.899950046e-14 0)
(3 -6.187407846e-14 0)
(3 -4.875263855e-14 0)
(3 -3.175025358e-14 0)
(3 -5.533496362e-15 0)
(3 2.39870549e-14 0)
(3 3.285500077e-14 0)
(3 4.759660197e-14 0)
(3 5.834336612e-14 0)
(3 -7.889865227e-15 0)
(3 -1.546509013e-12 0)
(3 -3.375299556e-11 0)
(3 -5.501732684e-10 0)
(3.000000003 -6.794050202e-09 0)
(3.000000026 -6.382872081e-08 0)
(3 -1.101567139e-14 0)
(3 -1.174868402e-14 0)
(3 -2.338451272e-14 0)
(3 -3.42380669e-14 0)
(3 -2.756133204e-14 0)
(3 -2.22226207e-14 0)
(3 -2.321160784e-14 0)
(3 -2.108063088e-14 0)
(3 -2.10292907e-14 0)
(3 -1.949139649e-14 0)
(3 -6.557302553e-15 0)
(3 1.063216333e-14 0)
(3 -1.536515034e-15 0)
(3 -8.464266948e-15 0)
(3 -1.628899111e-14 0)
(3 -2.786376964e-14 0)
(3 -3.139054058e-14 0)
(3 -3.253679115e-14 0)
(3 -3.926621652e-14 0)
(3 -4.599940865e-14 0)
(3 -3.388183983e-14 0)
(3 -2.00924843e-14 0)
(3 -3.370244503e-15 0)
(3 1.146567348e-14 0)
(3 2.991886323e-14 0)
(3 4.314778114e-14 0)
(3 5.706210835e-14 0)
(3 -3.75443197e-15 0)
(3 -3.47263312e-13 0)
(3 -8.490643958e-12 0)
(3 -1.572524299e-10 0)
(3.000000001 -2.197154711e-09 0)
(3 -1.198086116e-14 0)
(3 -1.348408437e-14 0)
(3 -2.541564631e-14 0)
(3 -3.155401147e-14 0)
(3 -2.024128571e-14 0)
(3 -1.551087369e-14 0)
(3 -1.670894678e-14 0)
(3 -1.307019615e-14 0)
(3 -1.772001631e-14 0)
(3 -1.936516445e-14 0)
(3 -5.224073924e-15 0)
(3 1.198124442e-14 0)
(3 7.469119272e-15 0)
(3 -1.819721784e-15 0)
(3 -6.850003996e-15 0)
(3 -1.258309493e-14 0)
(3 -1.206502369e-14 0)
(3 -1.722041141e-14 0)
(3 -2.164284955e-14 0)
(3 -4.1694085e-14 0)
(3 -4.322433151e-14 0)
(3 -2.847313676e-14 0)
(3 -2.145624473e-14 0)
(3 -8.560442211e-15 0)
(3 1.19692059e-14 0)
(3 2.161161826e-14 0)
(3 3.356281548e-14 0)
(3 1.889227027e-14 0)
(3 -1.102238158e-15 0)
(3 -7.104693758e-14 0)
(3 -1.997532533e-12 0)
(3 -4.243942524e-11 0)
(3 2.296510027e-16 0)
(3 -4.646663454e-15 0)
(3 -1.800208825e-14 0)
(3 -2.680525518e-14 0)
(3 -2.18511367e-14 0)
(3 -2.12769662e-14 0)
(3 -2.230859768e-14 0)
(3 -2.01218504e-14 0)
(3 -2.639603621e-14 0)
(3 -1.875956395e-14 0)
(3 -1.501427381e-15 0)
(3 1.652859353e-14 0)
(3 1.766810884e-14 0)
(3 3.420811686e-15 0)
(3 -5.001621504e-15 0)
(3 -9.487000905e-15 0)
(3 -1.55830599e-14 0)
(3 -3.30489801e-14 0)
(3 -4.728287199e-14 0)
(3 -5.853378009e-14 0)
(3 -4.830158353e-14 0)
(3 -4.038083106e-14 0)
(3 -3.884572547e-14 0)
(3 -3.004294726e-14 0)
(3 -1.68276096e-14 0)
(3 -3.598361453e-16 0)
(3 1.52593864e-14 0)
(3 1.982559585e-14 0)
(3 3.018671075e-15 0)
(3 3.141255222e-15 0)
(3 -4.766203732e-15 0)
(3 -4.282311126e-13 0)
(3 2.389085497e-15 0)
(3 -1.433055477e-15 0)
(3 -1.092495978e-14 0)
(3 -1.891633502e-14 0)
(3 -2.03626449e-14 0)
(3 -2.450840415e-14 0)
(3 -2.28946226e-14 0)
(3 -2.729487558e-14 0)
(3 -2.816864753e-14 0)
(3 -1.604144455e-14 0)
(3 -4.264347704e-16 0)
(3 1.641557184e-14 0)
(3 2.104762457e-14 0)
(3 1.092375239e-14 0)
(3 8.11978856e-15 0)
(3 -9.007277779e-16 0)
(3 -1.696707705e-14 0)
(3 -3.309281902e-14 0)
(3 -5.614371729e-14 0)
(3 -5.446560678e-14 0)
(3 -3.878320766e-14 0)
(3 -4.33854891e-14 0)
(3 -4.449265051e-14 0)
(3 -3.775629541e-14 0)
(3 -2.785179681e-14 0)
(3 -1.951044903e-14 0)
(3 4.855107017e-15 0)
(3 7.349154337e-15 0)
(3 9.518168221e-15 0)
(3 9.222339457e-15 0)
(3 3.953268936e-15 0)
(3 -5.97773397e-15 0)
(3 1.577898087e-15 0)
(3 2.520756957e-16 0)
(3 -1.27776467e-15 0)
(3 -9.427641261e-15 0)
(3 -1.961308852e-14 0)
(3 -2.057172715e-14 0)
(3 -1.876533448e-14 0)
(3 -2.268215681e-14 0)
(3 -1.785124991e-14 0)
(3 -1.359518384e-14 0)
(3 -1.331095763e-15 0)
(3 1.090982907e-14 0)
(3 1.982799221e-14 0)
(3 2.182261085e-14 0)
(3 1.858601059e-14 0)
(3 1.130637173e-14 0)
(3 4.084147769e-16 0)
(3 -9.978111685e-15 0)
(3 -4.300649557e-14 0)
(3 -4.724651503e-14 0)
(3 -3.869937207e-14 0)
(3 -4.014305444e-14 0)
(3 -4.302910928e-14 0)
(3 -4.187252342e-14 0)
(3 -3.553617234e-14 0)
(3 -3.223426916e-14 0)
(3 -2.429529004e-14 0)
(3 -1.101003054e-14 0)
(3 7.280993464e-15 0)
(3 9.59339513e-15 0)
(3 9.698180242e-15 0)
(3 6.253974821e-15 0)
(3 -2.110069107e-16 0)
(3 -1.551916367e-15 0)
(3 4.330419528e-15 0)
(3 4.726266482e-15 0)
(3 -4.765798436e-15 0)
(3 -7.014793586e-15 0)
(3 -1.092980903e-14 0)
(3 -1.132822652e-14 0)
(3 -9.714130775e-15 0)
(3 -1.133937201e-14 0)
(3 -3.842104489e-15 0)
(3 9.363525448e-15 0)
(3 2.182782658e-14 0)
(3 2.232295556e-14 0)
(3 2.018581161e-14 0)
(3 1.008596341e-14 0)
(3 2.59990255e-15 0)
(3 -7.335006096e-15 0)
(3 -2.503054452e-14 0)
(3 -3.768723959e-14 0)
(3 -4.240868722e-14 0)
(3 -4.2672391e-14 0)
(3 -4.268345143e-14 0)
(3 -3.994849153e-14 0)
(3 -3.185703928e-14 0)
(3 -3.019165498e-14 0)
(3 -3.894653237e-14 0)
(3 -2.562242368e-14 0)
(3 -1.42004728e-15 0)
(3 1.085020418e-15 0)
(3 -5.079948205e-15 0)
(3 -8.428437708e-15 0)
(3 1.660659541e-15 0)
(3 2.421347333e-15 0)
(3 4.482399632e-15 0)
(3 1.597422955e-14 0)
(3 1.150438788e-14 0)
(3 -8.290677984e-15 0)
(3 -8.466649067e-15 0)
(3 -1.147471091e-14 0)
(3 -1.190784373e-14 0)
(3 -1.017903905e-14 0)
(3 -2.965428568e-15 0)
(3 1.420078062e-14 0)
(3 2.547205323e-14 0)
(3 1.953509889e-14 0)
(3 1.561778841e-14 0)
(3 6.283331314e-15 0)
(3 -3.472887139e-15 0)
(3 -1.297115848e-14 0)
(3 -1.704404411e-14 0)
(3 -2.197717696e-14 0)
(3 -3.867304201e-14 0)
(3 -3.736130802e-14 0)
(3 -3.563318491e-14 0)
(3 -3.775793727e-14 0)
(3 -3.289836161e-14 0)
(3 -3.47394777e-14 0)
(3 -5.274307116e-14 0)
(3 -4.977380986e-14 0)
(3 -2.479832469e-14 0)
(3 -1.44381461e-14 0)
(3 -1.15693585e-14 0)
(3 -6.675749292e-15 0)
(3 4.164836771e-15 0)
(3 1.922564113e-15 0)
(3 1.869977183e-15 0)
(3 1.536892328e-14 0)
(3 5.953388193e-15 0)
(3 -4.350946136e-15 0)
(3 -1.06757237e-14 0)
(3 -1.131845467e-14 0)
(3 -1.046098922e-14 0)
(3 -8.482216834e-15 0)
(3 -4.558475407e-15 0)
(3 1.489645606e-14 0)
(3 3.128723614e-14 0)
(3 1.913074819e-14 0)
(3 1.396846074e-14 0)
(3 1.042293638e-14 0)
(3 1.250219754e-15 0)
(3 -1.411385756e-14 0)
(3 -9.173871511e-15 0)
(3 -1.798978978e-14 0)
(3 -2.186087046e-14 0)
(3 -2.762030241e-14 0)
(3 -2.958025961e-14 0)
(3 -2.821029576e-14 0)
(3 -2.818879516e-14 0)
(3 -3.505719224e-14 0)
(3 -6.051414398e-14 0)
(3 -5.830460154e-14 0)
(3 -2.714654701e-14 0)
(3 -7.75143162e-15 0)
(3 1.6103188e-15 0)
(3 -9.111424294e-15 0)
(3 7.550008942e-15 0)
(3 9.690033008e-16 0)
(3 2.466648356e-15 0)
(3 7.06645949e-15 0)
(3 7.919975258e-15 0)
(3 7.146758753e-15 0)
(3 -2.206086158e-16 0)
(3 2.298665635e-16 0)
(3 3.778630868e-16 0)
(3 6.67621624e-16 0)
(3 -1.091871702e-16 0)
(3 1.16820684e-14 0)
(3 3.063257571e-14 0)
(3 1.539854724e-14 0)
(3 9.809363405e-15 0)
(3 6.647574189e-15 0)
(3 4.185477838e-15 0)
(3 -4.586272304e-15 0)
(3 -4.051455498e-15 0)
(3 6.619645735e-15 0)
(3 7.72848032e-15 0)
(3 -9.715333968e-15 0)
(3 -1.241945198e-14 0)
(3 -1.080460596e-14 0)
(3 -1.148487644e-14 0)
(3 -2.573087211e-14 0)
(3 -4.84499833e-14 0)
(3 -5.237344176e-14 0)
(3 -4.367672761e-14 0)
(3 -3.500154881e-14 0)
(3 -3.233717412e-14 0)
(3 -2.749476312e-14 0)
(3 3.801833391e-15 0)
(3 -2.433538114e-15 0)
(3 -6.657752449e-16 0)
(3 -5.171626368e-15 0)
(3 -5.588397598e-15 0)
(3 9.533076534e-15 0)
(3 6.698241847e-15 0)
(3 3.256866504e-15 0)
(3 3.375719278e-15 0)
(3 6.152084969e-15 0)
(3 4.919254422e-15 0)
(3 1.525150649e-14 0)
(3 3.03048129e-14 0)
(3 1.552773542e-14 0)
(3 5.524708777e-15 0)
(3 1.85363524e-15 0)
(3 1.713952402e-15 0)
(3 9.199023796e-16 0)
(3 9.507548097e-15 0)
(3 3.03819778e-14 0)
(3 3.49827972e-14 0)
(3 8.568492305e-15 0)
(3 -5.028792421e-15 0)
(3 -1.449299979e-14 0)
(3 -3.01620288e-14 0)
(3 -4.246168025e-14 0)
(3 -3.368415682e-14 0)
(3 -3.426962741e-14 0)
(3 -2.433891989e-14 0)
(3 -1.662035284e-14 0)
(3 -2.38525937e-14 0)
(3 -2.219824695e-14 0)
(3 5.143684667e-16 0)
(3 3.403205666e-15 0)
(3 8.070593994e-16 0)
(3 -1.101914507e-14 0)
(3 -1.072189157e-14 0)
(3 5.431404727e-15 0)
(3 7.196359883e-15 0)
(3 9.818637837e-15 0)
(3 1.16240754e-14 0)
(3 1.234518857e-14 0)
(3 9.782884057e-15 0)
(3 1.763061916e-14 0)
(3 3.934853023e-14 0)
(3 1.724109105e-14 0)
(3 -3.939814868e-16 0)
(3 -3.344159589e-15 0)
(3 7.875302404e-16 0)
(3 4.016455206e-15 0)
(3 9.789439674e-15 0)
(3 2.883261936e-14 0)
(3 3.234543973e-14 0)
(3 1.940031e-14 0)
(3 1.072120006e-14 0)
(3 2.673943886e-15 0)
(3 -1.144344889e-14 0)
(3 -1.321348195e-14 0)
(3 -1.642751713e-14 0)
(3 -1.421442066e-14 0)
(3 -6.71700123e-15 0)
(3 -1.440287354e-15 0)
(3 -5.958733922e-15 0)
(3 -1.039080391e-14 0)
(3 -4.442657429e-15 0)
(3 -2.67492819e-15 0)
(3 -3.143865086e-15 0)
(3 -2.043863796e-15 0)
(3 -7.077536668e-15 0)
(3 3.549525787e-15 0)
(3 1.281414119e-14 0)
(3 1.46456942e-14 0)
(3 1.182293991e-14 0)
(3 1.524697836e-14 0)
(3 8.703094816e-15 0)
(3 1.198758255e-14 0)
(3 3.644730917e-14 0)
(3 1.738815421e-14 0)
(3 3.516956011e-15 0)
(3 3.106590906e-16 0)
(3 4.566764029e-15 0)
(3 1.302433963e-14 0)
(3 1.401398422e-14 0)
(3 1.220910839e-14 0)
(3 9.273412676e-15 0)
(3 -1.282560121e-15 0)
(3 -1.513174278e-15 0)
(3 4.676800319e-16 0)
(3 -2.547771877e-15 0)
(3 -6.755915826e-15 0)
(3 -1.203179333e-14 0)
(3 -9.082814288e-15 0)
(3 -7.336431566e-15 0)
(3 -9.327498207e-16 0)
(3 7.946926779e-15 0)
(3 -3.721074477e-17 0)
(3 -2.294027651e-15 0)
(3 -4.70425941e-15 0)
(3 -3.361672701e-15 0)
(3 3.586116777e-15 0)
(3 -3.996773182e-15 0)
(3 2.41458565e-15 0)
(3 6.732213624e-15 0)
(3 8.211930201e-15 0)
(3 4.746582836e-15 0)
(3 6.689473502e-15 0)
(3 5.334883164e-15 0)
(3 7.741978567e-15 0)
(3 2.461456227e-14 0)
(3 1.512009735e-14 0)
(3 9.311266729e-15 0)
(3 8.197858646e-15 0)
(3 5.837359258e-15 0)
(3 8.715899095e-15 0)
(3 1.246457546e-14 0)
(3 1.244080274e-14 0)
(3 1.467421433e-15 0)
(3 7.627158293e-16 0)
(3 1.243444282e-15 0)
(3 8.787808269e-16 0)
(3 -3.794986137e-15 0)
(3 -9.00915222e-15 0)
(3 -8.411050577e-15 0)
(3 -6.552128901e-15 0)
(3 -6.571303516e-15 0)
(3 -2.192197638e-15 0)
(3 8.765403989e-15 0)
(3 6.350772943e-15 0)
)
;

boundaryField
{
    inlet
    {
        type            fixedValue;
        value           nonuniform 0();
    }
    outlet
    {
        type            inletOutlet;
        inletValue      nonuniform 0();
        value           nonuniform 0();
    }
    bottom
    {
        type            slip;
    }
    top
    {
        type            slip;
    }
    obstacle
    {
        type            slip;
    }
    defaultFaces
    {
        type            empty;
    }
    procBoundary34to27
    {
        type            processor;
        value           nonuniform List<vector> 9((3.11481459 -0.4815142722 0) (3.112518088 -0.459833578 0) (3.110306862 -0.4407614442 0) (3.10661857 -0.415158966 0) (3.104128369 -0.3978280007 0) (3.098187476 -0.371937074 0) (3.096101663 -0.3602465862 0) (3.092262371 -0.3416556521 0) (3.088236369 -0.3241909031 0));
    }
    procBoundary34to28
    {
        type            processor;
        value           nonuniform List<vector> 
32
(
(3.124649556 -0.5579768538 0)
(3.126211308 -0.5587812345 0)
(3.127309011 -0.5655868061 0)
(3.126283643 -0.5713602418 0)
(3.126880884 -0.5720250614 0)
(3.128301238 -0.5724855872 0)
(3.127955073 -0.578405461 0)
(3.127142286 -0.5809013575 0)
(3.127803037 -0.5796457468 0)
(3.128570801 -0.5826139962 0)
(3.128248326 -0.5896905931 0)
(3.127968566 -0.5912605921 0)
(3.128753433 -0.5913441743 0)
(3.13012802 -0.5975501595 0)
(3.129261317 -0.6021639911 0)
(3.12945195 -0.6023048123 0)
(3.130534408 -0.6043566579 0)
(3.130830216 -0.6100984647 0)
(3.130270117 -0.6119354288 0)
(3.130532111 -0.6127773521 0)
(3.131494014 -0.6152254903 0)
(3.131676191 -0.6179002184 0)
(3.117765343 -0.4948879311 0)
(3.119626338 -0.5058933764 0)
(3.119105902 -0.5122860303 0)
(3.120030001 -0.5129859482 0)
(3.121935867 -0.5196391869 0)
(3.121772193 -0.5292686406 0)
(3.12184911 -0.5315852172 0)
(3.123506111 -0.5327827614 0)
(3.124140874 -0.5397420297 0)
(3.124140874 -0.5397420297 0)
)
;
    }
    procBoundary34to29
    {
        type            processor;
        value           uniform (3.130131413 -0.6044146316 0);
    }
    procBoundary34to33
    {
        type            processor;
        value           nonuniform List<vector> 
61
(
(3.085740504 -0.3097442393 0)
(3.08029038 -0.2821234927 0)
(3.078150504 -0.2674129837 0)
(3.071697671 -0.2411994212 0)
(3.068270007 -0.2309725456 0)
(3.063273162 -0.2132088314 0)
(3.059678841 -0.1987404777 0)
(3.05520164 -0.1780729014 0)
(3.050443983 -0.1583403735 0)
(3.045398632 -0.1413478732 0)
(3.040581602 -0.1275333867 0)
(3.035896119 -0.1117121559 0)
(3.030666078 -0.09293675433 0)
(3.025621111 -0.07612461647 0)
(3.020960259 -0.06212260976 0)
(3.016199227 -0.04767057794 0)
(3.011437031 -0.03303522502 0)
(3.007417768 -0.02112414059 0)
(3.004332706 -0.01223267711 0)
(3.002080022 -0.005779328966 0)
(3.000795557 -0.002173018349 0)
(3.000233329 -0.0006266901019 0)
(3.000048288 -0.0001270183629 0)
(3.000006641 -1.708065058e-05 0)
(3.000000579 -1.459605311e-06 0)
(3.00000003 -7.438315857e-08 0)
(3.000000001 -2.175408769e-09 0)
(3 -3.536233971e-11 0)
(3 -3.758910526e-13 0)
(3 -5.106392843e-14 0)
(3 -5.011142384e-14 0)
(3 -5.123675172e-14 0)
(3 -4.846692171e-14 0)
(3 -5.342258968e-14 0)
(3 -4.685470135e-14 0)
(3 -4.268490509e-14 0)
(3 -3.890552968e-14 0)
(3 -2.604358083e-14 0)
(3 -1.564011544e-14 0)
(3 -2.314432459e-14 0)
(3 -1.375434519e-14 0)
(3 -9.517693742e-15 0)
(3 -9.797167769e-15 0)
(3 -1.217000999e-14 0)
(3 -1.036912307e-14 0)
(3 -8.080052721e-15 0)
(3 -1.341805324e-14 0)
(3 -9.164034241e-15 0)
(3 -4.91811917e-15 0)
(3 -9.148081925e-15 0)
(3 -1.217857504e-15 0)
(3 1.617656522e-15 0)
(3 -1.279516374e-15 0)
(3 1.804816344e-15 0)
(3 8.196426762e-15 0)
(3 4.751844736e-15 0)
(3 6.457302961e-15 0)
(3 1.360970041e-15 0)
(3 1.033838647e-15 0)
(3 -8.195986658e-16 0)
(3 1.71555097e-15 0)
)
;
    }
    procBoundary34to35
    {
        type            processor;
        value           nonuniform List<vector> 
71
(
(3.12920011 -0.5920611672 0)
(3.127283092 -0.5790447676 0)
(3.12609919 -0.5654145336 0)
(3.125263316 -0.55064275 0)
(3.123445128 -0.5330085611 0)
(3.121945038 -0.5217290664 0)
(3.119518493 -0.5082004978 0)
(3.117381535 -0.4970285968 0)
(3.115872625 -0.4842278289 0)
(3.114933527 -0.4703106662 0)
(3.112890926 -0.4532119725 0)
(3.110655894 -0.440547053 0)
(3.108127655 -0.4295284163 0)
(3.105937697 -0.4183681617 0)
(3.104362832 -0.4037461835 0)
(3.102744203 -0.3891892661 0)
(3.09944557 -0.3732514639 0)
(3.097000586 -0.364758218 0)
(3.094269967 -0.3533664358 0)
(3.092224776 -0.3404623795 0)
(3.090429901 -0.3267188209 0)
(3.087356101 -0.3098154345 0)
(3.084863094 -0.3009298023 0)
(3.081311183 -0.2888377296 0)
(3.079344421 -0.2795252044 0)
(3.075542611 -0.2618887998 0)
(3.074264483 -0.2514008163 0)
(3.070665985 -0.2371151742 0)
(3.067416276 -0.2284287483 0)
(3.064838992 -0.2181884714 0)
(3.06120091 -0.2022447385 0)
(3.059073015 -0.1909540777 0)
(3.055300469 -0.1774456432 0)
(3.052394931 -0.1707539366 0)
(3.04878079 -0.1570706926 0)
(3.046092877 -0.1448354845 0)
(3.042561225 -0.1312223976 0)
(3.039520975 -0.1227296008 0)
(3.036137276 -0.112658576 0)
(3.036137276 -0.112658576 0)
(3.034719671 -0.1078918485 0)
(3.031301469 -0.09561595354 0)
(3.027576494 -0.08261675642 0)
(3.024504919 -0.07279816047 0)
(3.021303535 -0.06383460018 0)
(3.017848706 -0.05276996717 0)
(3.014227297 -0.04140180774 0)
(3.011258985 -0.03254566081 0)
(3.00840858 -0.02427578374 0)
(3.00565195 -0.01610910103 0)
(3.00346151 -0.009766677641 0)
(3.001895372 -0.005313348291 0)
(3.000851663 -0.002356166288 0)
(3.000306346 -0.0008354578239 0)
(3.000084679 -0.0002274480867 0)
(3.000016577 -4.363418045e-05 0)
(3.000002191 -5.648064371e-06 0)
(3.000000185 -4.680052908e-07 0)
(3.000000009 -2.324914934e-08 0)
(3 -6.714610457e-10 0)
(3 -1.078335732e-11 0)
(3 -9.619368395e-14 0)
(3 2.520169341e-15 0)
(3 -1.077925632e-15 0)
(3 8.467588948e-15 0)
(3 -1.44975234e-14 0)
(3 -2.284997842e-14 0)
(3 -2.096406349e-14 0)
(3 -1.331070168e-14 0)
(3 3.183097863e-16 0)
(3 4.264107789e-16 0)
)
;
    }
}


// ************************************************************************* //
