/*--------------------------------*- C++ -*----------------------------------*\
  =========                 |
  \\      /  F ield         | OpenFOAM: The Open Source CFD Toolbox
   \\    /   O peration     | Website:  https://openfoam.org
    \\  /    A nd           | Version:  7
     \\/     M anipulation  |
\*---------------------------------------------------------------------------*/
FoamFile
{
    version     2.0;
    format      ascii;
    class       volVectorField;
    location    "3.7";
    object      U;
}
// * * * * * * * * * * * * * * * * * * * * * * * * * * * * * * * * * * * * * //

dimensions      [0 1 -1 0 0 0 0];

internalField   nonuniform List<vector> 
2222
(
(2.98531736 0.003261604177 0)
(2.985190547 0.00329999261 0)
(2.984800415 0.003795706696 0)
(2.984330862 0.004152043273 0)
(2.984044646 0.004312749233 0)
(2.984089507 0.004186736982 0)
(2.984495832 0.004049137064 0)
(2.984807976 0.003897746665 0)
(2.984961206 0.003955815404 0)
(2.985305768 0.004273560248 0)
(2.985718988 0.004615572184 0)
(2.985977707 0.004762932025 0)
(2.985815077 0.004525106381 0)
(2.98540507 0.004029863659 0)
(2.984972824 0.00391558371 0)
(2.984632312 0.003413285764 0)
(2.9842138 0.002862723054 0)
(2.984053685 0.002982228807 0)
(2.984170671 0.003301508046 0)
(2.984272783 0.003550961147 0)
(2.984407074 0.003871333415 0)
(2.984452264 0.004201054972 0)
(2.984463074 0.004291338967 0)
(2.984421573 0.004399235616 0)
(2.984326268 0.006866727897 0)
(2.984452845 0.008696411051 0)
(2.985193649 0.01026262635 0)
(2.986142815 0.009598982412 0)
(2.986020575 0.00807120407 0)
(2.986022975 0.005761588282 0)
(2.986071148 0.003870683713 0)
(2.985928417 0.003235781969 0)
(2.98594237 0.003149354381 0)
(2.985761657 0.003139306366 0)
(2.98573204 0.003221316423 0)
(2.985646866 0.003315863153 0)
(2.985233691 0.003717623081 0)
(2.984761815 0.004154777473 0)
(2.984408785 0.004287332906 0)
(2.984399015 0.00419304056 0)
(2.984781774 0.004116759187 0)
(2.985145522 0.003939907444 0)
(2.985299283 0.004001933847 0)
(2.985679026 0.004319125401 0)
(2.986087951 0.004725432929 0)
(2.986286594 0.004902833448 0)
(2.986164101 0.0046335854 0)
(2.985864967 0.004070171371 0)
(2.985360755 0.00393826483 0)
(2.985047606 0.003436546562 0)
(2.984610686 0.002948498273 0)
(2.984430179 0.003007110671 0)
(2.984516479 0.003242869192 0)
(2.984617125 0.003455061427 0)
(2.984778882 0.003777558481 0)
(2.984755198 0.004094146836 0)
(2.984790177 0.00425549291 0)
(2.984762115 0.004514847651 0)
(2.984675105 0.006860438369 0)
(2.984597787 0.008593815723 0)
(2.985419732 0.01030750351 0)
(2.986365491 0.01002298507 0)
(2.986238819 0.008495483495 0)
(2.986240042 0.006351834809 0)
(2.986409187 0.004337341968 0)
(2.986237123 0.003608390148 0)
(2.986255509 0.003181752705 0)
(2.986136211 0.003159618755 0)
(2.986105835 0.00322335729 0)
(2.986022583 0.003410461266 0)
(2.985598581 0.003850284597 0)
(2.985154919 0.004186774138 0)
(2.984765941 0.004323244057 0)
(2.984743772 0.00428750049 0)
(2.985077925 0.004185813926 0)
(2.985450751 0.003991968667 0)
(2.985584968 0.004047797961 0)
(2.985962794 0.004381705076 0)
(2.986384972 0.004800151826 0)
(2.986595783 0.00497686186 0)
(2.986548327 0.004648397 0)
(2.986188611 0.004136206729 0)
(2.985685175 0.004142668201 0)
(2.985428418 0.003610288167 0)
(2.985021492 0.003103764616 0)
(2.98478364 0.003069550172 0)
(2.984874223 0.003241626564 0)
(2.984996291 0.00351892762 0)
(2.985138949 0.003846074379 0)
(2.985162281 0.004195667631 0)
(2.985194608 0.004323339508 0)
(2.985137008 0.004559852557 0)
(2.985012804 0.006631371701 0)
(2.984787408 0.008471275284 0)
(2.98563303 0.0102657775 0)
(2.986551768 0.01020877681 0)
(2.986447835 0.008945189785 0)
(2.986459044 0.006828308747 0)
(2.986640463 0.004680594443 0)
(2.986470397 0.003582759616 0)
(2.986530047 0.003154290669 0)
(2.986487426 0.003174495686 0)
(2.986427107 0.00324601014 0)
(2.986307308 0.003575958335 0)
(2.98593891 0.003913112677 0)
(2.985488335 0.004236383733 0)
(2.985095546 0.004434807392 0)
(2.985028099 0.004441531099 0)
(2.985382997 0.004326732173 0)
(2.985727741 0.004076698819 0)
(2.985842697 0.004090557888 0)
(2.986168738 0.004401299264 0)
(2.986603555 0.004732449077 0)
(2.98688774 0.004916937477 0)
(2.986801564 0.004636960874 0)
(2.986432277 0.004350293578 0)
(2.986072679 0.00427494048 0)
(2.985751027 0.003886440471 0)
(2.985309609 0.003230449349 0)
(2.985099794 0.00302561995 0)
(2.985213281 0.003065146921 0)
(2.985360864 0.003334114679 0)
(2.985490298 0.003751957642 0)
(2.985537141 0.004393678932 0)
(2.985567349 0.004613978815 0)
(2.985530233 0.004799340854 0)
(2.985397834 0.006419997217 0)
(2.985025534 0.008302862538 0)
(2.985894768 0.01017436137 0)
(2.986716398 0.01023168954 0)
(2.986615984 0.009077142128 0)
(2.986637595 0.006940013521 0)
(2.986853262 0.004759737228 0)
(2.986651728 0.003385092646 0)
(2.986728047 0.002857454048 0)
(2.986735984 0.003161879219 0)
(2.986690635 0.003271844951 0)
(2.986539969 0.003492110324 0)
(2.986203182 0.003825067629 0)
(2.985789154 0.00423299372 0)
(2.985381253 0.004528320559 0)
(2.985251232 0.004514642068 0)
(2.985616257 0.004370949384 0)
(2.985966352 0.004043995159 0)
(2.986096585 0.004020925707 0)
(2.986420756 0.004267648294 0)
(2.986857388 0.004611020907 0)
(2.987124881 0.004863301684 0)
(2.987054644 0.004671726204 0)
(2.986802487 0.004484693981 0)
(2.986368093 0.004420531067 0)
(2.986075077 0.003986556451 0)
(2.985591328 0.003278117194 0)
(2.985383422 0.002960990939 0)
(2.985498117 0.003053918667 0)
(2.985633598 0.003508922458 0)
(2.985798969 0.004088050127 0)
(2.985833773 0.004665092111 0)
(2.985874017 0.004791735672 0)
(2.985863415 0.004894086868 0)
(2.985639737 0.006115032246 0)
(2.985201396 0.008099557785 0)
(2.986138565 0.01004179596 0)
(2.9869231 0.01018501649 0)
(2.986783218 0.00912443454 0)
(2.986802107 0.006964416058 0)
(2.987122989 0.004695786216 0)
(2.986863658 0.003293440211 0)
(2.986897786 0.003055933736 0)
(2.986971767 0.003268922772 0)
(2.986910446 0.003295810342 0)
(2.986772578 0.003400579532 0)
(2.986437395 0.003746135001 0)
(2.986069749 0.004166541662 0)
(2.985647295 0.004511000843 0)
(2.985499794 0.004541857897 0)
(2.985850105 0.00442203909 0)
(2.986214188 0.004042998875 0)
(2.9863648 0.003930232388 0)
(2.986669154 0.004030233814 0)
(2.987149039 0.004396334241 0)
(2.987425918 0.004836583757 0)
(2.987365846 0.004814576946 0)
(2.987094126 0.00463010257 0)
(2.986624931 0.004394944781 0)
(2.986307068 0.003945322179 0)
(2.98584093 0.003267417039 0)
(2.985627099 0.002965576918 0)
(2.985738558 0.003249032429 0)
(2.985837893 0.003740663796 0)
(2.986011604 0.004104879656 0)
(2.986080573 0.004648056769 0)
(2.986099575 0.004758341629 0)
(2.986086739 0.004838264099 0)
(2.985849141 0.005865999902 0)
(2.985371617 0.007842998057 0)
(2.986408612 0.009839325313 0)
(2.987059774 0.01011419814 0)
(2.986920729 0.009050333387 0)
(2.986974795 0.006921547199 0)
(2.987330781 0.004635470484 0)
(2.98703838 0.003371942378 0)
(2.987034116 0.00349936712 0)
(2.987155924 0.003284621352 0)
(2.987094001 0.003293150041 0)
(2.987006379 0.003355493258 0)
(2.986671836 0.00372030473 0)
(2.986321041 0.004186366882 0)
(2.985932878 0.00451358884 0)
(2.985771968 0.004520095164 0)
(2.986093323 0.004422724237 0)
(2.986452416 0.004101946456 0)
(2.986651775 0.004006073553 0)
(2.986925728 0.004011604257 0)
(2.987373368 0.004426143917 0)
(2.987689117 0.004839293605 0)
(2.987628526 0.00485853913 0)
(2.987334531 0.004688389193 0)
(2.986851523 0.004376840037 0)
(2.986519331 0.00393319461 0)
(2.986074732 0.003322667686 0)
(2.985841468 0.003070299774 0)
(2.985979879 0.003361071562 0)
(2.986050934 0.003783670469 0)
(2.986172406 0.004111829891 0)
(2.98630292 0.004589913245 0)
(2.986325325 0.004693026695 0)
(2.986309833 0.004760291671 0)
(2.985493804 0.007620414305 0)
(2.986622412 0.009635469389 0)
(2.987178399 0.009947921686 0)
(2.98704026 0.008861501098 0)
(2.987129111 0.006907662561 0)
(2.987453429 0.004786774024 0)
(2.987150759 0.003678896994 0)
(2.98713398 0.003773798647 0)
(2.987289286 0.003357064702 0)
(2.987256332 0.003273037999 0)
(2.987163688 0.003378409561 0)
(2.986845936 0.003807900803 0)
(2.986531377 0.004301598425 0)
(2.986188055 0.004539943766 0)
(2.98598428 0.004537038875 0)
(2.986275523 0.004491783194 0)
(2.986697338 0.004147188242 0)
(2.986886667 0.004056419389 0)
(2.98714026 0.004202463616 0)
(2.987566277 0.004540792179 0)
(2.987901402 0.004871642503 0)
(2.987854994 0.004809683138 0)
(2.987559075 0.00470072497 0)
(2.987097472 0.004419292295 0)
(2.986779089 0.003841117848 0)
(2.986325088 0.003429967359 0)
(2.986026163 0.003137631172 0)
(2.986189729 0.003379925747 0)
(2.986295429 0.00371077494 0)
(2.986450888 0.004079407469 0)
(2.986539056 0.004504803132 0)
(2.986550686 0.004595381768 0)
(2.986529896 0.004692429369 0)
(2.985620137 0.007311511848 0)
(2.986783982 0.00929547809 0)
(2.987376052 0.009734584815 0)
(2.987206261 0.008768668233 0)
(2.98724653 0.00704335223 0)
(2.987581624 0.004940886283 0)
(2.987246578 0.004033242459 0)
(2.987231552 0.003863563163 0)
(2.987421212 0.003438860152 0)
(2.987384445 0.00333338288 0)
(2.98728907 0.003450002813 0)
(2.987020446 0.003932932849 0)
(2.986758169 0.004397600997 0)
(2.986386661 0.00462017258 0)
(2.986167748 0.004694674735 0)
(2.986471331 0.004717479546 0)
(2.986904438 0.004410645849 0)
(2.987044673 0.004297547768 0)
(2.987268871 0.004362758432 0)
(2.987740413 0.004585480894 0)
(2.988101087 0.004837775354 0)
(2.988058713 0.004726824988 0)
(2.987750722 0.004745570939 0)
(2.987297651 0.004475445012 0)
(2.987024426 0.003840373797 0)
(2.986519511 0.003528681145 0)
(2.986158958 0.003189628266 0)
(2.986362206 0.003314077081 0)
(2.986476655 0.003539709365 0)
(2.986729684 0.004008230756 0)
(2.986800029 0.004465572594 0)
(2.986771288 0.004544001403 0)
(2.986765407 0.004604387388 0)
(2.986637904 0.004665656797 0)
(2.985766021 0.006978183953 0)
(2.986884945 0.008966468783 0)
(2.987572425 0.009681682687 0)
(2.987381453 0.008842339732 0)
(2.98738349 0.007242401149 0)
(2.987618934 0.005309840004 0)
(2.987299959 0.00422126453 0)
(2.987334177 0.003873871708 0)
(2.987556864 0.003450304327 0)
(2.987526589 0.003432704807 0)
(2.987395442 0.003657624319 0)
(2.987175916 0.003965190128 0)
(2.986931467 0.004471040216 0)
(2.986552273 0.004782717877 0)
(2.986313816 0.004975812409 0)
(2.986640657 0.005136827499 0)
(2.987032088 0.004679608482 0)
(2.987181168 0.00438947012 0)
(2.987380113 0.004426498027 0)
(2.987863515 0.004560373165 0)
(2.988236829 0.004818424973 0)
(2.988229323 0.004701628451 0)
(2.987949874 0.004728201367 0)
(2.987471304 0.004521535822 0)
(2.987239266 0.003785310254 0)
(2.986720741 0.003496512263 0)
(2.986296139 0.003147373818 0)
(2.986540221 0.003310011452 0)
(2.986695061 0.003464623528 0)
(2.986943589 0.003918854017 0)
(2.987028971 0.004369380665 0)
(2.987012636 0.004501242667 0)
(2.987018692 0.004582348799 0)
(2.986925153 0.00463365202 0)
(2.985833222 0.006765909606 0)
(2.986978633 0.008794216752 0)
(2.987729584 0.009693238638 0)
(2.987578601 0.008928044588 0)
(2.987531851 0.007455357416 0)
(2.98769185 0.005511043416 0)
(2.987359369 0.00429428214 0)
(2.987417126 0.0037347233 0)
(2.987686005 0.003620819544 0)
(2.987613604 0.003582657123 0)
(2.987494368 0.003605674533 0)
(2.987319151 0.003850790481 0)
(2.987043516 0.004381389065 0)
(2.986775051 0.00483366995 0)
(2.986558649 0.005126311187 0)
(2.986782808 0.005350567024 0)
(2.987168338 0.004807267046 0)
(2.987347742 0.004412937354 0)
(2.987559424 0.004431805795 0)
(2.987994023 0.004539910364 0)
(2.988366936 0.004821125334 0)
(2.988378436 0.004660341685 0)
(2.98813258 0.004686496826 0)
(2.987653839 0.004482111286 0)
(2.987450711 0.003754744229 0)
(2.986929918 0.003464226316 0)
(2.986459817 0.003188473183 0)
(2.98672722 0.003297894111 0)
(2.986889211 0.003365864067 0)
(2.987111605 0.00382797036 0)
(2.987200844 0.004288637599 0)
(2.987232343 0.004449617149 0)
(2.987271933 0.004563270324 0)
(2.987200596 0.004619916782 0)
(2.985905196 0.006683902138 0)
(2.987085392 0.008741960795 0)
(2.987843549 0.009742148022 0)
(2.98774448 0.009160650409 0)
(2.987695859 0.007602928514 0)
(2.987766236 0.005640590822 0)
(2.987454129 0.004275370038 0)
(2.98752595 0.003840845184 0)
(2.987805769 0.003871755348 0)
(2.987696397 0.003575275147 0)
(2.987578905 0.003533148568 0)
(2.987418465 0.003760070565 0)
(2.987176893 0.004291760621 0)
(2.986978742 0.004785563522 0)
(2.986797516 0.005220220491 0)
(2.986956628 0.005379619496 0)
(2.987348617 0.004779774126 0)
(2.987536326 0.004383623891 0)
(2.98774339 0.004365514643 0)
(2.988145051 0.004506567834 0)
(2.98853576 0.004808095783 0)
(2.988559107 0.004646587123 0)
(2.98830689 0.004633108476 0)
(2.987826307 0.004453604761 0)
(2.987686403 0.003818121032 0)
(2.987156873 0.003582171783 0)
(2.986633069 0.003237500851 0)
(2.986888768 0.003289352188 0)
(2.987090987 0.003298956399 0)
(2.987267445 0.003745403748 0)
(2.987364412 0.004214089297 0)
(2.987388197 0.004406997664 0)
(2.987435052 0.004524151642 0)
(2.987410406 0.004619485462 0)
(2.986021702 0.006624301861 0)
(2.987214399 0.008703881577 0)
(2.987921323 0.009899178964 0)
(2.987877824 0.00949825343 0)
(2.987860086 0.007773943585 0)
(2.987831372 0.005744832743 0)
(2.987556887 0.004352735125 0)
(2.987624168 0.004313677959 0)
(2.987885486 0.0040968981 0)
(2.987772389 0.003543624589 0)
(2.987648128 0.003477616849 0)
(2.987531476 0.003762430573 0)
(2.987301949 0.004217045531 0)
(2.987170667 0.00473910985 0)
(2.986991496 0.005131238203 0)
(2.987126345 0.005278581547 0)
(2.987481442 0.004746399751 0)
(2.987678245 0.004318714175 0)
(2.987831564 0.004243413742 0)
(2.988225462 0.004427451753 0)
(2.988632602 0.004723883625 0)
(2.988684868 0.004590362946 0)
(2.988481073 0.004664090479 0)
(2.988010119 0.004505826712 0)
(2.98785475 0.003898478514 0)
(2.987325318 0.003739086991 0)
(2.986796839 0.003318144535 0)
(2.987002776 0.0032863827 0)
(2.987269012 0.003321361257 0)
(2.987464801 0.00372655578 0)
(2.987572765 0.00425758802 0)
(2.987575045 0.004457490622 0)
(2.987580797 0.004564660565 0)
(2.98752572 0.004645434843 0)
(2.986205607 0.006629084195 0)
(2.987406931 0.008713653163 0)
(2.9880631 0.01001197663 0)
(2.988088529 0.009670849105 0)
(2.987885764 0.00798548016 0)
(2.987818814 0.006038300655 0)
(2.987652468 0.004685468971 0)
(2.987693527 0.004641384286 0)
(2.98794356 0.00418795248 0)
(2.987872801 0.003588620574 0)
(2.98776285 0.003480464958 0)
(2.987661704 0.003772475884 0)
(2.987458815 0.004288443019 0)
(2.987339663 0.00476965 0)
(2.987128548 0.005062011252 0)
(2.987255628 0.005162732143 0)
(2.987621335 0.004742987669 0)
(2.987801518 0.004290618761 0)
(2.987926486 0.004103124779 0)
(2.988286091 0.00432356451 0)
(2.988707299 0.004629082055 0)
(2.988804977 0.004553388834 0)
(2.988657258 0.004673275027 0)
(2.988174056 0.004585252243 0)
(2.987932417 0.004026898099 0)
(2.987461192 0.003905734662 0)
(2.987002317 0.003350597378 0)
(2.987123388 0.003322087434 0)
(2.987439268 0.003379061923 0)
(2.987644334 0.003841341576 0)
(2.987799841 0.004288124012 0)
(2.987809201 0.004449638981 0)
(2.987762942 0.004581081549 0)
(2.987640167 0.004658130746 0)
(2.986397295 0.00654625652 0)
(2.987615524 0.00862412548 0)
(2.988231018 0.01003287564 0)
(2.988307558 0.009749104933 0)
(2.988019587 0.008156577429 0)
(2.987832278 0.006379067988 0)
(2.987705906 0.005076935528 0)
(2.9877612 0.004747818939 0)
(2.988021137 0.004194918939 0)
(2.987985416 0.003621671905 0)
(2.98789159 0.00356330055 0)
(2.987806087 0.003798612013 0)
(2.987627949 0.004355593933 0)
(2.987499999 0.004858214332 0)
(2.987297718 0.005059400094 0)
(2.987392858 0.005173081371 0)
(2.987736253 0.004747643924 0)
(2.987915989 0.004294805475 0)
(2.988072673 0.003984460664 0)
(2.988397286 0.004167149524 0)
(2.988828223 0.0044927299 0)
(2.98894587 0.00453796721 0)
(2.98879266 0.004749573838 0)
(2.988316677 0.004649016236 0)
(2.988068246 0.004105614194 0)
(2.987671167 0.00399636111 0)
(2.987192385 0.003361146594 0)
(2.987282207 0.00339410577 0)
(2.987599618 0.003595666797 0)
(2.987812969 0.004039589057 0)
(2.987985494 0.004489572476 0)
(2.987979886 0.004728758043 0)
(2.987903678 0.004756466967 0)
(2.98781126 0.004652587621 0)
(2.987768203 0.008385594713 0)
(2.988338183 0.009908569512 0)
(2.988475444 0.009764716989 0)
(2.988083854 0.008350526863 0)
(2.987863606 0.006601088169 0)
(2.987762629 0.005204254941 0)
(2.98783607 0.004751464733 0)
(2.988082365 0.004225673126 0)
(2.988116798 0.003649265169 0)
(2.988063655 0.003583889912 0)
(2.98796637 0.003818179458 0)
(2.987767526 0.004396157743 0)
(2.987637589 0.004863195965 0)
(2.987488872 0.005064232466 0)
(2.987531643 0.005229950331 0)
(2.987854192 0.004757507023 0)
(2.988063255 0.0042096361 0)
(2.988218199 0.004095701394 0)
(2.988508779 0.004148211261 0)
(2.988920118 0.004550278804 0)
(2.989062013 0.004627778828 0)
(2.988905379 0.004719203041 0)
(2.988467505 0.004534740624 0)
(2.988220813 0.00409047063 0)
(2.987850948 0.004031727885 0)
(2.987346776 0.003414861516 0)
(2.987396379 0.003611773923 0)
(2.987735603 0.003782130875 0)
(2.987978938 0.004181901707 0)
(2.988156492 0.004600209424 0)
(2.98813287 0.004828962596 0)
(2.988064489 0.004792372883 0)
(2.987987546 0.004619206993 0)
(2.987982921 0.008212619328 0)
(2.988485195 0.00980533099 0)
(2.988620993 0.009780115143 0)
(2.988153703 0.008454111688 0)
(2.987853632 0.006682376572 0)
(2.987827623 0.005257406729 0)
(2.987895437 0.004717036781 0)
(2.988149225 0.004220773367 0)
(2.988250803 0.003716055035 0)
(2.988208448 0.003591653047 0)
(2.988100519 0.003678190442 0)
(2.987905232 0.004211459382 0)
(2.987780283 0.004830881657 0)
(2.987674274 0.005120260888 0)
(2.987698916 0.005305626462 0)
(2.987964432 0.004984211832 0)
(2.988180469 0.004494146843 0)
(2.988331864 0.004329269995 0)
(2.988592907 0.004482176594 0)
(2.988994029 0.004846543358 0)
(2.989157209 0.004716373217 0)
(2.989039513 0.004622269332 0)
(2.988659237 0.004460335758 0)
(2.9884241 0.004013217864 0)
(2.988071499 0.003973953667 0)
(2.987556589 0.003459678995 0)
(2.987520934 0.003818373433 0)
(2.987856249 0.00388956886 0)
(2.988098425 0.004158743907 0)
(2.988277672 0.004535459189 0)
(2.988268448 0.004784648445 0)
(2.988245779 0.004770608477 0)
(2.988178768 0.004721672933 0)
(2.988103007 0.007970368317 0)
(2.988550685 0.009631890242 0)
(2.98876968 0.009791488433 0)
(2.98823781 0.008453938323 0)
(2.987865099 0.006773649603 0)
(2.987894878 0.00529361882 0)
(2.987958899 0.004649792966 0)
(2.988228503 0.004451964767 0)
(2.988375513 0.003836776891 0)
(2.988326665 0.003541265229 0)
(2.988248641 0.003557010947 0)
(2.98807776 0.004136021598 0)
(2.987960964 0.004801078744 0)
(2.987885712 0.005255380326 0)
(2.987871319 0.005519838203 0)
(2.988151543 0.005239176125 0)
(2.988319986 0.00483836311 0)
(2.988422206 0.00464942636 0)
(2.988663438 0.004729047003 0)
(2.989057139 0.004955817835 0)
(2.989237476 0.004740394453 0)
(2.989158256 0.004649198398 0)
(2.988825371 0.004453882313 0)
(2.988592331 0.004000612202 0)
(2.988311877 0.003948088885 0)
(2.987794618 0.003560577444 0)
(2.987752299 0.003888634515 0)
(2.988041269 0.003961054096 0)
(2.988223779 0.004136220782 0)
(2.988410636 0.00449905475 0)
(2.988463768 0.00474566751 0)
(2.988464597 0.004734798361 0)
(2.988385459 0.004746021128 0)
(2.988218356 0.007817745924 0)
(2.988603443 0.009527212731 0)
(2.988884785 0.00984712471 0)
(2.988310513 0.008373300294 0)
(2.987912173 0.006797180907 0)
(2.987995198 0.005239472976 0)
(2.988017982 0.004817096071 0)
(2.988326148 0.004831585163 0)
(2.988528084 0.003895663164 0)
(2.988493448 0.00357820007 0)
(2.98842326 0.003649059167 0)
(2.988278807 0.004207660678 0)
(2.988142627 0.004939879073 0)
(2.988094109 0.005440640741 0)
(2.988056771 0.005784888562 0)
(2.988267367 0.005692084009 0)
(2.988405735 0.005133983385 0)
(2.988530724 0.004799581131 0)
(2.988755758 0.004834436981 0)
(2.989152018 0.005006229935 0)
(2.989367756 0.004782155038 0)
(2.989291225 0.00467844771 0)
(2.988963291 0.004457957699 0)
(2.98872878 0.003990297038 0)
(2.988484836 0.003949290687 0)
(2.988047669 0.003544300845 0)
(2.98797348 0.003827608811 0)
(2.988271864 0.003962050431 0)
(2.988404944 0.00413484346 0)
(2.988585895 0.004471745416 0)
(2.988655852 0.004719762277 0)
(2.988665986 0.00473502984 0)
(2.988557356 0.004875536826 0)
(2.9883787 0.007753520851 0)
(2.988672927 0.009511193195 0)
(2.989002076 0.009817547643 0)
(2.988371675 0.008220120957 0)
(2.987970815 0.006811181981 0)
(2.988091107 0.005361639206 0)
(2.988123379 0.005055514335 0)
(2.988434008 0.004969179447 0)
(2.988659461 0.004042295748 0)
(2.988658903 0.003699735333 0)
(2.988613177 0.003889644969 0)
(2.988503468 0.004449415826 0)
(2.988340883 0.005125590427 0)
(2.988308669 0.005559980879 0)
(2.988288911 0.005907344345 0)
(2.988447349 0.005796424808 0)
(2.988569185 0.005165217164 0)
(2.9887089 0.004796182646 0)
(2.988926411 0.004848038232 0)
(2.989299395 0.004991031228 0)
(2.989543358 0.004795438845 0)
(2.98949346 0.004677245513 0)
(2.989160156 0.004459375769 0)
(2.988908592 0.003986737059 0)
(2.988653239 0.003968367552 0)
(2.988295554 0.003509695188 0)
(2.988209358 0.003720852223 0)
(2.988456741 0.003828600889 0)
(2.988638684 0.004090499969 0)
(2.988773659 0.004485197438 0)
(2.98881271 0.004756922871 0)
(2.988785841 0.004830158657 0)
(2.988672797 0.004954741921 0)
(2.98851197 0.007754713671 0)
(2.988744624 0.009491368987 0)
(2.989092655 0.009681929754 0)
(2.988496306 0.008013079101 0)
(2.988044539 0.006818512872 0)
(2.9881933 0.005445765725 0)
(2.988240877 0.00518341313 0)
(2.988524294 0.00492868854 0)
(2.988825209 0.004157132101 0)
(2.988841429 0.003848227884 0)
(2.988799437 0.004060378248 0)
(2.988718359 0.004580493729 0)
(2.988548965 0.005222428258 0)
(2.988491716 0.005556884868 0)
(2.988483314 0.005851248939 0)
(2.988617072 0.005775457186 0)
(2.988723841 0.00513213726 0)
(2.988840396 0.004678285864 0)
(2.989036379 0.004729604933 0)
(2.989393279 0.004899706142 0)
(2.989665247 0.004755982824 0)
(2.989662994 0.004614076402 0)
(2.989365673 0.004410003107 0)
(2.989106851 0.004023119426 0)
(2.98888913 0.004001773071 0)
(2.988538584 0.003448156826 0)
(2.988376777 0.003541426017 0)
(2.988614598 0.003680840859 0)
(2.988827457 0.003971218488 0)
(2.988999719 0.004482658314 0)
(2.988999469 0.004800276432 0)
(2.988932896 0.004941051174 0)
(2.988814681 0.005089490056 0)
(2.988578511 0.007508414305 0)
(2.988799338 0.009253537225 0)
(2.989172419 0.009437187501 0)
(2.988619738 0.007818816285 0)
(2.988128947 0.006675087715 0)
(2.988315206 0.005349467789 0)
(2.988374636 0.004982613326 0)
(2.988641843 0.004681169749 0)
(2.98899507 0.004283621659 0)
(2.989026451 0.003934970218 0)
(2.988948332 0.00387860248 0)
(2.988896935 0.004380113988 0)
(2.988759026 0.005119552289 0)
(2.988754673 0.005579147856 0)
(2.988701136 0.005786817299 0)
(2.988808135 0.005722041737 0)
(2.988876886 0.005080471652 0)
(2.988954824 0.004572982489 0)
(2.989130287 0.004578664768 0)
(2.989490268 0.004741946703 0)
(2.989810852 0.004709855595 0)
(2.989856345 0.004483254009 0)
(2.989566684 0.004256499681 0)
(2.98935609 0.004039557517 0)
(2.989185399 0.003999067521 0)
(2.988779652 0.003411243457 0)
(2.988551315 0.003393726764 0)
(2.988815204 0.003570958451 0)
(2.988973335 0.003894377227 0)
(2.989178268 0.004385054192 0)
(2.989198603 0.004790457539 0)
(2.989158065 0.004968268987 0)
(2.989048184 0.005156353898 0)
(2.98866903 0.007228247848 0)
(2.988892164 0.009002265539 0)
(2.989321554 0.009275598178 0)
(2.988780379 0.007711291476 0)
(2.988275856 0.006578821915 0)
(2.988488005 0.005219339622 0)
(2.988553337 0.004797333137 0)
(2.98883164 0.004767743054 0)
(2.989245042 0.004377115602 0)
(2.989260798 0.003775943964 0)
(2.989196393 0.003684950317 0)
(2.989198613 0.00420136368 0)
(2.989064391 0.005014475829 0)
(2.989057036 0.005543347233 0)
(2.988978218 0.005774604601 0)
(2.989017322 0.005653516313 0)
(2.989042502 0.005043069067 0)
(2.98913559 0.004546325075 0)
(2.989313742 0.004420239015 0)
(2.989696573 0.00460588771 0)
(2.990072147 0.004582182986 0)
(2.990115695 0.004325625187 0)
(2.989829177 0.00408541753 0)
(2.989608508 0.003963555692 0)
(2.989423608 0.003850214381 0)
(2.989003908 0.003434843085 0)
(2.988730179 0.003317285421 0)
(2.988985094 0.003531709059 0)
(2.989149469 0.003846847348 0)
(2.989336124 0.004260249515 0)
(2.989351148 0.004674028702 0)
(2.989362794 0.004883648064 0)
(2.989242143 0.005074646901 0)
(2.989043084 0.008752327495 0)
(2.98951574 0.009184065146 0)
(2.989090183 0.007688546716 0)
(2.98853292 0.006513084362 0)
(2.988751123 0.005173667075 0)
(2.988814277 0.004866540588 0)
(2.989102923 0.005218716285 0)
(2.989466313 0.00453238161 0)
(2.989526304 0.003817443786 0)
(2.98955715 0.003553551745 0)
(2.989582289 0.003989493636 0)
(2.989447846 0.004844734808 0)
(2.989325418 0.005431098753 0)
(2.989306372 0.005688430058 0)
(2.989279677 0.005662281355 0)
(2.989249671 0.005064319339 0)
(2.989333315 0.004554186512 0)
(2.989556281 0.004459858689 0)
(2.989938497 0.004605984093 0)
(2.9903424 0.004587244505 0)
(2.990380169 0.004228058128 0)
(2.990088157 0.00389209658 0)
(2.989843596 0.003893164686 0)
(2.989638462 0.003728456527 0)
(2.989225262 0.003497501024 0)
(2.988911137 0.003288762918 0)
(2.989130215 0.003520400268 0)
(2.989311795 0.003809895674 0)
(2.989518863 0.004132023988 0)
(2.989541801 0.004525379667 0)
(2.9895676 0.004788875556 0)
(2.989489557 0.004882208122 0)
(2.989262563 0.008665019079 0)
(2.989834493 0.009168240569 0)
(2.989461723 0.007643683172 0)
(2.988904191 0.006779322837 0)
(2.989083377 0.005473707414 0)
(2.989132866 0.005251341804 0)
(2.989372914 0.005525634042 0)
(2.989717551 0.004570250784 0)
(2.989818732 0.003817655881 0)
(2.989937778 0.003393940157 0)
(2.990027608 0.00382281858 0)
(2.989907297 0.004729118669 0)
(2.989632465 0.005334127056 0)
(2.989545475 0.005590214741 0)
(2.989459888 0.005665326559 0)
(2.989423764 0.005128852799 0)
(2.98950992 0.004619897814 0)
(2.989704727 0.004537750661 0)
(2.990108098 0.004670940176 0)
(2.990499723 0.004594881958 0)
(2.990573831 0.004137327868 0)
(2.99032744 0.003822670777 0)
(2.990052321 0.003798931111 0)
(2.989851669 0.003633113225 0)
(2.989456714 0.003479124135 0)
(2.989093696 0.003335362395 0)
(2.989285147 0.003598999781 0)
(2.989469914 0.003790450776 0)
(2.989690281 0.004033463459 0)
(2.989734695 0.004437325103 0)
(2.989696374 0.004647060764 0)
(2.989599203 0.004656823265 0)
(2.989401345 0.004615118414 0)
(2.989641356 0.00868900982 0)
(2.990291664 0.009179968367 0)
(2.989843033 0.007540362956 0)
(2.989411275 0.006860200264 0)
(2.989495007 0.00561609217 0)
(2.989468819 0.005494815791 0)
(2.989641236 0.005647942973 0)
(2.990076597 0.00454704525 0)
(2.99011342 0.003764499186 0)
(2.990305542 0.003445791734 0)
(2.990440069 0.00382780519 0)
(2.990339509 0.004702074466 0)
(2.989969222 0.005297962859 0)
(2.989778782 0.005518958791 0)
(2.989657079 0.005693983986 0)
(2.989608123 0.005176474677 0)
(2.989703857 0.00471668762 0)
(2.9898269 0.00462668822 0)
(2.990216805 0.00461953298 0)
(2.990604228 0.004574953895 0)
(2.990699947 0.004039492688 0)
(2.990468549 0.003696108622 0)
(2.990232816 0.003752918386 0)
(2.990029232 0.003562660696 0)
(2.989659712 0.003469219638 0)
(2.989260008 0.003331056283 0)
(2.989414783 0.003653734482 0)
(2.989589911 0.003771677633 0)
(2.989821005 0.003945426536 0)
(2.989843885 0.004302926994 0)
(2.989790343 0.004523267266 0)
(2.989706059 0.004496752855 0)
(2.989535974 0.004450605841 0)
(2.990208331 0.008722481374 0)
(2.990773106 0.009114937539 0)
(2.990412302 0.007364935019 0)
(2.989938322 0.006848101406 0)
(2.989850423 0.005678636679 0)
(2.989753313 0.005516463534 0)
(2.989906222 0.005536740585 0)
(2.990331355 0.004514010479 0)
(2.990389549 0.003748023028 0)
(2.99063274 0.00352680741 0)
(2.99076381 0.003912832154 0)
(2.990664215 0.004786307868 0)
(2.990255176 0.005433108177 0)
(2.990101856 0.005598394078 0)
(2.989965623 0.00567929567 0)
(2.989791915 0.005244807095 0)
(2.989849428 0.004681947746 0)
(2.989981623 0.004612938232 0)
(2.990309637 0.004557751141 0)
(2.990731681 0.004556366717 0)
(2.990829632 0.00396778234 0)
(2.990623069 0.003598812124 0)
(2.990410761 0.003798698426 0)
(2.990200346 0.003576880189 0)
(2.989799269 0.003424592418 0)
(2.989352971 0.00320740122 0)
(2.989485252 0.003600843739 0)
(2.989651667 0.003682772288 0)
(2.989877699 0.003841833494 0)
(2.989889737 0.004156601484 0)
(2.989877397 0.004412749417 0)
(2.989813904 0.004445230858 0)
(2.989681153 0.004452962859 0)
(2.990851494 0.00866746181 0)
(2.991339794 0.008977053721 0)
(2.990904937 0.007282461985 0)
(2.990544145 0.00663673106 0)
(2.990212887 0.005526532152 0)
(2.99006617 0.005392520501 0)
(2.990195586 0.005356213081 0)
(2.990568258 0.004441228571 0)
(2.990655362 0.003916779952 0)
(2.990857627 0.003678940131 0)
(2.990993611 0.004004427566 0)
(2.990884399 0.004872551275 0)
(2.990426163 0.005629398267 0)
(2.990298704 0.005728825703 0)
(2.990140728 0.005701213858 0)
(2.989930419 0.005294381473 0)
(2.989949372 0.004636543403 0)
(2.990059538 0.004493254126 0)
(2.990350385 0.004496400233 0)
(2.990763824 0.004469201576 0)
(2.990948458 0.003877802681 0)
(2.990723216 0.003516267929 0)
(2.990549964 0.003823612456 0)
(2.990364482 0.003681173961 0)
(2.989889414 0.003362158518 0)
(2.989402772 0.003089213705 0)
(2.989499077 0.003484282833 0)
(2.989695671 0.003579157341 0)
(2.989883913 0.003740548254 0)
(2.989917995 0.004008487763 0)
(2.989912313 0.004295685924 0)
(2.98989302 0.004370369184 0)
(2.989779978 0.004480998425 0)
(2.991567812 0.008598104148 0)
(2.991848978 0.008835773303 0)
(2.991337334 0.007283920315 0)
(2.991052038 0.006492897087 0)
(2.990500358 0.005451536811 0)
(2.990405676 0.005270981866 0)
(2.990531665 0.005319369688 0)
(2.990777349 0.004637574552 0)
(2.990795747 0.004164894573 0)
(2.990987152 0.003672663908 0)
(2.991120763 0.004033462485 0)
(2.991036171 0.004895719415 0)
(2.99059608 0.005746536877 0)
(2.990477919 0.005890088133 0)
(2.990300682 0.005847218975 0)
(2.990122458 0.005465678237 0)
(2.990052961 0.004696027407 0)
(2.990090001 0.004311505877 0)
(2.990386943 0.004303891508 0)
(2.990763554 0.004273065861 0)
(2.990971014 0.003806524619 0)
(2.990765579 0.003488720485 0)
(2.990559509 0.003747102033 0)
(2.990411088 0.003696537801 0)
(2.989937434 0.003304762922 0)
(2.989410068 0.002981372211 0)
(2.989463917 0.003347030494 0)
(2.989663441 0.003438595868 0)
(2.989846193 0.003745396429 0)
(2.989889626 0.003937651508 0)
(2.989881422 0.004198810563 0)
(2.989831507 0.004303373906 0)
(2.989722606 0.00455928431 0)
(2.992231055 0.008509229629 0)
(2.992329637 0.008801010301 0)
(2.992031251 0.007426936802 0)
(2.991436136 0.006435276264 0)
(2.990619087 0.005422575104 0)
(2.99059535 0.005322386959 0)
(2.990672314 0.005507015862 0)
(2.990853355 0.004879950845 0)
(2.990865975 0.004179837094 0)
(2.99101552 0.003622767877 0)
(2.991171634 0.004001675601 0)
(2.991130069 0.004806562042 0)
(2.990670442 0.005651619873 0)
(2.990565006 0.005982940564 0)
(2.990415547 0.006065081318 0)
(2.990168752 0.005653106511 0)
(2.9900033 0.004868843877 0)
(2.99002721 0.004276523114 0)
(2.990275102 0.00422280407 0)
(2.990652803 0.004119210686 0)
(2.990891519 0.003701820745 0)
(2.990717154 0.00348165188 0)
(2.990497641 0.003576726316 0)
(2.990316071 0.003495517501 0)
(2.989859436 0.003340934612 0)
(2.989297235 0.003025447814 0)
(2.989284501 0.003346604474 0)
(2.98951663 0.003441565394 0)
(2.989686745 0.003889228235 0)
(2.989772756 0.004174590256 0)
(2.989762271 0.004379436012 0)
(2.989705913 0.004463755882 0)
(2.989593889 0.004600937878 0)
(2.992900358 0.008619629097 0)
(2.993007476 0.00896379999 0)
(2.992593019 0.007605646611 0)
(2.991891808 0.006525533723 0)
(2.990721679 0.005494716051 0)
(2.990712435 0.005575344497 0)
(2.99074183 0.005768374496 0)
(2.990895555 0.005068779861 0)
(2.990908815 0.004277654792 0)
(2.990981373 0.003593326224 0)
(2.991122194 0.003897674656 0)
(2.991115944 0.004661067493 0)
(2.990597335 0.005391110202 0)
(2.990340502 0.00576418097 0)
(2.990138274 0.005973151167 0)
(2.989863863 0.005610765426 0)
(2.989636536 0.004859746073 0)
(2.989737398 0.004432357097 0)
(2.989939638 0.004266783844 0)
(2.990360133 0.004235447064 0)
(2.990603839 0.003713322309 0)
(2.990472758 0.003446240768 0)
(2.990216664 0.003642894897 0)
(2.989993417 0.003320040755 0)
(2.989531849 0.00328225404 0)
(2.988918773 0.003084167538 0)
(2.988836202 0.003492126629 0)
(2.989112396 0.003552258414 0)
(2.989242376 0.003959674919 0)
(2.989387529 0.004542933038 0)
(2.989393666 0.004824539411 0)
(2.989339943 0.00488653472 0)
(2.989213101 0.004824702858 0)
(2.993192575 0.0092111861 0)
(2.992366338 0.007321008403 0)
(2.991789635 0.006541384971 0)
(2.990501466 0.005504674278 0)
(2.990477581 0.005673828093 0)
(2.990501747 0.005887998863 0)
(2.990582896 0.005076621941 0)
(2.990605397 0.004359763347 0)
(2.990671757 0.003690249808 0)
(2.990793052 0.003737430649 0)
(2.990818278 0.004691017829 0)
(2.990111972 0.005466382914 0)
(2.98971162 0.00552167806 0)
(2.989419527 0.005605075632 0)
(2.989109603 0.005323738901 0)
(2.988856518 0.004711121896 0)
(2.988935286 0.004393784075 0)
(2.989139367 0.004292381748 0)
(2.989604789 0.004410899977 0)
(2.98988202 0.003979399014 0)
(2.989834891 0.003527241659 0)
(2.989581363 0.003654588908 0)
(2.989356003 0.003518922053 0)
(2.988870584 0.003255034343 0)
(2.988199631 0.002983692094 0)
(2.988036058 0.003381243156 0)
(2.988328625 0.003452385877 0)
(2.988441949 0.003827381301 0)
(2.988477925 0.004420665632 0)
(2.988458714 0.00496165698 0)
(2.988439944 0.005218630709 0)
(2.988358588 0.005299529736 0)
(2.992046017 0.008911339278 0)
(2.991203752 0.006696114514 0)
(2.990598507 0.006302311991 0)
(2.989470487 0.005302144325 0)
(2.989445848 0.005518110517 0)
(2.989532089 0.005605145523 0)
(2.989644245 0.005072390133 0)
(2.989668015 0.004525273043 0)
(2.989689008 0.003808886156 0)
(2.989813303 0.003963272229 0)
(2.989851369 0.004670153872 0)
(2.988978974 0.00543219499 0)
(2.988433062 0.005619097198 0)
(2.988063118 0.005596388513 0)
(2.987681696 0.005451860145 0)
(2.987467785 0.004773624939 0)
(2.987488867 0.004229633477 0)
(2.987691556 0.004202071109 0)
(2.988173098 0.004322256475 0)
(2.988525256 0.003890778038 0)
(2.98861297 0.00344709914 0)
(2.988481215 0.003544449701 0)
(2.98826304 0.003654523446 0)
(2.987803718 0.003302808336 0)
(2.987116104 0.003095076798 0)
(2.9868916 0.003243791398 0)
(2.987183597 0.003381837362 0)
(2.987275938 0.003757380713 0)
(2.987194409 0.004406781816 0)
(2.98707906 0.0049374699 0)
(2.987090899 0.005152421568 0)
(2.98708297 0.005269078024 0)
(2.989293313 0.008318411466 0)
(2.988439458 0.006508570098 0)
(2.987842962 0.005752338469 0)
(2.987029909 0.004841207867 0)
(2.987097553 0.005105863788 0)
(2.98739645 0.005471288622 0)
(2.987717496 0.004999129691 0)
(2.987763779 0.004527809016 0)
(2.987738358 0.003602483152 0)
(2.987858409 0.003667670867 0)
(2.987996576 0.004387997353 0)
(2.987076634 0.005296443866 0)
(2.986385188 0.005638293123 0)
(2.985993069 0.005714765979 0)
(2.985542413 0.005469610485 0)
(2.985332298 0.004776346418 0)
(2.985355992 0.004282135724 0)
(2.985559911 0.004234431355 0)
(2.986074745 0.004377817469 0)
(2.986552973 0.003862223758 0)
(2.986799977 0.003329783993 0)
(2.986894913 0.003396270642 0)
(2.986732364 0.003609148769 0)
(2.986383384 0.003422836244 0)
(2.985774546 0.003110730233 0)
(2.985479473 0.003187352351 0)
(2.985718314 0.003448670643 0)
(2.985798207 0.003780535853 0)
(2.985654009 0.00433273297 0)
(2.985464899 0.004804291105 0)
(2.985457125 0.005037687856 0)
(2.985469348 0.005104165337 0)
(2.984801216 0.008401764646 0)
(2.983937075 0.006872456758 0)
(2.983341259 0.005982360085 0)
(2.982911648 0.005151903409 0)
(2.983159511 0.005434749416 0)
(2.983862355 0.005674060901 0)
(2.984452628 0.005484548496 0)
(2.984638522 0.004855743732 0)
(2.984717481 0.003806811306 0)
(2.984868437 0.003674227323 0)
(2.985224015 0.004319303209 0)
(2.984497788 0.005263659479 0)
(2.983777597 0.005493707538 0)
(2.983348364 0.005611272838 0)
(2.982866075 0.005515396386 0)
(2.982606979 0.005014583248 0)
(2.982704775 0.004527342099 0)
(2.982885145 0.004411008642 0)
(2.983463707 0.0045388028 0)
(2.984113185 0.004097499658 0)
(2.98456818 0.003502637546 0)
(2.984937028 0.003581611738 0)
(2.98496581 0.003649978657 0)
(2.984807801 0.003413293054 0)
(2.984424863 0.003169637258 0)
(2.984087249 0.003255447182 0)
(2.984158958 0.003604857914 0)
(2.984205735 0.004000602651 0)
(2.983966806 0.004535719166 0)
(2.983656406 0.004853857621 0)
(2.983587471 0.004960849134 0)
(2.983610666 0.004975347115 0)
(2.979073438 0.008529449019 0)
(2.978511296 0.006376608459 0)
(2.978018309 0.00562467795 0)
(2.977775798 0.004849490469 0)
(2.978165526 0.005300352806 0)
(2.979176076 0.005669598385 0)
(2.980164189 0.005431972577 0)
(2.980552292 0.004739845216 0)
(2.980962134 0.003724461831 0)
(2.981298979 0.003534668401 0)
(2.981823524 0.004140463841 0)
(2.981568531 0.005044375407 0)
(2.980998332 0.005489674616 0)
(2.980560977 0.005738258402 0)
(2.980037372 0.005751345894 0)
(2.979690202 0.005238250853 0)
(2.979871809 0.004546403875 0)
(2.980043075 0.004321512596 0)
(2.980706299 0.004432411187 0)
(2.981587666 0.004085341 0)
(2.982261819 0.003375586795 0)
(2.982921216 0.003328370448 0)
(2.983162953 0.003494708153 0)
(2.983338251 0.00332004004 0)
(2.983355226 0.003322270078 0)
(2.983015755 0.003409464102 0)
(2.982834143 0.003499471244 0)
(2.982738577 0.00379847753 0)
(2.982369767 0.004168493605 0)
(2.981931767 0.004535046164 0)
(2.981764273 0.00469644402 0)
(2.981772043 0.004748298881 0)
(2.973263167 0.008766627965 0)
(2.973155567 0.006525478466 0)
(2.972893313 0.005364737568 0)
(2.972653442 0.004550559547 0)
(2.973073999 0.005039405774 0)
(2.974273018 0.005708213067 0)
(2.975609445 0.005830931442 0)
(2.976338505 0.004836520693 0)
(2.977200055 0.003561357668 0)
(2.97813294 0.003393063705 0)
(2.978904164 0.004116679097 0)
(2.979195062 0.005295876609 0)
(2.978637325 0.006053979512 0)
(2.978176887 0.006102290261 0)
(2.977584511 0.005810051507 0)
(2.977121828 0.005044479021 0)
(2.977292984 0.004414917653 0)
(2.977584258 0.004210524084 0)
(2.978316097 0.004362242753 0)
(2.979469596 0.004025274047 0)
(2.980402648 0.00343770602 0)
(2.981300793 0.003415941207 0)
(2.981735319 0.003643831089 0)
(2.982276195 0.003573078228 0)
(2.982769932 0.003258199245 0)
(2.982542782 0.003233604159 0)
(2.982006689 0.003456718225 0)
(2.981742327 0.003742197129 0)
(2.981154562 0.004204663215 0)
(2.98054448 0.004544139541 0)
(2.980311128 0.004636144245 0)
(2.980307571 0.00466718269 0)
(2.968765582 0.008275457153 0)
(2.96895824 0.006036760068 0)
(2.968975406 0.004793368676 0)
(2.968715851 0.004288547768 0)
(2.96929069 0.005011186147 0)
(2.970463526 0.005816506405 0)
(2.971973245 0.005344727087 0)
(2.973326547 0.004357392286 0)
(2.974890353 0.003510175561 0)
(2.976055581 0.003652973541 0)
(2.977116534 0.004542117679 0)
(2.977805829 0.005680973611 0)
(2.977208164 0.00592118628 0)
(2.976662653 0.005763577577 0)
(2.976122032 0.005554799611 0)
(2.975525531 0.005122454717 0)
(2.975547452 0.004623855816 0)
(2.975983819 0.004333789928 0)
(2.976737605 0.004506756333 0)
(2.978113439 0.004168468248 0)
(2.97930556 0.003472606344 0)
(2.980338809 0.003444868602 0)
(2.980917287 0.003702589077 0)
(2.981746046 0.003521131383 0)
(2.98263574 0.003224989709 0)
(2.982513606 0.003294858758 0)
(2.981681867 0.003653210516 0)
(2.981246494 0.003941384711 0)
(2.980400326 0.004323000595 0)
(2.97960109 0.004501381887 0)
(2.979263291 0.004525404869 0)
(2.979236446 0.00450170454 0)
(2.966166572 0.008587119408 0)
(2.966510177 0.006436202281 0)
(2.966664349 0.005134421751 0)
(2.966252113 0.004457206814 0)
(2.967338403 0.00496163118 0)
(2.968583214 0.005398539578 0)
(2.9701939 0.004985934409 0)
(2.971703658 0.004603003977 0)
(2.974008397 0.003996690955 0)
(2.974981896 0.004100786247 0)
(2.976081773 0.004607798789 0)
(2.977320106 0.005549617979 0)
(2.976705732 0.005696844137 0)
(2.976078232 0.005831396994 0)
(2.975560386 0.005889388866 0)
(2.974875858 0.005469701005 0)
(2.974655066 0.00478770088 0)
(2.975171791 0.004369808122 0)
(2.976052368 0.004384609505 0)
(2.97751807 0.004129642726 0)
(2.97885686 0.003381030457 0)
(2.97991188 0.003339179771 0)
(2.980607213 0.003570382555 0)
(2.981617944 0.003439607455 0)
(2.982696489 0.003275090679 0)
(2.982630665 0.003412490665 0)
(2.981692307 0.003790501071 0)
(2.980908619 0.004017148261 0)
(2.979866462 0.00431536217 0)
(2.979088822 0.004361750211 0)
(2.978727489 0.004297397844 0)
(2.978702876 0.004215269859 0)
(2.965191293 0.008494210615 0)
(2.965570442 0.006406598688 0)
(2.965993265 0.004855734947 0)
(2.965401458 0.004172918856 0)
(2.966797504 0.004611048038 0)
(2.968024312 0.005201476417 0)
(2.969507433 0.005107938059 0)
(2.970975306 0.005089856062 0)
(2.97345043 0.004316292345 0)
(2.974644419 0.004010081482 0)
(2.975827306 0.004342569742 0)
(2.977401009 0.005166302582 0)
(2.976660771 0.005773744803 0)
(2.975898991 0.005951683328 0)
(2.975421839 0.005986303069 0)
(2.97480604 0.005522228673 0)
(2.974392779 0.004727802206 0)
(2.974956989 0.004248580975 0)
(2.975917133 0.004178030589 0)
(2.977386738 0.00401226947 0)
(2.978716748 0.003308834097 0)
(2.979744165 0.003253627461 0)
(2.980546228 0.00351692133 0)
(2.981631774 0.003438604356 0)
(2.982791282 0.003285770005 0)
(2.982863966 0.003438397375 0)
(2.981801666 0.003717859274 0)
(2.980825452 0.003917579078 0)
(2.979671689 0.004121355901 0)
(2.979012224 0.004065056213 0)
(2.978662458 0.003975595801 0)
(2.978610081 0.003890641843 0)
(2.973455534 0.004288500119 0)
(2.973292935 0.001884580552 0)
(2.973021403 0.003831665564 0)
(2.973040659 0.004597689816 0)
(2.973762839 0.005783602162 0)
(2.974342881 0.005675037238 0)
(2.975531268 0.005163144759 0)
(2.977669093 0.004393844441 0)
(2.978605586 0.004250134703 0)
(2.979727908 0.004448038689 0)
(2.981074815 0.005113998977 0)
(2.980752045 0.006342436102 0)
(2.979841653 0.006365144984 0)
(2.979314888 0.006332381143 0)
(2.978677251 0.005973160198 0)
(2.978322258 0.005011700744 0)
(2.978627978 0.003631681419 0)
(2.978988593 0.003088007213 0)
(2.980074795 0.002880153896 0)
(2.981156999 0.002908279084 0)
(2.981849984 0.00322623771 0)
(2.982433068 0.003931890874 0)
(2.983026573 0.004283785634 0)
(2.983603826 0.004320849329 0)
(2.983525873 0.004639535115 0)
(2.983006839 0.004827556693 0)
(2.982609536 0.004741415491 0)
(2.98221119 0.004582936959 0)
(2.981800855 0.004502476169 0)
(2.981328354 0.004235583878 0)
(2.981141979 0.004070458957 0)
(2.990323732 0.0006041786626 0)
(2.989093821 0.001209448111 0)
(2.988495608 0.002295904986 0)
(2.987385567 0.004982013758 0)
(2.986670351 0.005683656616 0)
(2.98588437 0.004875531284 0)
(2.985281352 0.003585561434 0)
(2.986276343 0.003423225957 0)
(2.986803858 0.003601461942 0)
(2.98771791 0.004147062757 0)
(2.98837311 0.005887222891 0)
(2.988028633 0.006228791811 0)
(2.987220734 0.005596282568 0)
(2.986795783 0.005000092397 0)
(2.98625869 0.004190046567 0)
(2.986186546 0.003550581991 0)
(2.986255013 0.003360267607 0)
(2.986337233 0.003233617735 0)
(2.98655143 0.003090556471 0)
(2.98668852 0.003200646109 0)
(2.986586166 0.003153717414 0)
(2.986472972 0.003019175129 0)
(2.986278329 0.002893665675 0)
(2.986215829 0.003125935558 0)
(2.986479177 0.00366994546 0)
(2.986639534 0.003893340528 0)
(2.98712584 0.004370271636 0)
(2.987449726 0.004800446753 0)
(2.987361778 0.004853111444 0)
(2.986813238 0.004661493435 0)
(2.986353783 0.004394904204 0)
(3.000125693 -0.00173409635 0)
(2.999517995 -0.0002481122242 0)
(2.999058987 0.005765979916 0)
(2.996480553 0.00759017649 0)
(2.995181044 0.006983248889 0)
(2.993375926 0.004938778942 0)
(2.991457586 0.004354101356 0)
(2.991311599 0.004570575493 0)
(2.991236981 0.005171493218 0)
(2.991529994 0.006063240271 0)
(2.991952587 0.006266730309 0)
(2.992250996 0.005968020671 0)
(2.992019928 0.005662024475 0)
(2.991814986 0.005639436993 0)
(2.991474161 0.005387876965 0)
(2.991755102 0.004419998686 0)
(2.992078367 0.003299152085 0)
(2.992073802 0.003155897872 0)
(2.99189268 0.003201937127 0)
(2.99128199 0.003319220661 0)
(2.990291988 0.003825583694 0)
(2.989605871 0.004537055677 0)
(2.989207144 0.004853280042 0)
(2.989072611 0.005048456651 0)
(2.989623115 0.005284193648 0)
(2.990079561 0.005401644896 0)
(2.990893015 0.005635283733 0)
(2.99143066 0.005691841531 0)
(2.99134387 0.005560043396 0)
(2.990667486 0.005027380247 0)
(2.990222 0.004635100047 0)
(3.006678557 -0.006549674959 0)
(3.004927748 0.002315661356 0)
(3.002102664 0.008080320474 0)
(2.99941361 0.006772775141 0)
(2.996601087 0.00282086506 0)
(2.994269558 0.003118888481 0)
(2.99395205 0.00420970395 0)
(2.993273056 0.00582259168 0)
(2.9919268 0.006052102222 0)
(2.991650934 0.005907127228 0)
(2.991811012 0.005690196328 0)
(2.992478885 0.005658799243 0)
(2.99332756 0.005532188081 0)
(2.993489644 0.004848384755 0)
(2.993601109 0.00414832586 0)
(2.994124739 0.003496716959 0)
(2.994507887 0.003281729599 0)
(2.994628343 0.00330773846 0)
(2.994480913 0.003693706039 0)
(2.99343049 0.004312512924 0)
(2.99186503 0.004904550769 0)
(2.991077925 0.005375782989 0)
(2.990708897 0.005532190815 0)
(2.990877989 0.005428156111 0)
(2.991320423 0.005348554915 0)
(2.992114459 0.005353346667 0)
(2.993160181 0.005384470733 0)
(2.993778754 0.005267712151 0)
(2.993628104 0.004951757669 0)
(2.992831407 0.004305739199 0)
(2.992343911 0.004021294851 0)
(3.005771144 -0.0005417192896 0)
(3.007724252 0.02147856918 0)
(3.001766734 0.008653791914 0)
(2.999515768 0.001585884439 0)
(2.997115254 0.001151408599 0)
(2.99674017 0.003219456022 0)
(2.994022024 0.005986769045 0)
(2.992564222 0.006266344079 0)
(2.990214905 0.005469295103 0)
(2.990167611 0.005020800828 0)
(2.990572784 0.004967899709 0)
(2.991665565 0.005740136692 0)
(2.993149584 0.005408803345 0)
(2.993348978 0.005112058214 0)
(2.993732763 0.004297477207 0)
(2.994026805 0.003076536721 0)
(2.994565543 0.003381276799 0)
(2.994906775 0.003813214208 0)
(2.99477327 0.004787767719 0)
(2.993677779 0.005525705447 0)
(2.992234445 0.005592710731 0)
(2.991227757 0.005347383247 0)
(2.991042679 0.005092852766 0)
(2.99134418 0.004716405267 0)
(2.991858511 0.00434081272 0)
(2.99274988 0.004181428349 0)
(2.993889344 0.00401761232 0)
(2.994625926 0.003938232145 0)
(2.994601072 0.003788723222 0)
(2.993871716 0.003479019704 0)
(2.99327149 0.003347452746 0)
(3.039145143 -0.1338269323 0)
(3.019533052 -0.05166210683 0)
(3.019567885 -0.03684494675 0)
(3.008850507 -0.01295102387 0)
(2.998729357 0.001077992553 0)
(2.997079654 0.005557515767 0)
(2.991635281 0.005859386504 0)
(2.987869539 0.003682845916 0)
(2.987189891 0.003408288483 0)
(2.988208624 0.003888714736 0)
(2.989531028 0.005031411391 0)
(2.992067863 0.005824203628 0)
(2.992390787 0.005553689927 0)
(2.992166276 0.004388231786 0)
(2.992462421 0.003424723973 0)
(2.992771896 0.003612940099 0)
(2.993497983 0.003764610498 0)
(2.994497195 0.004475839157 0)
(2.994473807 0.005326058577 0)
(2.993266015 0.005724620959 0)
(2.991975575 0.005560244459 0)
(2.991135409 0.004976754681 0)
(2.990840877 0.004441486057 0)
(2.991031847 0.003956446567 0)
(2.991817576 0.003444508628 0)
(2.992633365 0.003092968845 0)
(2.993605221 0.00286618809 0)
(2.99437213 0.002875645255 0)
(2.994434578 0.003041107264 0)
(2.993874452 0.003218070056 0)
(2.993197916 0.003282685978 0)
(3.07587646 -0.2846137224 0)
(3.030158022 -0.1266446078 0)
(3.036494177 -0.09098593367 0)
(3.009942002 -0.001845482676 0)
(3.002423028 0.0268866928 0)
(2.991279921 0.002651242343 0)
(2.987211448 0.0005105771069 0)
(2.987263511 0.001158232269 0)
(2.987656591 0.002926834543 0)
(2.990539846 0.007523976892 0)
(2.991397994 0.006851277944 0)
(2.992191417 0.005474961996 0)
(2.991880627 0.003855878443 0)
(2.991193214 0.003873927731 0)
(2.991333227 0.004256765691 0)
(2.991821172 0.004340323525 0)
(2.992732239 0.004878970394 0)
(2.993178407 0.005146191945 0)
(2.993154994 0.005540113383 0)
(2.992594037 0.005755392713 0)
(2.991640666 0.005349472724 0)
(2.991105559 0.004530034662 0)
(2.990723399 0.00366094869 0)
(2.991308267 0.003094879883 0)
(2.991964562 0.002510622088 0)
(2.992627796 0.002258885477 0)
(2.993326451 0.002151313099 0)
(2.993802192 0.002376216844 0)
(2.993574965 0.003080334387 0)
(2.992964193 0.003700317224 0)
(2.992279848 0.003962532809 0)
(3.099326141 -0.3864565051 0)
(3.084166383 -0.3379699531 0)
(3.06706846 -0.2540423803 0)
(3.035063311 -0.1276665754 0)
(3.029698264 -0.08652779357 0)
(3.032780842 -0.06383824859 0)
(3.008549016 -0.02494665604 0)
(3.00216448 0.001636437387 0)
(2.992123041 0.01168652034 0)
(2.992644872 0.008204083218 0)
(2.993043197 0.003563463578 0)
(2.993896247 0.0002704404246 0)
(2.9916696 0.001215963523 0)
(2.990983163 0.003217897152 0)
(2.990943474 0.00470143367 0)
(2.991174526 0.005248819286 0)
(2.991257075 0.005111125938 0)
(2.991326355 0.005131466399 0)
(2.991623621 0.005550975481 0)
(2.991933561 0.006010768755 0)
(2.99174526 0.005450781468 0)
(2.991231095 0.004317198386 0)
(2.991132071 0.003140197845 0)
(2.991760142 0.002467143867 0)
(2.992372789 0.002171802102 0)
(2.992923645 0.002217615604 0)
(2.993309858 0.00255488861 0)
(2.993228714 0.002973717598 0)
(2.992530084 0.003847900431 0)
(2.992085812 0.004256910361 0)
(2.991345395 0.004718522443 0)
(3.104048079 -0.4041605426 0)
(3.102294656 -0.3998660969 0)
(3.096007696 -0.3771637691 0)
(3.08023006 -0.3224567749 0)
(3.053977588 -0.2054297117 0)
(3.052993434 -0.1303689637 0)
(3.019266727 -0.005303301072 0)
(3.003526521 0.02183057831 0)
(3.000809977 0.01985388476 0)
(3.000418846 0.003316899734 0)
(2.996915588 -0.003204698513 0)
(2.996660104 -0.002131122182 0)
(2.996723953 0.002982405811 0)
(2.992584775 0.006621618407 0)
(2.991120499 0.005704620253 0)
(2.98961139 0.004548929485 0)
(2.989602171 0.004811835835 0)
(2.989924748 0.005629107874 0)
(2.990900883 0.006647053538 0)
(2.991555226 0.006823638212 0)
(2.992116697 0.00567024179 0)
(2.992127957 0.004483942039 0)
(2.991927445 0.00309630334 0)
(2.992508788 0.002421756385 0)
(2.992801066 0.002460087212 0)
(2.993416215 0.002741061063 0)
(2.993360431 0.003258322937 0)
(2.992745565 0.004010010761 0)
(2.992150832 0.004617074539 0)
(2.991340442 0.005198433457 0)
(2.990718406 0.005573258827 0)
(3.103150421 -0.4039829186 0)
(3.10355545 -0.405129499 0)
(3.103395187 -0.4033740862 0)
(3.101640298 -0.3958896212 0)
(3.093749748 -0.3659749348 0)
(3.080774893 -0.3094238917 0)
(3.053191531 -0.1952539764 0)
(3.049670427 -0.1454222003 0)
(3.02950859 -0.07100073501 0)
(3.027325212 -0.04371781259 0)
(3.01139107 -0.01558551837 0)
(3.002860305 0.0007986549378 0)
(2.997210194 0.008095705951 0)
(2.991170023 0.00494358692 0)
(2.988845547 0.002179746549 0)
(2.988386443 0.003531158462 0)
(2.988841539 0.004915489461 0)
(2.989367247 0.007694502074 0)
(2.991121398 0.007944630957 0)
(2.991782671 0.007178900657 0)
(2.992578935 0.005571316201 0)
(2.99290492 0.003125356804 0)
(2.992843705 0.002370061452 0)
(2.993148676 0.002543392467 0)
(2.993306917 0.002867816197 0)
(2.993578019 0.003425929283 0)
(2.993173532 0.003952969901 0)
(2.992681456 0.004467116428 0)
(2.991837573 0.005092173658 0)
(2.991017641 0.005423316872 0)
(2.990612682 0.005419288947 0)
(3.102297938 -0.4048940718 0)
(3.103421687 -0.4048988744 0)
(3.104544247 -0.4034225078 0)
(3.104491203 -0.4030924992 0)
(3.103748003 -0.4021373839 0)
(3.100868491 -0.3943480723 0)
(3.088232363 -0.3524936388 0)
(3.078119618 -0.2846098012 0)
(3.041176161 -0.133249628 0)
(3.033657994 -0.07105700078 0)
(3.021602009 -0.01742351709 0)
(3.012024397 0.03069537221 0)
(2.991746305 0.01179731836 0)
(2.986981207 -0.002185465014 0)
(2.989650174 0.001100919916 0)
(2.989791871 0.004226537182 0)
(2.990636662 0.01050115392 0)
(2.990501257 0.009943235817 0)
(2.990970043 0.007602393366 0)
(2.992369604 0.005660854599 0)
(2.993383812 0.003831041594 0)
(2.993507859 0.003737315799 0)
(2.993603241 0.003273426394 0)
(2.993576403 0.003524823122 0)
(2.993637902 0.003424936863 0)
(2.993277296 0.003657814265 0)
(2.993022047 0.004293330337 0)
(2.992298911 0.004888091384 0)
(2.991901703 0.005304903648 0)
(2.991340747 0.005386042795 0)
(2.990987719 0.005089498016 0)
(3.10400949 -0.4008127085 0)
(3.104212837 -0.3979165193 0)
(3.104059905 -0.3998866281 0)
(3.103542668 -0.4011019111 0)
(3.102906342 -0.4033476407 0)
(3.103400467 -0.402757758 0)
(3.103294097 -0.3994659741 0)
(3.100192724 -0.3856058714 0)
(3.08832138 -0.3436155606 0)
(3.069096323 -0.2612059616 0)
(3.04333344 -0.159250722 0)
(3.027449205 -0.07685159328 0)
(3.029824254 -0.06001036296 0)
(3.011572406 -0.02449675698 0)
(3.005166012 -0.001230335126 0)
(2.992971568 0.01360061175 0)
(2.991598843 0.01257906121 0)
(2.990358352 0.007549900896 0)
(2.992696997 0.001413545079 0)
(2.994100671 0.00218409597 0)
(2.994640434 0.003215349084 0)
(2.994349142 0.004439276939 0)
(2.993753295 0.004273037861 0)
(2.993367203 0.003598162786 0)
(2.993044244 0.003084147759 0)
(2.992757156 0.003821334224 0)
(2.992695003 0.004988931639 0)
(2.992129017 0.005738478476 0)
(2.992014519 0.005728129994 0)
(2.991671186 0.005270994996 0)
(2.991724022 0.004412720529 0)
(3.09994782 -0.3845396765 0)
(3.100448546 -0.3916652713 0)
(3.10228705 -0.3975479056 0)
(3.102267341 -0.401422943 0)
(3.103093695 -0.4027647861 0)
(3.105428794 -0.4017903737 0)
(3.105005798 -0.4009876053 0)
(3.104444951 -0.4008872235 0)
(3.102762455 -0.3980505401 0)
(3.09672079 -0.3775277315 0)
(3.083772512 -0.3309324436 0)
(3.048529499 -0.2040328978 0)
(3.050655109 -0.1315953694 0)
(3.027328369 -0.02671008113 0)
(3.007843753 0.03180910861 0)
(2.997226897 0.02022024239 0)
(2.993808935 0.007986096747 0)
(2.995475136 0.0004789210665 0)
(2.997201568 -0.0002951445449 0)
(3.000254591 0.003034484395 0)
(2.997603416 0.007502448429 0)
(2.995689316 0.006528252014 0)
(2.992893935 0.004093331596 0)
(2.992633011 0.003685083483 0)
(2.992340223 0.004000498244 0)
(2.992300662 0.005939497698 0)
(2.99192133 0.006294386967 0)
(2.991861506 0.006010955665 0)
(2.991952642 0.005414293608 0)
(2.992147797 0.00481058595 0)
(2.992840437 0.00343832564 0)
(3.098469496 -0.378734128 0)
(3.09964721 -0.3874135366 0)
(3.101013769 -0.3930341053 0)
(3.103396302 -0.3943096905 0)
(3.103823384 -0.3926242007 0)
(3.103695053 -0.3942080267 0)
(3.103048583 -0.3961096735 0)
(3.10207047 -0.399717597 0)
(3.103327419 -0.4011149179 0)
(3.1035876 -0.3999314499 0)
(3.102302217 -0.3937958664 0)
(3.093788588 -0.3660646697 0)
(3.080978262 -0.3054326524 0)
(3.056172717 -0.2002776186 0)
(3.045741685 -0.1360376323 0)
(3.037190542 -0.08669756379 0)
(3.017853805 -0.03625069149 0)
(3.011244327 -0.01408014076 0)
(3.009368963 -0.002884980591 0)
(3.003057861 0.008478661273 0)
(2.997357988 0.006896634795 0)
(2.9924012 0.0025428597 0)
(2.990832552 0.002706581814 0)
(2.991328648 0.003721131082 0)
(2.99184245 0.006540027267 0)
(2.991368963 0.007353386819 0)
(2.991115148 0.006914948317 0)
(2.991087861 0.005505745586 0)
(2.991903998 0.004194368171 0)
(2.993057626 0.002916597477 0)
(2.993621892 0.002600969218 0)
(3.097478159 -0.3661886044 0)
(3.098932663 -0.3697468418 0)
(3.099377864 -0.3734963409 0)
(3.098711478 -0.3729631958 0)
(3.097848745 -0.3797908154 0)
(3.101078324 -0.3897037997 0)
(3.101710145 -0.3966876513 0)
(3.102508725 -0.3986058841 0)
(3.103978597 -0.4001174203 0)
(3.104713644 -0.3983163567 0)
(3.104291753 -0.398360716 0)
(3.10332479 -0.3975341564 0)
(3.100558868 -0.3903529973 0)
(3.090389448 -0.3565169281 0)
(3.073541753 -0.2786476029 0)
(3.053981341 -0.1700508461 0)
(3.0239462 -0.03586765062 0)
(3.021682433 -0.02311507977 0)
(3.015372926 0.02826144814 0)
(3.003077353 0.01807976534 0)
(2.993890245 0.003541262194 0)
(2.991627343 0.001063856205 0)
(2.992003753 0.003054627208 0)
(2.992789511 0.008841852788 0)
(2.9911824 0.009720712596 0)
(2.990644234 0.008584093693 0)
(2.990538965 0.005882732996 0)
(2.991586482 0.003787348531 0)
(2.99345628 0.003487498026 0)
(2.994035381 0.003288089571 0)
(2.994452097 0.003156756978 0)
(3.090936981 -0.3333063675 0)
(3.093596896 -0.345694539 0)
(3.093940358 -0.3524553237 0)
(3.096490849 -0.3652727301 0)
(3.097709072 -0.3757651761 0)
(3.099754133 -0.3813258687 0)
(3.101489886 -0.383668262 0)
(3.101775953 -0.3844047028 0)
(3.100595385 -0.384463664 0)
(3.101340314 -0.3892529261 0)
(3.100459368 -0.3945635974 0)
(3.102008957 -0.3978483944 0)
(3.102245453 -0.3973603084 0)
(3.102045541 -0.3945233531 0)
(3.099307518 -0.383473694 0)
(3.088191115 -0.3432264909 0)
(3.069962675 -0.2666466975 0)
(3.047946805 -0.1702682033 0)
(3.028964868 -0.08023791346 0)
(3.025686335 -0.05878331949 0)
(3.01310553 -0.022295744 0)
(3.008763008 -0.005812845798 0)
(2.994987838 0.009068786674 0)
(2.992461911 0.009800912922 0)
(2.989741465 0.008042308713 0)
(2.988600821 0.00353740357 0)
(2.992244465 0.00220727468 0)
(2.993875836 0.002591991278 0)
(2.995643551 0.004133436384 0)
(2.995501516 0.003997481182 0)
(2.994687971 0.003249331139 0)
(3.088582414 -0.3218421302 0)
(3.090067427 -0.3290689523 0)
(3.092183162 -0.3401532422 0)
(3.094151376 -0.3481778112 0)
(3.095592099 -0.3526260596 0)
(3.09601245 -0.3564978295 0)
(3.097103008 -0.3630079715 0)
(3.09636498 -0.3690207939 0)
(3.098889641 -0.3799086394 0)
(3.099920412 -0.3870650116 0)
(3.101019763 -0.3924134525 0)
(3.10243088 -0.3954934401 0)
(3.103663379 -0.3937542397 0)
(3.102967102 -0.3936683113 0)
(3.102803283 -0.394153042 0)
(3.101606305 -0.3926392536 0)
(3.096119592 -0.3739975465 0)
(3.084043508 -0.327691419 0)
(3.054434155 -0.2278553735 0)
(3.029867623 -0.1061044895 0)
(3.036607624 -0.06190304215 0)
(3.019142907 0.031075774 0)
(2.993752265 0.01691484356 0)
(2.989960294 0.005276316705 0)
(2.989566616 0.00209495195 0)
(2.991900841 0.0008593148723 0)
(2.996297137 0.00270362712 0)
(2.998393598 0.007018013535 0)
(2.997891499 0.006190751872 0)
(2.9961497 0.004209541094 0)
(2.994041605 0.003045097644 0)
(3.084321582 -0.2990744862 0)
(3.086059487 -0.3075063054 0)
(3.08741013 -0.3141519764 0)
(3.088941098 -0.32192668 0)
(3.090262368 -0.3295946727 0)
(3.092351574 -0.3407247491 0)
(3.093701701 -0.3498483332 0)
(3.095500006 -0.360981933 0)
(3.097543113 -0.3676706344 0)
(3.09887343 -0.3701301903 0)
(3.099547638 -0.3739102046 0)
(3.096952937 -0.3731416654 0)
(3.099767726 -0.3821743827 0)
(3.099200443 -0.3875475654 0)
(3.101667256 -0.3932344446 0)
(3.101458162 -0.3938110179 0)
(3.1019387 -0.3922099175 0)
(3.100730263 -0.3873580319 0)
(3.092946539 -0.364581871 0)
(3.07695763 -0.3064595713 0)
(3.056701735 -0.2103759911 0)
(3.03579325 -0.1091718689 0)
(3.047933888 -0.08926240218 0)
(3.012493499 -0.03781103394 0)
(3.002827703 -0.01330205024 0)
(3.000365891 -0.002974828321 0)
(2.998739456 0.009553447139 0)
(2.998025343 0.008481053269 0)
(2.996157392 0.003135097829 0)
(2.994187959 0.002395336033 0)
(2.993817194 0.003098914688 0)
(3.081360179 -0.2859882168 0)
(3.08251035 -0.2911708973 0)
(3.084124812 -0.2987917749 0)
(3.085498629 -0.3061148781 0)
(3.087405103 -0.3158721249 0)
(3.089164281 -0.3235676278 0)
(3.090946302 -0.3316789125 0)
(3.092294464 -0.337475112 0)
(3.092489871 -0.3408273444 0)
(3.094352126 -0.3500282683 0)
(3.094199091 -0.3559574047 0)
(3.096637542 -0.3692532748 0)
(3.097988365 -0.3761921809 0)
(3.099335815 -0.3820763896 0)
(3.101210929 -0.3871859323 0)
(3.102277519 -0.3864487561 0)
(3.101865438 -0.3879635814 0)
(3.101475282 -0.3883785696 0)
(3.100810234 -0.3891013002 0)
(3.098710772 -0.382052992 0)
(3.091516613 -0.3559974071 0)
(3.067237577 -0.272063503 0)
(3.06709056 -0.1873700323 0)
(3.026484603 -0.03665992135 0)
(3.015890944 -0.01658256696 0)
(3.005373825 0.02445752756 0)
(2.999232388 0.01781082894 0)
(3.000947091 0.006160477273 0)
(2.995768469 0.0007277756289 0)
(2.995103718 0.002035411376 0)
(2.995127457 0.005738675679 0)
(3.079440742 -0.2778631218 0)
(3.080247928 -0.2811830629 0)
(3.08108388 -0.2847683144 0)
(3.082324122 -0.2903938539 0)
(3.083487892 -0.2957935592 0)
(3.084778664 -0.3021297649 0)
(3.086502165 -0.3101060053 0)
(3.08758304 -0.3168086621 0)
(3.089902384 -0.3291321036 0)
(3.091081715 -0.3358592547 0)
(3.092970977 -0.346124246 0)
(3.094854884 -0.3519984363 0)
(3.095667526 -0.3548617252 0)
(3.096538973 -0.3606650256 0)
(3.0954174 -0.3618184318 0)
(3.097258936 -0.3703281579 0)
(3.099487631 -0.3808071706 0)
(3.100003048 -0.3844038236 0)
(3.099919304 -0.390199688 0)
(3.102146589 -0.388619165 0)
(3.101529344 -0.3861215693 0)
(3.097707852 -0.3758471649 0)
(3.088111003 -0.3374624926 0)
(3.071423174 -0.266708384 0)
(3.046554643 -0.1654521438 0)
(3.038975046 -0.1033425672 0)
(3.02197853 -0.04858991208 0)
(3.013751664 -0.02990444131 0)
(3.011414005 -0.006497794189 0)
(2.997567945 0.008264205113 0)
(2.995178321 0.008057189955 0)
(3.078643348 -0.2745773449 0)
(3.07892699 -0.2756132982 0)
(3.079455799 -0.2776961935 0)
(3.080120035 -0.2804587422 0)
(3.080924839 -0.2842585916 0)
(3.082177124 -0.2901452531 0)
(3.083157927 -0.2950403021 0)
(3.084950673 -0.3037971189 0)
(3.086077252 -0.3083870408 0)
(3.087780343 -0.3166005684 0)
(3.089298728 -0.3234576648 0)
(3.090027451 -0.3283133584 0)
(3.092155151 -0.3388482906 0)
(3.092829714 -0.3444283052 0)
(3.094512146 -0.3553560575 0)
(3.096095879 -0.3650874166 0)
(3.097785962 -0.3685804442 0)
(3.099291389 -0.37479402 0)
(3.100159277 -0.3789167068 0)
(3.09999135 -0.3777876982 0)
(3.10013256 -0.3822289094 0)
(3.099961624 -0.3834627677 0)
(3.099327869 -0.3828182729 0)
(3.095311526 -0.3677307173 0)
(3.081570636 -0.3126289684 0)
(3.066954159 -0.2401508305 0)
(3.027333198 -0.08711435285 0)
(3.027971659 -0.0622040987 0)
(3.014350928 0.02034989458 0)
(3.003133726 0.01863410945 0)
(2.994376051 0.004425424569 0)
(3.078357929 -0.2732467993 0)
(3.07845408 -0.2736393182 0)
(3.078641773 -0.2743369326 0)
(3.078919005 -0.2755150147 0)
(3.07938276 -0.2776066272 0)
(3.079841495 -0.279732697 0)
(3.080786005 -0.2839812728 0)
(3.081634439 -0.287611991 0)
(3.082951249 -0.2936815816 0)
(3.084459436 -0.3003095593 0)
(3.085576089 -0.306069094 0)
(3.08740874 -0.3154614535 0)
(3.088951414 -0.3223319792 0)
(3.090625939 -0.3309194215 0)
(3.092222349 -0.3377636623 0)
(3.092934646 -0.3408388865 0)
(3.093701219 -0.3464248963 0)
(3.095096777 -0.3545770744 0)
(3.094867405 -0.3580431031 0)
(3.0977027 -0.3704731217 0)
(3.098306905 -0.37521637 0)
(3.100066081 -0.3826138599 0)
(3.099852939 -0.3849441679 0)
(3.101248722 -0.3821853914 0)
(3.099485036 -0.3775120284 0)
(3.092835046 -0.3568134366 0)
(3.07598239 -0.3010803664 0)
(3.057172867 -0.2131451856 0)
(3.030251542 -0.09603908677 0)
(3.038324202 -0.08493926544 0)
(3.021513759 -0.04039040112 0)
(3.078271878 -0.2728345172 0)
(3.078250699 -0.2729007024 0)
(3.07830723 -0.273176641 0)
(3.07840818 -0.273650892 0)
(3.078557269 -0.2742722559 0)
(3.078860755 -0.2755537403 0)
(3.079278346 -0.277140039 0)
(3.079899769 -0.2797070056 0)
(3.080795431 -0.2834002182 0)
(3.081671676 -0.2872502347 0)
(3.082982557 -0.2932836713 0)
(3.084302165 -0.2989490137 0)
(3.085462391 -0.3044731945 0)
(3.086837758 -0.311061207 0)
(3.088065497 -0.317162524 0)
(3.089410543 -0.3250988139 0)
(3.091304238 -0.3352683438 0)
(3.092120954 -0.3404898461 0)
(3.094049512 -0.3514289433 0)
(3.095738313 -0.3560515022 0)
(3.097060958 -0.3621094548 0)
(3.098223779 -0.3683019591 0)
(3.097840442 -0.3677257565 0)
(3.098525338 -0.3738983107 0)
(3.098361888 -0.3747661326 0)
(3.098411923 -0.3770880696 0)
(3.096606222 -0.3699708828 0)
(3.090095066 -0.3443757675 0)
(3.067143468 -0.269674046 0)
(3.058116009 -0.1828967069 0)
(3.031628099 -0.05974800332 0)
(3.078259038 -0.2728260009 0)
(3.078243712 -0.2728613632 0)
(3.078236117 -0.2729851102 0)
(3.078241446 -0.2730851814 0)
(3.078316282 -0.2732690027 0)
(3.078441962 -0.2735911731 0)
(3.078651197 -0.2742001772 0)
(3.078980394 -0.2753077997 0)
(3.079370824 -0.2767668642 0)
(3.079962027 -0.2793115336 0)
(3.080686824 -0.2824135609 0)
(3.081491592 -0.2860894882 0)
(3.082724333 -0.2917553992 0)
(3.084036582 -0.2978027823 0)
(3.085146098 -0.3037371312 0)
(3.086887941 -0.3121883019 0)
(3.087828011 -0.3161674181 0)
(3.089526043 -0.3245044709 0)
(3.0904733 -0.3285693229 0)
(3.091073873 -0.3335401665 0)
(3.092819943 -0.3424942168 0)
(3.093005979 -0.346618132 0)
(3.09560025 -0.3580267933 0)
(3.097245039 -0.3679539455 0)
(3.098123165 -0.3721971671 0)
(3.098461332 -0.3790075012 0)
(3.100357285 -0.3762813729 0)
(3.09983906 -0.3743696112 0)
(3.095812055 -0.3641614853 0)
(3.085429693 -0.3244557474 0)
(3.073216616 -0.2690056275 0)
(3.078265552 -0.2728967891 0)
(3.078283514 -0.2729049392 0)
(3.078248934 -0.2729915843 0)
(3.078260201 -0.2730074177 0)
(3.078310548 -0.2729950064 0)
(3.078404335 -0.2729985293 0)
(3.078500172 -0.2731725464 0)
(3.078609936 -0.2734752509 0)
(3.078770747 -0.2740929725 0)
(3.079000284 -0.2750761673 0)
(3.07933874 -0.2765987404 0)
(3.079869179 -0.2789941777 0)
(3.08058946 -0.2820298065 0)
(3.081292547 -0.2853014696 0)
(3.08255653 -0.2911217158 0)
(3.083332098 -0.2947878101 0)
(3.084808056 -0.3018768685 0)
(3.086175408 -0.307888653 0)
(3.087154614 -0.3139599876 0)
(3.089029244 -0.3238545892 0)
(3.090128559 -0.3287561216 0)
(3.091702571 -0.3374989108 0)
(3.093499227 -0.3446938134 0)
(3.094384288 -0.3474073462 0)
(3.09556543 -0.354182503 0)
(3.095853826 -0.3577697919 0)
(3.095951855 -0.3612515354 0)
(3.097114 -0.3678750079 0)
(3.097155072 -0.3691471428 0)
(3.096819168 -0.3691268205 0)
(3.093630874 -0.3560282441 0)
(3.078377001 -0.2730789799 0)
(3.078409409 -0.2730993669 0)
(3.078430608 -0.2730315252 0)
(3.07844402 -0.2730168416 0)
(3.078479277 -0.2729308081 0)
(3.078490049 -0.2728987658 0)
(3.078487982 -0.272917447 0)
(3.07849225 -0.2729848451 0)
(3.07851247 -0.2731058805 0)
(3.078572812 -0.2733821546 0)
(3.078688284 -0.2738938375 0)
(3.078911421 -0.274839722 0)
(3.079215848 -0.2761542954 0)
(3.0798049 -0.2787231648 0)
(3.080364483 -0.2811224711 0)
(3.081241573 -0.2853172535 0)
(3.082317444 -0.2900933946 0)
(3.083196511 -0.2944225318 0)
(3.084729921 -0.3016373033 0)
(3.085783577 -0.3058383379 0)
(3.087003135 -0.3120115913 0)
(3.088368497 -0.3187204088 0)
(3.088794949 -0.3220945826 0)
(3.090583835 -0.3307130753 0)
(3.092133504 -0.3381079923 0)
(3.093433363 -0.3460066791 0)
(3.095012493 -0.3564513655 0)
(3.096141756 -0.3634800433 0)
(3.097710435 -0.3689212914 0)
(3.097137679 -0.3723033743 0)
(3.098935076 -0.3694043284 0)
(3.078563014 -0.2733582208 0)
(3.078558542 -0.2732284316 0)
(3.078650469 -0.2730288604 0)
(3.078676129 -0.2729786675 0)
(3.078598219 -0.2729830169 0)
(3.078526179 -0.2729472687 0)
(3.078477221 -0.2729252039 0)
(3.078447861 -0.272921118 0)
(3.078451114 -0.2729511088 0)
(3.07846096 -0.2729708105 0)
(3.078483955 -0.2730522333 0)
(3.07852617 -0.2732556938 0)
(3.078645213 -0.2737829065 0)
(3.078841315 -0.2746015712 0)
(3.079178132 -0.2761027583 0)
(3.079687743 -0.27830992 0)
(3.080211683 -0.2806303616 0)
(3.081127073 -0.2847261147 0)
(3.082014913 -0.2884031064 0)
(3.082996851 -0.2931575161 0)
(3.084429904 -0.2997623263 0)
(3.085347061 -0.3042691379 0)
(3.086819822 -0.3121487116 0)
(3.088324411 -0.31903583 0)
(3.089496396 -0.3242811115 0)
(3.091069955 -0.3314600667 0)
(3.092114092 -0.3358781667 0)
(3.092622742 -0.3401685591 0)
(3.093805628 -0.3478292541 0)
(3.093627291 -0.3501224223 0)
(3.095437664 -0.3587497856 0)
(3.078906999 -0.2745332285 0)
(3.078753099 -0.2737881083 0)
(3.078651567 -0.2732236772 0)
(3.078590764 -0.2732154456 0)
(3.078640821 -0.2731580172 0)
(3.078496649 -0.2730780902 0)
(3.078469601 -0.2730221902 0)
(3.078466699 -0.2729459906 0)
(3.078467038 -0.2729346992 0)
(3.078466707 -0.2729375294 0)
(3.078446349 -0.2729284956 0)
(3.078416417 -0.2729184924 0)
(3.078414231 -0.2729796383 0)
(3.078475548 -0.2732272506 0)
(3.078593864 -0.2737288571 0)
(3.078785457 -0.2744874856 0)
(3.079148136 -0.275931713 0)
(3.079635813 -0.2778077594 0)
(3.080219083 -0.2803434442 0)
(3.081095132 -0.2842589296 0)
(3.081881434 -0.2876628409 0)
(3.082922442 -0.2926519193 0)
(3.084082375 -0.2978630157 0)
(3.084870229 -0.301746147 0)
(3.086208277 -0.3082395628 0)
(3.08734136 -0.3135432612 0)
(3.088428756 -0.3197621889 0)
(3.090133515 -0.3285526803 0)
(3.091381917 -0.3350247405 0)
(3.092656791 -0.3437319236 0)
(3.094480563 -0.3539796997 0)
(3.079329376 -0.2757708246 0)
(3.079111265 -0.275219722 0)
(3.078837715 -0.2747474958 0)
(3.078752376 -0.2746583393 0)
(3.07884435 -0.2741564346 0)
(3.078797028 -0.2736425508 0)
(3.07867171 -0.2733191784 0)
(3.078560553 -0.27296067 0)
(3.078484942 -0.2729339867 0)
(3.078475219 -0.2729132425 0)
(3.078409545 -0.2729512811 0)
(3.078396592 -0.2729538328 0)
(3.078373452 -0.272925587 0)
(3.078379736 -0.2729613745 0)
(3.078411938 -0.2730646839 0)
(3.078481717 -0.2732702913 0)
(3.078622366 -0.2736501706 0)
(3.078838439 -0.274359115 0)
(3.07916647 -0.2756790212 0)
(3.079557806 -0.277349654 0)
(3.080100459 -0.2798749904 0)
(3.08087354 -0.2833273944 0)
(3.081639355 -0.2867720128 0)
(3.082712806 -0.291926284 0)
(3.083874766 -0.2970968122 0)
(3.084851097 -0.3020906065 0)
(3.08622552 -0.3087844874 0)
(3.087375352 -0.3136503463 0)
(3.088375835 -0.3188386476 0)
(3.089682906 -0.3255071647 0)
(3.090002056 -0.328416253 0)
(3.07950532 -0.2763358427 0)
(3.079267967 -0.2760805507 0)
(3.079025128 -0.2756586537 0)
(3.078832636 -0.2750758035 0)
(3.078766379 -0.2743380641 0)
(3.07886777 -0.2738993681 0)
(3.078728275 -0.2733732534 0)
(3.078529661 -0.2730987904 0)
(3.078376088 -0.2730184256 0)
)
;

boundaryField
{
    inlet
    {
        type            fixedValue;
        value           nonuniform 0();
    }
    outlet
    {
        type            inletOutlet;
        inletValue      nonuniform 0();
        value           nonuniform 0();
    }
    bottom
    {
        type            slip;
    }
    top
    {
        type            slip;
    }
    obstacle
    {
        type            slip;
    }
    defaultFaces
    {
        type            empty;
    }
    procBoundary28to21
    {
        type            processor;
        value           nonuniform List<vector> 
19
(
(2.983940802 0.004725987415 0)
(2.98430553 0.004620832946 0)
(2.984713609 0.004450965009 0)
(2.985069937 0.004209566063 0)
(2.985401865 0.00394079361 0)
(2.985713007 0.003643387791 0)
(2.986046741 0.005649669091 0)
(2.986046741 0.005649669091 0)
(2.986176845 0.005476114503 0)
(2.986258362 0.005164714091 0)
(2.986286872 0.004545516878 0)
(2.986361507 0.004083356413 0)
(2.986401162 0.003945676345 0)
(2.986456357 0.003847698984 0)
(2.986567748 0.00377366985 0)
(2.986622112 0.006300238341 0)
(2.986622112 0.006300238341 0)
(2.987005094 0.006015726914 0)
(2.987376311 0.005841162637 0)
)
;
    }
    procBoundary28to22
    {
        type            processor;
        value           nonuniform List<vector> 
35
(
(2.984892494 0.003439355205 0)
(2.984713397 0.003560373974 0)
(2.984315362 0.003851746768 0)
(2.98388234 0.004162494111 0)
(2.983649076 0.004367309416 0)
(2.983758285 0.004205585782 0)
(2.984107275 0.004035648705 0)
(2.984397401 0.003881192126 0)
(2.984553111 0.003983610451 0)
(2.984938985 0.004305344381 0)
(2.985383106 0.004587430863 0)
(2.985609386 0.004665121527 0)
(2.98549212 0.004325722465 0)
(2.985040846 0.003863163301 0)
(2.984486817 0.003905630926 0)
(2.984116997 0.003425478046 0)
(2.983785189 0.002899302374 0)
(2.983697015 0.002951942042 0)
(2.983798714 0.003298556534 0)
(2.983926097 0.003593273467 0)
(2.984045305 0.003927077897 0)
(2.984201757 0.004288453226 0)
(2.984227956 0.004322474655 0)
(2.984175302 0.004385523859 0)
(2.983927388 0.006678845895 0)
(2.984309946 0.00863278721 0)
(2.98491903 0.009985979666 0)
(2.985842602 0.00937018004 0)
(2.985776204 0.007805089179 0)
(2.985610197 0.005702300841 0)
(2.98573311 0.003385759372 0)
(2.985558088 0.002759429994 0)
(2.985575851 0.002992816938 0)
(2.985375705 0.003126486768 0)
(2.985375705 0.003126486768 0)
)
;
    }
    procBoundary28to23
    {
        type            processor;
        value           nonuniform List<vector> 2((2.984292209 0.00451841811 0) (2.98461929 0.00467030925 0));
    }
    procBoundary28to27
    {
        type            processor;
        value           nonuniform List<vector> 
55
(
(2.987740513 0.005721403471 0)
(2.988176722 0.005638666957 0)
(2.988484449 0.005593929264 0)
(2.988686999 0.005433398559 0)
(2.988817196 0.004990940179 0)
(2.988786758 0.006958327843 0)
(2.988786758 0.006958327843 0)
(2.988942269 0.006860119387 0)
(2.989279657 0.006911335323 0)
(2.989909362 0.006997034882 0)
(2.9906558 0.006928941848 0)
(2.991552188 0.006770419665 0)
(2.992408397 0.006590826063 0)
(2.993079138 0.006436923421 0)
(2.993306069 0.008897007605 0)
(2.993306069 0.008897007605 0)
(2.992339842 0.008808237365 0)
(2.989676001 0.008207544076 0)
(2.985141113 0.008102548845 0)
(2.979007 0.008313676677 0)
(2.972574717 0.008605352309 0)
(2.967784186 0.007824220217 0)
(2.965575902 0.007932773197 0)
(2.965222716 0.008055329246 0)
(2.97361309 0.007094084839 0)
(2.97361309 0.007094084839 0)
(2.991002429 0.006997328985 0)
(3.00335697 -0.0009129352801 0)
(3.014516255 -0.02467202703 0)
(3.013568003 -0.00456200618 0)
(3.049450266 -0.1873136157 0)
(3.087514281 -0.3473083124 0)
(3.103028925 -0.4019300181 0)
(3.104339383 -0.4045091248 0)
(3.103999117 -0.4027892924 0)
(3.102470396 -0.4020026218 0)
(3.102210588 -0.3984814531 0)
(3.102387951 -0.3844643473 0)
(3.096269857 -0.3664863184 0)
(3.095000468 -0.3584973901 0)
(3.090934291 -0.329893184 0)
(3.086265163 -0.3085192525 0)
(3.083103228 -0.2937932562 0)
(3.080265177 -0.2811938374 0)
(3.078974702 -0.2759716086 0)
(3.078462058 -0.2738179974 0)
(3.078335991 -0.2730754221 0)
(3.078321794 -0.2728449822 0)
(3.078313813 -0.2728259015 0)
(3.078268905 -0.2728156469 0)
(3.078380278 -0.2729937703 0)
(3.078638169 -0.2736360842 0)
(3.079221358 -0.2755307902 0)
(3.07933854 -0.2762424842 0)
(3.079338778 -0.2763729561 0)
)
;
    }
    procBoundary28to29
    {
        type            processor;
        value           nonuniform List<vector> 
69
(
(2.984961967 0.004647824089 0)
(2.985345059 0.004775460721 0)
(2.985762788 0.004825974161 0)
(2.986032106 0.004771796446 0)
(2.986203542 0.004713048449 0)
(2.986402038 0.004673358383 0)
(2.986402038 0.004673358383 0)
(2.986303475 0.004643371836 0)
(2.986610951 0.004641849487 0)
(2.986910615 0.004675489048 0)
(2.987139907 0.004681909552 0)
(2.987298462 0.004658138673 0)
(2.98739277 0.004648949245 0)
(2.987510707 0.004603535781 0)
(2.98773798 0.004509497565 0)
(2.98797239 0.004668690459 0)
(2.988175102 0.004908308884 0)
(2.9882934 0.00502639169 0)
(2.988427454 0.005090661334 0)
(2.988632842 0.005164250379 0)
(2.988842264 0.005206325688 0)
(2.989070698 0.005129214748 0)
(2.989255427 0.004830394537 0)
(2.989255427 0.004830394537 0)
(2.989132292 0.004596285904 0)
(2.989306745 0.004315888957 0)
(2.989457356 0.004462782418 0)
(2.989543093 0.004579860915 0)
(2.989541412 0.004610024249 0)
(2.989416004 0.004621626882 0)
(2.98901321 0.004600881106 0)
(2.988253884 0.004983973974 0)
(2.987064928 0.005142142203 0)
(2.985474809 0.00497773228 0)
(2.98367113 0.004841294068 0)
(2.981863405 0.00471328559 0)
(2.980396866 0.004646433958 0)
(2.979344621 0.004400180524 0)
(2.978828146 0.004046221256 0)
(2.978675716 0.003712052873 0)
(2.980968228 0.003875962122 0)
(2.985757654 0.003971356899 0)
(2.989503514 0.004177713587 0)
(2.991474784 0.003525574854 0)
(2.992239069 0.003104847085 0)
(2.99204038 0.003379073868 0)
(2.991400279 0.00418746695 0)
(2.990884993 0.005093400872 0)
(2.990699855 0.005500975747 0)
(2.990765385 0.005076444664 0)
(2.991310544 0.004543252646 0)
(2.99198751 0.003708828314 0)
(2.993161509 0.003064070491 0)
(2.994269751 0.002605913506 0)
(2.994745933 0.003012534825 0)
(2.994439972 0.002795977565 0)
(2.993953397 0.003454821502 0)
(2.993674331 0.004943283704 0)
(2.9934477 0.007875312874 0)
(2.991804989 0.005833289574 0)
(2.990572761 0.001581677925 0)
(3.00443141 -0.008678535841 0)
(3.016965057 0.00537866597 0)
(3.042916982 -0.1409665592 0)
(3.078873586 -0.3031266832 0)
(3.097147689 -0.3641021954 0)
(3.095189713 -0.360626757 0)
(3.094991296 -0.3576810599 0)
(3.091466509 -0.3366089359 0)
)
;
    }
    procBoundary28to34
    {
        type            processor;
        value           nonuniform List<vector> 
32
(
(3.078366303 -0.2730126506 0)
(3.078410017 -0.2730312838 0)
(3.078406727 -0.2730151848 0)
(3.078388878 -0.2729659374 0)
(3.078367875 -0.2729663188 0)
(3.078397753 -0.2730010062 0)
(3.078429994 -0.2730213301 0)
(3.078469662 -0.2730457752 0)
(3.078520935 -0.2731858834 0)
(3.078606985 -0.2735291496 0)
(3.078761024 -0.2742221375 0)
(3.079033352 -0.2754282406 0)
(3.079420424 -0.2770659971 0)
(3.079977727 -0.2795053609 0)
(3.080722416 -0.2826729931 0)
(3.081426588 -0.2858603009 0)
(3.082433645 -0.2905309686 0)
(3.083398575 -0.2949192516 0)
(3.084171318 -0.2992345329 0)
(3.085613964 -0.3062971263 0)
(3.086269608 -0.310029369 0)
(3.087874318 -0.3182339291 0)
(3.079107419 -0.2762613253 0)
(3.079312828 -0.2760775999 0)
(3.079169079 -0.2759778809 0)
(3.078994568 -0.2758613224 0)
(3.078903558 -0.2757155915 0)
(3.078901659 -0.2755121973 0)
(3.079017444 -0.2752087851 0)
(3.078859958 -0.2745636026 0)
(3.078366303 -0.2730126506 0)
(3.078712606 -0.274184775 0)
)
;
    }
}


// ************************************************************************* //
