/*--------------------------------*- C++ -*----------------------------------*\
  =========                 |
  \\      /  F ield         | OpenFOAM: The Open Source CFD Toolbox
   \\    /   O peration     | Website:  https://openfoam.org
    \\  /    A nd           | Version:  7
     \\/     M anipulation  |
\*---------------------------------------------------------------------------*/
FoamFile
{
    version     2.0;
    format      ascii;
    class       volVectorField;
    location    "2.6";
    object      U;
}
// * * * * * * * * * * * * * * * * * * * * * * * * * * * * * * * * * * * * * //

dimensions      [0 1 -1 0 0 0 0];

internalField   nonuniform List<vector> 
2225
(
(2.381718402 0.4730746827 0)
(2.365947417 0.4594946146 0)
(2.350678434 0.4543316894 0)
(2.339047744 0.4468478162 0)
(2.329221322 0.4426797173 0)
(2.322935107 0.4351675549 0)
(2.317350956 0.4332391322 0)
(2.317670538 0.4225533203 0)
(2.315758399 0.4177986521 0)
(2.31876771 0.4078616284 0)
(2.322922807 0.402610716 0)
(2.329268155 0.3971749316 0)
(2.334045032 0.3949031316 0)
(2.34122802 0.3899693298 0)
(2.346410029 0.3863450104 0)
(2.357047917 0.3798634326 0)
(2.532006708 0.620488557 0)
(2.53539738 0.6118330779 0)
(2.536186979 0.607857069 0)
(2.53472924 0.6015656816 0)
(2.529154021 0.5947596018 0)
(2.523598629 0.5857105166 0)
(2.519794946 0.5762839728 0)
(2.518136277 0.5668585034 0)
(2.516552119 0.5605900979 0)
(2.515066241 0.5531664782 0)
(2.51073601 0.5469562851 0)
(2.504096521 0.5385258385 0)
(2.493447547 0.5320554164 0)
(2.482177282 0.5212208329 0)
(2.467303043 0.513086754 0)
(2.452952716 0.4994213274 0)
(2.436533741 0.4871315398 0)
(2.420404884 0.4741774102 0)
(2.403306836 0.4655138893 0)
(2.387210956 0.4572209467 0)
(2.372092124 0.4488876669 0)
(2.359037172 0.4402672368 0)
(2.346896222 0.4343720968 0)
(2.34037907 0.4232770194 0)
(2.333559814 0.418992829 0)
(2.330337334 0.4128567181 0)
(2.328854667 0.4096600017 0)
(2.330972612 0.404196018 0)
(2.33263683 0.4014069986 0)
(2.337878967 0.3933392105 0)
(2.342009168 0.3879595891 0)
(2.352363427 0.3797870742 0)
(2.541105424 0.6257717791 0)
(2.543768499 0.6185427098 0)
(2.543953797 0.6160660766 0)
(2.540967101 0.6123723488 0)
(2.534297934 0.6065485754 0)
(2.530818506 0.5954495868 0)
(2.530934752 0.5835081571 0)
(2.533302626 0.5727490534 0)
(2.535292279 0.5658552701 0)
(2.536616203 0.5593373419 0)
(2.534529018 0.5550957126 0)
(2.530208499 0.5484020193 0)
(2.522521687 0.5436494043 0)
(2.515793987 0.5329553178 0)
(2.506690876 0.5236571174 0)
(2.497693738 0.5098937543 0)
(2.485393684 0.4989328732 0)
(2.472041928 0.4864959627 0)
(2.455487136 0.4810589931 0)
(2.438917428 0.4733238074 0)
(2.421769496 0.4655010877 0)
(2.40496792 0.4568793574 0)
(2.387896104 0.4520822936 0)
(2.375159275 0.4404503921 0)
(2.362036023 0.4368789693 0)
(2.353701546 0.4259994322 0)
(2.346933118 0.4182983845 0)
(2.343475443 0.4094695573 0)
(2.341576988 0.401163932 0)
(2.342430568 0.3934896563 0)
(2.343949243 0.3906351554 0)
(2.350947455 0.3849461679 0)
(2.547038853 0.632904566 0)
(2.549663889 0.6239862359 0)
(2.549934579 0.6215641118 0)
(2.546279794 0.6198405474 0)
(2.540198691 0.613888533 0)
(2.539117806 0.6015180013 0)
(2.542271305 0.5882404707 0)
(2.546675957 0.5775364252 0)
(2.550061391 0.5714311512 0)
(2.551963924 0.5664265883 0)
(2.55028373 0.5628884554 0)
(2.546588406 0.5573633048 0)
(2.541622923 0.5516628195 0)
(2.53899253 0.541289922 0)
(2.535131163 0.5325834701 0)
(2.530939603 0.5211269531 0)
(2.523136239 0.5114874264 0)
(2.513211438 0.5012847504 0)
(2.500095957 0.4945815854 0)
(2.485909025 0.4872306631 0)
(2.470488607 0.4790907725 0)
(2.454484407 0.4691146015 0)
(2.437365847 0.4612303844 0)
(2.42232402 0.4486411931 0)
(2.405934845 0.4409469307 0)
(2.393106457 0.4289554221 0)
(2.380914621 0.4217754989 0)
(2.372150185 0.4124892296 0)
(2.363956446 0.4103142152 0)
(2.359383486 0.402105972 0)
(2.356546887 0.3979462137 0)
(2.35764488 0.3895100343 0)
(2.549964168 0.6385653514 0)
(2.551778472 0.6315278631 0)
(2.551143753 0.6311962644 0)
(2.54736441 0.6309762872 0)
(2.543985017 0.6241110496 0)
(2.547172652 0.6094714339 0)
(2.552772416 0.5945545235 0)
(2.558171572 0.5830968558 0)
(2.56161181 0.5766160181 0)
(2.562988407 0.5717554867 0)
(2.560387182 0.5690654464 0)
(2.556968785 0.5637916591 0)
(2.554241348 0.558124567 0)
(2.555333366 0.5479643956 0)
(2.555715598 0.5393781577 0)
(2.55519321 0.5292216665 0)
(2.550685104 0.5208859159 0)
(2.543678572 0.511808667 0)
(2.533304546 0.5069932156 0)
(2.522616572 0.5000340873 0)
(2.511176103 0.4915944274 0)
(2.498806519 0.4821970632 0)
(2.484782388 0.4745069562 0)
(2.471034629 0.4629107253 0)
(2.454212268 0.4568977109 0)
(2.439070362 0.4464297526 0)
(2.424015662 0.4374603557 0)
(2.410885622 0.4291115029 0)
(2.399232079 0.4213653736 0)
(2.390278094 0.4112600546 0)
(2.383000654 0.405013133 0)
(2.376555467 0.3937172109 0)
(2.550719323 0.6445223111 0)
(2.554120628 0.6382436665 0)
(2.55414318 0.6379340292 0)
(2.550814489 0.6371749169 0)
(2.550406225 0.6279258471 0)
(2.556817854 0.6119680401 0)
(2.56289839 0.5979382758 0)
(2.567223825 0.5883784435 0)
(2.569228948 0.5832446028 0)
(2.568685879 0.5801405737 0)
(2.565332706 0.5773238075 0)
(2.563543811 0.5708214877 0)
(2.564502433 0.5626574202 0)
(2.568861545 0.5519537224 0)
(2.571436067 0.5447288968 0)
(2.572122746 0.537310366 0)
(2.568738353 0.5311371449 0)
(2.563043014 0.5240631221 0)
(2.555580299 0.5181666679 0)
(2.548908582 0.5104923124 0)
(2.542300113 0.5014035834 0)
(2.534694256 0.4920834717 0)
(2.525129817 0.4845956711 0)
(2.514510847 0.4746614243 0)
(2.50004003 0.4684978812 0)
(2.486098849 0.4572379259 0)
(2.470817741 0.4483675608 0)
(2.457153652 0.4372204741 0)
(2.443896681 0.4296609377 0)
(2.432290036 0.4200007568 0)
(2.422254404 0.4121476321 0)
(2.408516761 0.4020892483 0)
(2.551653847 0.6472553162 0)
(2.555877127 0.6438459089 0)
(2.553936267 0.647385529 0)
(2.550606217 0.6466446388 0)
(2.555689168 0.6338821337 0)
(2.564663629 0.6165221957 0)
(2.569586856 0.6030073779 0)
(2.572415771 0.5944368782 0)
(2.573308944 0.5901615469 0)
(2.571614747 0.5875618312 0)
(2.568856896 0.5836110155 0)
(2.570231295 0.5748334838 0)
(2.574613072 0.5654812128 0)
(2.580527386 0.5560811725 0)
(2.583624684 0.5503398353 0)
(2.583927497 0.5450064919 0)
(2.580430155 0.5398880189 0)
(2.575406501 0.5333253762 0)
(2.570088148 0.5273368901 0)
(2.567241794 0.5190390083 0)
(2.565102874 0.509635701 0)
(2.561773056 0.5006594424 0)
(2.556072257 0.4937101615 0)
(2.548541365 0.4852456747 0)
(2.53685862 0.4799808813 0)
(2.525056751 0.4708578088 0)
(2.51242237 0.4612509447 0)
(2.500584145 0.4510674254 0)
(2.488740595 0.4428992835 0)
(2.477590955 0.4321164264 0)
(2.46645372 0.4248594245 0)
(2.448857959 0.4137079789 0)
(2.553401678 0.6491844487 0)
(2.557908501 0.6486291078 0)
(2.555020123 0.6524801236 0)
(2.552868299 0.6488924248 0)
(2.561175221 0.6354045778 0)
(2.569754801 0.6191313383 0)
(2.572630825 0.6071690735 0)
(2.574273607 0.599724005 0)
(2.573714061 0.59806764 0)
(2.570962631 0.5970995927 0)
(2.571222372 0.5911231044 0)
(2.577167878 0.5799522961 0)
(2.584481797 0.5690241212 0)
(2.59076729 0.5600013465 0)
(2.593085002 0.5557197055 0)
(2.591635037 0.5526514377 0)
(2.586739012 0.5491515546 0)
(2.582012183 0.5434218576 0)
(2.579901753 0.5355331611 0)
(2.580947899 0.5260195706 0)
(2.582440569 0.5159632496 0)
(2.581654626 0.5079485965 0)
(2.578112269 0.5020477032 0)
(2.572309056 0.4956593568 0)
(2.563160561 0.4906557032 0)
(2.554659229 0.4811994917 0)
(2.545734254 0.4713457493 0)
(2.537630067 0.460543897 0)
(2.529057116 0.4517989893 0)
(2.519677116 0.4427395899 0)
(2.509756455 0.4343526752 0)
(2.492014904 0.4228286591 0)
(2.556464954 0.6539976279 0)
(2.55901425 0.6577179088 0)
(2.555437735 0.6599067232 0)
(2.55530999 0.652097787 0)
(2.563929816 0.6384867637 0)
(2.570713439 0.6230282485 0)
(2.571949613 0.6119905437 0)
(2.573485094 0.6061339932 0)
(2.573071087 0.6057135339 0)
(2.572021619 0.6027940793 0)
(2.576522822 0.5936932276 0)
(2.585574115 0.5813846812 0)
(2.593518677 0.5712838596 0)
(2.598617781 0.5647760364 0)
(2.598865055 0.5626796893 0)
(2.59480561 0.561758507 0)
(2.589464796 0.557851015 0)
(2.587076937 0.5502544353 0)
(2.58874268 0.5406241549 0)
(2.592759957 0.5309955151 0)
(2.595740742 0.5223592665 0)
(2.595698737 0.5154986136 0)
(2.592692654 0.5103898595 0)
(2.587746665 0.5048002015 0)
(2.581022603 0.4988107651 0)
(2.575453025 0.4899789248 0)
(2.570690018 0.4791990818 0)
(2.566145321 0.4690034675 0)
(2.560668314 0.4613974944 0)
(2.553767934 0.4533567864 0)
(2.54555345 0.4461613315 0)
(2.530348768 0.4353746362 0)
(2.557896457 0.6595556879 0)
(2.558264088 0.6672787275 0)
(2.554768654 0.6675530314 0)
(2.555464381 0.656769056 0)
(2.562016597 0.6438715615 0)
(2.568748787 0.6279300429 0)
(2.570166785 0.6166905339 0)
(2.572979251 0.6118530191 0)
(2.572899254 0.612714041 0)
(2.574245737 0.6081832973 0)
(2.58281142 0.5968148636 0)
(2.59267361 0.5843031498 0)
(2.599685771 0.575575411 0)
(2.602793163 0.5708307195 0)
(2.600583852 0.5707986239 0)
(2.594440704 0.5711581696 0)
(2.590702512 0.5656021967 0)
(2.59222785 0.555686014 0)
(2.597688323 0.5445852525 0)
(2.603284668 0.5356682155 0)
(2.606337958 0.5282137668 0)
(2.605287013 0.5231031331 0)
(2.601342308 0.5192366244 0)
(2.596438083 0.5146152918 0)
(2.592166497 0.5075688727 0)
(2.590329183 0.4969861193 0)
(2.589196708 0.4854819796 0)
(2.587428514 0.4755581112 0)
(2.584271104 0.4684652536 0)
(2.578766608 0.4628576669 0)
(2.572647054 0.4555068019 0)
(2.561592999 0.4441538187 0)
(2.558890965 0.6657163591 0)
(2.554871685 0.6756639392 0)
(2.549199525 0.6750625726 0)
(2.550453771 0.6630210585 0)
(2.556906784 0.6506817526 0)
(2.5662287 0.6318883264 0)
(2.569266776 0.6205500362 0)
(2.573373796 0.6169379124 0)
(2.574048208 0.6171976069 0)
(2.578456288 0.6095512747 0)
(2.589283366 0.5966869232 0)
(2.597880604 0.5854550854 0)
(2.602894193 0.5787632946 0)
(2.603338812 0.5768432415 0)
(2.59821411 0.5802037074 0)
(2.591608845 0.5808033699 0)
(2.5926754 0.5720153959 0)
(2.599217123 0.5590361272 0)
(2.607093293 0.5470977814 0)
(2.612870688 0.5390458683 0)
(2.614328743 0.5341729761 0)
(2.61104829 0.5311053208 0)
(2.60581902 0.5279725833 0)
(2.601687045 0.5227345631 0)
(2.600916205 0.5128882519 0)
(2.602047615 0.5017514022 0)
(2.603460248 0.4900666468 0)
(2.602981024 0.4810787153 0)
(2.60035432 0.476092557 0)
(2.595452234 0.4718862015 0)
(2.590917862 0.4651015881 0)
(2.584158759 0.4539722642 0)
(2.559259191 0.6669969426 0)
(2.552386079 0.6814808396 0)
(2.544346048 0.6818207986 0)
(2.544031423 0.670747127 0)
(2.552054384 0.6582059281 0)
(2.564003091 0.6358850976 0)
(2.568405176 0.6242770783 0)
(2.573402783 0.6224969806 0)
(2.574671816 0.6219370801 0)
(2.58191091 0.6122371009 0)
(2.592478892 0.599424904 0)
(2.598801017 0.5895892365 0)
(2.60142474 0.5846430637 0)
(2.599447623 0.585628878 0)
(2.593339085 0.5900077036 0)
(2.590484783 0.5873510332 0)
(2.597718632 0.5755098189 0)
(2.607387782 0.5618578262 0)
(2.61579777 0.5506132713 0)
(2.620197075 0.5444284554 0)
(2.619012618 0.5411629597 0)
(2.613279486 0.5393635299 0)
(2.607514004 0.5363276308 0)
(2.605548715 0.5297876338 0)
(2.608146338 0.5188377766 0)
(2.611917729 0.5068759938 0)
(2.614328946 0.4957222231 0)
(2.613743242 0.4876778537 0)
(2.610771492 0.4835639482 0)
(2.605711804 0.4804489801 0)
(2.603260203 0.4726020156 0)
(2.600809766 0.4604011968 0)
(2.558299507 0.6735133302 0)
(2.550064936 0.6926341186 0)
(2.542821294 0.6883427395 0)
(2.540036036 0.6763641657 0)
(2.551894079 0.6592642475 0)
(2.560972884 0.6391228353 0)
(2.568234988 0.6293351718 0)
(2.573802274 0.6284736912 0)
(2.575893008 0.6248974403 0)
(2.584837749 0.6131047715 0)
(2.59354208 0.6009985851 0)
(2.597766659 0.5934598331 0)
(2.598780975 0.5906578103 0)
(2.595540709 0.5943658021 0)
(2.589976402 0.5976847785 0)
(2.592957862 0.5907620194 0)
(2.6051737 0.5767950435 0)
(2.615664051 0.5636168548 0)
(2.623170659 0.5542539297 0)
(2.624836422 0.5502589007 0)
(2.620138199 0.5493063498 0)
(2.612832465 0.5478616571 0)
(2.608946441 0.5426269544 0)
(2.610702939 0.5334143355 0)
(2.616649335 0.5206290296 0)
(2.62129958 0.5098612688 0)
(2.622998806 0.5006157054 0)
(2.62108888 0.4939493695 0)
(2.616484765 0.4918792498 0)
(2.61173431 0.48824068 0)
(2.61171742 0.4792681083 0)
(2.612837655 0.4669356953 0)
(2.560047501 0.6889741733 0)
(2.545728715 0.706406651 0)
(2.536355876 0.6983683361 0)
(2.537117981 0.682782565 0)
(2.552474365 0.65389134 0)
(2.559992454 0.6389995929 0)
(2.567722125 0.6347168291 0)
(2.570042347 0.6364430751 0)
(2.573484458 0.6308442875 0)
(2.584165422 0.6185139297 0)
(2.591330316 0.6063339065 0)
(2.59449757 0.5996036582 0)
(2.594774955 0.5991184199 0)
(2.591266497 0.6040026478 0)
(2.589180376 0.603185394 0)
(2.59890873 0.592343738 0)
(2.612531312 0.5775469831 0)
(2.622294545 0.5654198351 0)
(2.627237157 0.5587482186 0)
(2.624545199 0.5585024999 0)
(2.616653563 0.5596449846 0)
(2.610781978 0.5564541787 0)
(2.611442142 0.5479182175 0)
(2.617415149 0.5363086452 0)
(2.62488956 0.5239372212 0)
(2.628785023 0.5149122114 0)
(2.628233634 0.507806983 0)
(2.624195667 0.5028227294 0)
(2.618603638 0.5007529848 0)
(2.615618905 0.4951334183 0)
(2.618765461 0.4841213046 0)
(2.622693417 0.4711506979 0)
(2.553238933 0.7028794318 0)
(2.537047265 0.7202149792 0)
(2.529762062 0.7126375205 0)
(2.535157732 0.6878915043 0)
(2.552969678 0.6521136491 0)
(2.560728555 0.6377580736 0)
(2.568167483 0.6377487658 0)
(2.56919745 0.6403332922 0)
(2.573332805 0.6335653196 0)
(2.583415578 0.6220989097 0)
(2.588933727 0.6108363395 0)
(2.591334586 0.6050497883 0)
(2.591403567 0.60684965 0)
(2.58864112 0.6114371464 0)
(2.591718444 0.6063600346 0)
(2.605784252 0.593534054 0)
(2.617875679 0.5783186439 0)
(2.625445795 0.568151569 0)
(2.626911043 0.5650621565 0)
(2.620443642 0.5679987176 0)
(2.611990321 0.5688683576 0)
(2.610592577 0.562267897 0)
(2.616511426 0.5504353237 0)
(2.625327425 0.5374201666 0)
(2.632780691 0.5253460975 0)
(2.634441782 0.5186481385 0)
(2.631087067 0.5138206535 0)
(2.625392192 0.5100543022 0)
(2.619617087 0.5079578263 0)
(2.619954935 0.4996834301 0)
(2.625581272 0.4878613337 0)
(2.630637257 0.4760192397 0)
(2.551838106 0.6935805171 0)
(2.535133232 0.7268459038 0)
(2.529613777 0.7225221931 0)
(2.53639346 0.6964386055 0)
(2.555024062 0.6563173934 0)
(2.561733968 0.638770267 0)
(2.569045148 0.6388372213 0)
(2.57022465 0.6415208213 0)
(2.571528913 0.6374309459 0)
(2.579181937 0.6282228472 0)
(2.584386997 0.6173810272 0)
(2.587021272 0.6113407966 0)
(2.588377463 0.6139436028 0)
(2.58837694 0.6160608902 0)
(2.596014199 0.6081173234 0)
(2.610167531 0.5947936704 0)
(2.619593977 0.5807208892 0)
(2.624392206 0.573062921 0)
(2.622633211 0.5734732944 0)
(2.614626305 0.5774259198 0)
(2.609003714 0.5757785061 0)
(2.613302786 0.5658121943 0)
(2.623092585 0.5521749444 0)
(2.63252256 0.5396824936 0)
(2.637561634 0.5300112056 0)
(2.63554803 0.5259111759 0)
(2.629600686 0.5226234174 0)
(2.623774666 0.519135328 0)
(2.620756581 0.514394135 0)
(2.625435512 0.5033654101 0)
(2.632589155 0.491306103 0)
(2.637424083 0.4803059771 0)
(2.558841625 0.6925869535 0)
(2.535831693 0.7438732799 0)
(2.527441517 0.7352148884 0)
(2.536368526 0.6983466434 0)
(2.556727886 0.6534720366 0)
(2.563977993 0.6372586424 0)
(2.572179086 0.6402354206 0)
(2.572239406 0.643719844 0)
(2.569570222 0.6407128437 0)
(2.575792426 0.6318360061 0)
(2.580740395 0.6216001143 0)
(2.584254294 0.6163812064 0)
(2.587281302 0.619269217 0)
(2.589718233 0.6189603369 0)
(2.599607741 0.6095735605 0)
(2.611362724 0.5965908718 0)
(2.617812778 0.58492567 0)
(2.619880164 0.5803776785 0)
(2.615907656 0.5834020416 0)
(2.60903833 0.5856862638 0)
(2.608979528 0.5798114172 0)
(2.618081383 0.5670333029 0)
(2.62930711 0.5531156224 0)
(2.637648521 0.5417423471 0)
(2.639337043 0.5350124403 0)
(2.63375088 0.533585187 0)
(2.62683992 0.5307002842 0)
(2.623256891 0.5253677309 0)
(2.624334759 0.517678503 0)
(2.632389726 0.5050053772 0)
(2.639332591 0.4945919593 0)
(2.642274316 0.4857551577 0)
(2.564889688 0.6663990605 0)
(2.551675969 0.7500070764 0)
(2.525960784 0.7311272264 0)
(2.545942918 0.6879920126 0)
(2.559010449 0.6493039654 0)
(2.569037237 0.6406467289 0)
(2.574683844 0.647373776 0)
(2.570841708 0.6512094005 0)
(2.567330174 0.6452829214 0)
(2.573511328 0.6338997689 0)
(2.578008706 0.6237497588 0)
(2.582798944 0.6211933505 0)
(2.586630536 0.6250621607 0)
(2.590186737 0.6230904602 0)
(2.600806907 0.6128903894 0)
(2.610089882 0.6000572465 0)
(2.614468848 0.5901889794 0)
(2.614883277 0.5887336426 0)
(2.610115986 0.5930717542 0)
(2.605763006 0.5926143272 0)
(2.61138054 0.5827210207 0)
(2.622873226 0.5675841757 0)
(2.63311921 0.5542393157 0)
(2.637751653 0.5466724484 0)
(2.634540784 0.5439939762 0)
(2.626726637 0.5436210458 0)
(2.622605404 0.5388398888 0)
(2.623595027 0.5309935021 0)
(2.629520559 0.52063339 0)
(2.639168189 0.5078215205 0)
(2.64456488 0.4994812537 0)
(2.644898231 0.4916734941 0)
(2.683473295 0.4909728288 0)
(2.568874381 0.7454878903 0)
(2.548795133 0.7247358439 0)
(2.562914651 0.6719276891 0)
(2.569665247 0.6435006369 0)
(2.577548045 0.64161095 0)
(2.575253164 0.6551885442 0)
(2.564326683 0.6601656291 0)
(2.564274343 0.6517211575 0)
(2.570438058 0.6379216981 0)
(2.575759957 0.6273142926 0)
(2.582987356 0.6255585082 0)
(2.58796114 0.6288708243 0)
(2.591826225 0.6254302806 0)
(2.601237047 0.615334902 0)
(2.607548338 0.6038456745 0)
(2.609827575 0.5964254699 0)
(2.608471818 0.598477336 0)
(2.603155162 0.6029708996 0)
(2.603809105 0.5987415759 0)
(2.614158371 0.5850981587 0)
(2.625521582 0.5683624131 0)
(2.633805476 0.5563328847 0)
(2.635293971 0.5519022132 0)
(2.628869868 0.5520024496 0)
(2.621014009 0.5509193887 0)
(2.620983205 0.5434889519 0)
(2.626429465 0.5333557524 0)
(2.635485144 0.5218659162 0)
(2.645075447 0.5095679241 0)
(2.647460252 0.5044903671 0)
(2.644879172 0.4982271196 0)
(2.913065336 0.149378981 0)
(2.633092828 0.6466509362 0)
(2.585018151 0.723066716 0)
(2.580966386 0.6623187392 0)
(2.584396285 0.6476860026 0)
(2.585028879 0.6529064707 0)
(2.573333998 0.6693331346 0)
(2.562188222 0.6671658043 0)
(2.564031256 0.6541534823 0)
(2.567998376 0.6391751737 0)
(2.574392907 0.630001854 0)
(2.583126282 0.6311173279 0)
(2.587668348 0.635128527 0)
(2.591014728 0.6309047511 0)
(2.599129905 0.6206671373 0)
(2.60379353 0.6092120309 0)
(2.605146077 0.6035169791 0)
(2.603666329 0.6070825907 0)
(2.599907625 0.6092611752 0)
(2.604643765 0.6012858962 0)
(2.615851363 0.5854523305 0)
(2.624770088 0.5698105802 0)
(2.629433529 0.5611686996 0)
(2.62690033 0.5605757906 0)
(2.619480183 0.5614172265 0)
(2.616367932 0.5565196284 0)
(2.621553885 0.545806585 0)
(2.630139242 0.5341689974 0)
(2.63987492 0.522913501 0)
(2.646594881 0.5144737442 0)
(2.644881207 0.5127393216 0)
(2.641860706 0.5057566528 0)
(3.06335304 -0.1757066056 0)
(2.852360947 0.2853858485 0)
(2.672561878 0.6392225154 0)
(2.617193851 0.6355847819 0)
(2.597694129 0.6540343353 0)
(2.583511517 0.6733258121 0)
(2.563709378 0.6869110752 0)
(2.551995583 0.6781488234 0)
(2.555633582 0.6653388792 0)
(2.563480869 0.6456712544 0)
(2.573580746 0.6340443725 0)
(2.585125763 0.6344965161 0)
(2.589543596 0.6381939074 0)
(2.591183403 0.6346155367 0)
(2.596656518 0.6251276444 0)
(2.598840057 0.6155147271 0)
(2.599387725 0.6125508784 0)
(2.598303142 0.6165360767 0)
(2.597755563 0.615551382 0)
(2.605919497 0.6038422572 0)
(2.615918692 0.5860317769 0)
(2.622277472 0.5715024279 0)
(2.624040131 0.5662805752 0)
(2.618615937 0.568722868 0)
(2.611793087 0.5682635724 0)
(2.614006568 0.5599798722 0)
(2.622729474 0.5474383773 0)
(2.632625033 0.5352780033 0)
(2.641711834 0.5243769346 0)
(2.645164073 0.5191914672 0)
(2.640619781 0.5193426256 0)
(2.63893403 0.5117595447 0)
(3.090976718 -0.26018446 0)
(3.049627964 -0.1284631485 0)
(2.85213074 0.3248621352 0)
(2.691153266 0.5726709765 0)
(2.61282201 0.634397802 0)
(2.588628079 0.6732201075 0)
(2.560977036 0.6912848291 0)
(2.547585284 0.6823371442 0)
(2.552264976 0.6689010664 0)
(2.562470333 0.6467654036 0)
(2.576270484 0.6353236826 0)
(2.588613077 0.6383338039 0)
(2.590825148 0.6438335574 0)
(2.589044324 0.6415894525 0)
(2.592376532 0.6323273872 0)
(2.593876396 0.6222910411 0)
(2.594892351 0.6202357502 0)
(2.595488009 0.6235817477 0)
(2.597610865 0.6204240943 0)
(2.606528219 0.6066184927 0)
(2.613912582 0.5886567785 0)
(2.617312319 0.5756610228 0)
(2.616290974 0.5736779022 0)
(2.609363621 0.5770957839 0)
(2.605884233 0.5733387411 0)
(2.613299812 0.5619259154 0)
(2.623531816 0.5480253469 0)
(2.633224981 0.5363608025 0)
(2.640019039 0.5283872667 0)
(2.638604527 0.5275195324 0)
(2.633889708 0.5268101545 0)
(2.636345224 0.517268969 0)
(3.091662462 -0.2551002039 0)
(3.08979532 -0.248148144 0)
(3.051625668 -0.1317863611 0)
(2.841256623 0.3202851273 0)
(2.68220419 0.546254132 0)
(2.581345037 0.68543815 0)
(2.549897467 0.7048289554 0)
(2.538750202 0.6951379977 0)
(2.552214128 0.6700996094 0)
(2.564944158 0.6429906957 0)
(2.581708858 0.6326186578 0)
(2.593488072 0.6409842213 0)
(2.592645462 0.6492486886 0)
(2.588366323 0.6475278063 0)
(2.590642175 0.6378480652 0)
(2.591584818 0.6272637629 0)
(2.592846762 0.6254525513 0)
(2.594718979 0.6283817805 0)
(2.598285766 0.6241959696 0)
(2.606274176 0.6094810014 0)
(2.611171296 0.5917753912 0)
(2.612026707 0.5807346994 0)
(2.608820733 0.581804712 0)
(2.601997295 0.5839413701 0)
(2.603060182 0.5763027232 0)
(2.613130578 0.562782734 0)
(2.622783086 0.5492548553 0)
(2.630985877 0.5393277869 0)
(2.634841736 0.5347205273 0)
(2.629568344 0.5362646443 0)
(2.628176579 0.5327387077 0)
(2.634818299 0.5213225032 0)
(3.089575014 -0.2435560572 0)
(3.090280556 -0.2450592773 0)
(3.088543181 -0.2393833003 0)
(3.043055334 -0.1175350166 0)
(2.815913862 0.3374405065 0)
(2.627620251 0.6168790454 0)
(2.556945727 0.7068566742 0)
(2.539782373 0.6939587981 0)
(2.559110522 0.6633923144 0)
(2.572265698 0.6351567436 0)
(2.589153879 0.6288436598 0)
(2.599759858 0.6431930196 0)
(2.593382708 0.6560940805 0)
(2.584173364 0.6564951409 0)
(2.585128781 0.6472817419 0)
(2.586335619 0.6368483443 0)
(2.589179263 0.6338180842 0)
(2.593813666 0.6339719202 0)
(2.599310412 0.6270041633 0)
(2.605606941 0.6116293988 0)
(2.607785451 0.5950748793 0)
(2.606270578 0.5869045591 0)
(2.601627437 0.5900468685 0)
(2.596299824 0.5897351289 0)
(2.60197169 0.5789647974 0)
(2.612571218 0.5638953723 0)
(2.621027542 0.550953291 0)
(2.627564937 0.5430470258 0)
(2.628309907 0.5424054153 0)
(2.621491535 0.5433783216 0)
(2.624704382 0.5371059602 0)
(2.633541254 0.5245864212 0)
(3.087452063 -0.2305767611 0)
(3.087941911 -0.2347648386 0)
(3.090450924 -0.240306579 0)
(3.087719462 -0.2321976766 0)
(3.007811397 -0.04380122164 0)
(2.788272875 0.3795904405 0)
(2.579269448 0.706473834 0)
(2.542411094 0.6940719864 0)
(2.566149739 0.6497330441 0)
(2.579417964 0.6291895746 0)
(2.595904405 0.6309749227 0)
(2.602594602 0.6517326661 0)
(2.591751836 0.6663214897 0)
(2.583058597 0.6627171376 0)
(2.583752377 0.6514533052 0)
(2.584289434 0.6409346804 0)
(2.58828089 0.6385312188 0)
(2.59290746 0.6397082748 0)
(2.597017795 0.6327180342 0)
(2.601524918 0.616867464 0)
(2.602291252 0.6003533564 0)
(2.600365257 0.5940277559 0)
(2.596644588 0.5968277676 0)
(2.594143231 0.5933561304 0)
(2.602335587 0.5805471954 0)
(2.611502002 0.5652950852 0)
(2.618224951 0.5535338551 0)
(2.622574881 0.5483324647 0)
(2.6203124 0.5508664563 0)
(2.614911329 0.54919238 0)
(2.622299706 0.5409356199 0)
(2.631946889 0.5273819154 0)
(3.085388426 -0.2172220178 0)
(3.086056283 -0.2211531144 0)
(3.087481115 -0.2267259654 0)
(3.088745471 -0.225127832 0)
(3.081850361 -0.2078061176 0)
(2.986561007 0.04737131102 0)
(2.696113414 0.5581798405 0)
(2.596885121 0.6468028073 0)
(2.589556888 0.6277142172 0)
(2.595391544 0.6199125451 0)
(2.60398557 0.6320083816 0)
(2.596614663 0.6649595829 0)
(2.578847612 0.6802228685 0)
(2.572798002 0.6749479668 0)
(2.576881934 0.6637028894 0)
(2.580593096 0.6496531543 0)
(2.587411575 0.6444976982 0)
(2.592948693 0.6442390782 0)
(2.595536934 0.6365896041 0)
(2.597591504 0.6208898222 0)
(2.596565783 0.6056381363 0)
(2.594465815 0.6015709556 0)
(2.592071709 0.6040164034 0)
(2.592609068 0.5984213943 0)
(2.602228779 0.5839247427 0)
(2.609914791 0.5677554708 0)
(2.614800956 0.5565656063 0)
(2.617109014 0.5543860611 0)
(2.613311134 0.5580856928 0)
(2.610904627 0.5536847469 0)
(2.620461389 0.5435360968 0)
(2.629728826 0.5302535492 0)
(3.083110112 -0.2038035814 0)
(3.08480778 -0.2100110064 0)
(3.086024028 -0.2153840988 0)
(3.088444455 -0.2216456918 0)
(3.088688773 -0.2193028841 0)
(3.075361774 -0.1727643447 0)
(2.951152101 0.1454962074 0)
(2.679835158 0.5992923385 0)
(2.610344051 0.6004972322 0)
(2.608975496 0.6271812809 0)
(2.604650364 0.6475073919 0)
(2.59032441 0.6806534757 0)
(2.574549466 0.6874711169 0)
(2.569653665 0.6789863174 0)
(2.575277012 0.6672616096 0)
(2.580676035 0.6527741818 0)
(2.589418346 0.6476383397 0)
(2.593511347 0.6490693961 0)
(2.592657093 0.642782254 0)
(2.592478149 0.6271598268 0)
(2.591421313 0.6116501208 0)
(2.590907294 0.6069371844 0)
(2.590905008 0.6077461745 0)
(2.593577917 0.6010571686 0)
(2.602311201 0.5865030803 0)
(2.60779287 0.5710536518 0)
(2.610575955 0.5609360183 0)
(2.611221883 0.5614094591 0)
(2.607419578 0.5643718377 0)
(2.608597099 0.5577452923 0)
(2.619131031 0.5454226917 0)
(2.627695632 0.5328861349 0)
(3.081577718 -0.1934431401 0)
(3.082875285 -0.1969806341 0)
(3.084499759 -0.20258728 0)
(3.084854284 -0.2048960899 0)
(3.08887739 -0.2119396794 0)
(3.089393639 -0.2097081468 0)
(3.07100968 -0.1351142352 0)
(2.90968317 0.2254990816 0)
(2.691067336 0.520732534 0)
(2.618254735 0.5971401313 0)
(2.605900591 0.6695566175 0)
(2.579411651 0.700307731 0)
(2.566105454 0.6999847494 0)
(2.566087744 0.6890135042 0)
(2.576298837 0.6704465512 0)
(2.583547057 0.6544033869 0)
(2.593125952 0.6508603531 0)
(2.594973643 0.6540997475 0)
(2.592444296 0.6477477274 0)
(2.591483592 0.6308132717 0)
(2.589499913 0.615434794 0)
(2.589202919 0.6115006869 0)
(2.590634075 0.612229074 0)
(2.594419385 0.6053969914 0)
(2.601999862 0.5902812717 0)
(2.605969782 0.5746760304 0)
(2.607205104 0.5655897835 0)
(2.607172489 0.5673188377 0)
(2.603967878 0.5688572489 0)
(2.60822118 0.5606480789 0)
(2.617935067 0.5476241672 0)
(2.625361026 0.5365400662 0)
(3.078622392 -0.1802200132 0)
(3.080218808 -0.1839203217 0)
(3.08183015 -0.1883032408 0)
(3.083797318 -0.1944635059 0)
(3.085044903 -0.196453384 0)
(3.089520827 -0.200889811 0)
(3.08997876 -0.1970577181 0)
(3.066936056 -0.118437703 0)
(2.857468507 0.271483696 0)
(2.67763445 0.5099456053 0)
(2.599212702 0.6681311124 0)
(2.570844176 0.7179740627 0)
(2.563629479 0.7123662418 0)
(2.566341427 0.6981477275 0)
(2.580620061 0.6715304031 0)
(2.589904784 0.6543840142 0)
(2.598682024 0.6539386669 0)
(2.595403438 0.6607745793 0)
(2.586698381 0.6569687194 0)
(2.585094126 0.6402583752 0)
(2.585855045 0.6232784922 0)
(2.588243533 0.6155657608 0)
(2.591962391 0.6140077879 0)
(2.596455414 0.6069498686 0)
(2.601602267 0.593360628 0)
(2.60321124 0.5798813815 0)
(2.603052516 0.572850438 0)
(2.602953435 0.5749325988 0)
(2.6011978 0.574412248 0)
(2.608735737 0.5641164546 0)
(2.61716874 0.5502308342 0)
(2.623432314 0.5402323291 0)
(3.0773468 -0.1712209441 0)
(3.07822333 -0.1734301819 0)
(3.080227056 -0.1784441082 0)
(3.082216557 -0.1820296394 0)
(3.084852272 -0.1868429253 0)
(3.086494432 -0.1906241722 0)
(3.092590995 -0.1934320169 0)
(3.09210111 -0.1881777749 0)
(3.045392554 -0.08074631797 0)
(2.831451791 0.3104369633 0)
(2.627337686 0.603984876 0)
(2.574151318 0.7350669911 0)
(2.559299486 0.7313632389 0)
(2.57059557 0.701531936 0)
(2.58752592 0.6685688716 0)
(2.598315979 0.6549014138 0)
(2.603230508 0.660941947 0)
(2.593512525 0.6706359945 0)
(2.583157704 0.663307145 0)
(2.583900902 0.6422096946 0)
(2.584957281 0.6253727469 0)
(2.587854847 0.6192691782 0)
(2.592037474 0.6188682104 0)
(2.596559952 0.6117242875 0)
(2.600845211 0.5974196376 0)
(2.601856493 0.5840603495 0)
(2.601942132 0.5777778635 0)
(2.6024035 0.5795524743 0)
(2.60155834 0.577916462 0)
(2.61010826 0.5664208285 0)
(2.616167877 0.5536327611 0)
(2.620727591 0.5451328152 0)
(3.075219562 -0.1569831312 0)
(3.076642027 -0.1626731011 0)
(3.077288479 -0.1648793946 0)
(3.079777906 -0.1694797449 0)
(3.083256172 -0.1728904325 0)
(3.085745024 -0.1758384221 0)
(3.088782841 -0.1795311478 0)
(3.092935792 -0.1807099563 0)
(3.090085246 -0.1726252809 0)
(3.013822875 0.006096607352 0)
(2.751438109 0.4252691197 0)
(2.5963484 0.7111565121 0)
(2.578551946 0.7249631952 0)
(2.5882725 0.6905270619 0)
(2.598676743 0.6668950702 0)
(2.606523865 0.6575062362 0)
(2.602150461 0.6712676326 0)
(2.583688032 0.6829639211 0)
(2.574877047 0.672418283 0)
(2.579311759 0.6503815598 0)
(2.58232242 0.6325712138 0)
(2.587751254 0.6236132275 0)
(2.593350938 0.6215291262 0)
(2.597571823 0.6143967704 0)
(2.59962497 0.6016780499 0)
(2.598947237 0.5905844905 0)
(2.598839242 0.5859158182 0)
(2.59966414 0.5875805543 0)
(2.600631045 0.5845296806 0)
(2.610092754 0.5710277416 0)
(2.614967655 0.5576916283 0)
(2.61826625 0.5496622124 0)
(3.072410769 -0.1431173416 0)
(3.074722191 -0.1491071798 0)
(3.076150642 -0.1539287233 0)
(3.077248682 -0.1570781815 0)
(3.080771202 -0.1599015988 0)
(3.08452794 -0.1623632952 0)
(3.087176473 -0.1654412103 0)
(3.092069968 -0.170898003 0)
(3.09305861 -0.170245854 0)
(3.084107045 -0.1425860783 0)
(2.963288378 0.1205574007 0)
(2.683943558 0.5774093822 0)
(2.607712657 0.7340596344 0)
(2.600006758 0.686477929 0)
(2.606809263 0.6671458521 0)
(2.61005387 0.6680273905 0)
(2.596845954 0.6890645421 0)
(2.57696234 0.6942793388 0)
(2.571708447 0.6737236067 0)
(2.577733615 0.6486557285 0)
(2.581533004 0.633318535 0)
(2.588460405 0.6269521182 0)
(2.592404175 0.6279492816 0)
(2.594923657 0.6214570042 0)
(2.59743976 0.6072442134 0)
(2.597332744 0.5953872377 0)
(2.598267653 0.5893875769 0)
(2.599844302 0.5900592626 0)
(2.601437719 0.5875606067 0)
(2.609989391 0.574073982 0)
(2.612670599 0.5630276992 0)
(2.614932221 0.5554879072 0)
(3.07058348 -0.1333572132 0)
(3.072911839 -0.1385819266 0)
(3.075464887 -0.1442092291 0)
(3.076708063 -0.1474971542 0)
(3.079246647 -0.1506319406 0)
(3.083578207 -0.1519221023 0)
(3.086563568 -0.1549211373 0)
(3.08934856 -0.1571795575 0)
(3.094204057 -0.162492601 0)
(3.094503339 -0.1617766409 0)
(3.071790039 -0.09791427813 0)
(2.884504937 0.2726136486 0)
(2.70501637 0.6330079292 0)
(2.632258367 0.671082115 0)
(2.617826595 0.6657661809 0)
(2.611016768 0.680877403 0)
(2.589926152 0.7058069932 0)
(2.563679282 0.705196669 0)
(2.563619301 0.682292706 0)
(2.573850834 0.6545226592 0)
(2.581162542 0.6353912863 0)
(2.591470197 0.62739725 0)
(2.594359531 0.6292583985 0)
(2.592611381 0.626059437 0)
(2.592430775 0.6144638119 0)
(2.592441716 0.6043019914 0)
(2.595228639 0.5978303158 0)
(2.598415477 0.5968286237 0)
(2.600895873 0.5934229177 0)
(2.609000458 0.5787189842 0)
(2.610813076 0.5676182797 0)
(2.61269952 0.5599973509 0)
(3.067794335 -0.119271748 0)
(3.06815677 -0.1215957613 0)
(3.071475465 -0.1271120981 0)
(3.074784799 -0.1315906765 0)
(3.076896305 -0.133316635 0)
(3.080229655 -0.1359146926 0)
(3.084508614 -0.1384999907 0)
(3.087255708 -0.1428236161 0)
(3.090165107 -0.1459580179 0)
(3.095113647 -0.1547386526 0)
(3.090712569 -0.1531776705 0)
(3.050544678 -0.04770283353 0)
(2.860642967 0.3679177311 0)
(2.718225482 0.5873365485 0)
(2.632951998 0.6473616334 0)
(2.612684424 0.6794396759 0)
(2.5782819 0.7149194264 0)
(2.55577213 0.7063955954 0)
(2.55887939 0.6871150257 0)
(2.572662139 0.6560302906 0)
(2.585273031 0.6355302492 0)
(2.59629998 0.6321116528 0)
(2.593421052 0.6375646786 0)
(2.588240721 0.6335059173 0)
(2.589585145 0.619007582 0)
(2.59103809 0.6075436004 0)
(2.595351219 0.6006135867 0)
(2.599447691 0.599560361 0)
(2.601650149 0.5974840651 0)
(2.608192777 0.5835695605 0)
(2.608554987 0.5737743639 0)
(2.610438444 0.5658377222 0)
(3.067319791 -0.1114547055 0)
(3.067911745 -0.1156235778 0)
(3.069668393 -0.1193926019 0)
(3.074586253 -0.1229654922 0)
(3.077392563 -0.1260740281 0)
(3.079994171 -0.1275087714 0)
(3.083774399 -0.1299220843 0)
(3.086766029 -0.1329248758 0)
(3.088760718 -0.1363788473 0)
(3.090899194 -0.1405763508 0)
(3.092579738 -0.1507704884 0)
(3.081987587 -0.1495773698 0)
(3.035152785 -0.03654015533 0)
(2.852323317 0.3539739854 0)
(2.707964405 0.5555503615 0)
(2.590824496 0.6892989072 0)
(2.557838315 0.7311463974 0)
(2.547491076 0.7190151827 0)
(2.559910122 0.6880881952 0)
(2.578429801 0.650891152 0)
(2.594318281 0.6320722741 0)
(2.603282047 0.6344142264 0)
(2.595706427 0.6433066458 0)
(2.584719164 0.641657972 0)
(2.586622695 0.6268539848 0)
(2.590608124 0.6125961584 0)
(2.595013837 0.6053330631 0)
(2.599620742 0.6048438195 0)
(2.601665681 0.6037003482 0)
(2.607930294 0.5891715338 0)
(2.608336247 0.5777978479 0)
(2.610102746 0.5694089115 0)
(3.063312834 -0.09325263021 0)
(3.06546781 -0.09844723157 0)
(3.067033874 -0.1014537454 0)
(3.069874196 -0.1046171583 0)
(3.074188365 -0.1068539258 0)
(3.077526552 -0.1107620565 0)
(3.080802506 -0.1134631243 0)
(3.084245358 -0.1172733618 0)
(3.086625298 -0.1232210524 0)
(3.087347129 -0.1291885829 0)
(3.086753192 -0.1367806601 0)
(3.084104778 -0.1531582554 0)
(3.064841972 -0.1537119208 0)
(3.019143668 -0.0491748728 0)
(2.829221538 0.3379546122 0)
(2.644811407 0.5919798082 0)
(2.570253163 0.7283205358 0)
(2.548247242 0.7190009171 0)
(2.569609538 0.6794830743 0)
(2.589049102 0.6402749818 0)
(2.602683423 0.6269535573 0)
(2.605068733 0.639881064 0)
(2.590059719 0.6547190094 0)
(2.579571445 0.6501270575 0)
(2.584917004 0.6339816813 0)
(2.59028185 0.6174121968 0)
(2.594936412 0.6079687474 0)
(2.600918817 0.6064960268 0)
(2.60298006 0.6071763978 0)
(2.606768345 0.5954701281 0)
(2.606626058 0.5849583991 0)
(2.608830443 0.5760075676 0)
(3.061541444 -0.08384839547 0)
(3.065657706 -0.09030756879 0)
(3.067710668 -0.09443207268 0)
(3.069741624 -0.0962052893 0)
(3.073500303 -0.09875052245 0)
(3.077365717 -0.1020066914 0)
(3.080055459 -0.1048988091 0)
(3.082866314 -0.1073929918 0)
(3.084858541 -0.1121973312 0)
(3.084184449 -0.1201386438 0)
(3.080689663 -0.1294623038 0)
(3.075985828 -0.144941059 0)
(3.065600205 -0.1710071735 0)
(3.050526152 -0.1634596706 0)
(2.991687051 -0.02629428324 0)
(2.786624987 0.3580291233 0)
(2.58504641 0.7030745335 0)
(2.566094546 0.7138549215 0)
(2.585142151 0.6604105235 0)
(2.597901302 0.6334498384 0)
(2.607562027 0.6322859106 0)
(2.602385632 0.654647523 0)
(2.586431423 0.6655092233 0)
(2.577993687 0.6540499134 0)
(2.584570334 0.6372798427 0)
(2.589196948 0.6215416431 0)
(2.595264808 0.6127277133 0)
(2.601945483 0.6120155004 0)
(2.603100288 0.6125518468 0)
(2.606573077 0.6002395974 0)
(2.607660771 0.5881351796 0)
(2.610166288 0.5793247443 0)
(3.05845624 -0.06785699392 0)
(3.060575497 -0.07172570569 0)
(3.065159454 -0.07606218101 0)
(3.067844237 -0.07963512398 0)
(3.070801237 -0.08136060012 0)
(3.074887432 -0.08544123589 0)
(3.077904812 -0.0905113982 0)
(3.079826363 -0.09510382111 0)
(3.080952934 -0.09997864011 0)
(3.080143113 -0.1111554173 0)
(3.074708865 -0.1235504382 0)
(3.067220047 -0.139791499 0)
(3.056126205 -0.1619949915 0)
(3.049490228 -0.1742233643 0)
(3.044144036 -0.1631195351 0)
(2.968113283 0.02894780113 0)
(2.71652952 0.4954735221 0)
(2.625360241 0.6659428881 0)
(2.608473187 0.6392956489 0)
(2.60879294 0.6335625388 0)
(2.61017789 0.645040535 0)
(2.594716408 0.673811827 0)
(2.573580978 0.6783551061 0)
(2.571872726 0.6618497923 0)
(2.582103459 0.6430784341 0)
(2.588377277 0.625991007 0)
(2.598958648 0.6159692863 0)
(2.604879915 0.6165655357 0)
(2.602916443 0.618033331 0)
(2.604374982 0.6068781794 0)
(2.605263156 0.5961098297 0)
(2.608659801 0.587417653 0)
(3.057845335 -0.05833249737 0)
(3.059427403 -0.06130983062 0)
(3.063599304 -0.06517467139 0)
(3.067416486 -0.06918271464 0)
(3.070215544 -0.07188549667 0)
(3.07358406 -0.07387946386 0)
(3.076367922 -0.07830669526 0)
(3.077454952 -0.08521846417 0)
(3.076771692 -0.09285819736 0)
(3.074051281 -0.1031436756 0)
(3.067627306 -0.1216486616 0)
(3.057354331 -0.1394043268 0)
(3.046598579 -0.154204922 0)
(3.047114086 -0.1734000737 0)
(3.047150648 -0.1726350583 0)
(3.038616607 -0.1422953225 0)
(2.941813283 0.1076110807 0)
(2.722543502 0.545375185 0)
(2.651312833 0.5960424168 0)
(2.616953016 0.6289972782 0)
(2.604585191 0.6596014761 0)
(2.581275107 0.6896009869 0)
(2.566070894 0.6827181461 0)
(2.567372258 0.6662186719 0)
(2.581597261 0.6404043598 0)
(2.591180878 0.6247104571 0)
(2.60338948 0.6209164088 0)
(2.604811293 0.6254589323 0)
(2.600923137 0.6247789963 0)
(2.604065756 0.6097917847 0)
(2.605411334 0.5970414851 0)
(2.609413221 0.5893552781 0)
(3.056343239 -0.04409397738 0)
(3.058569251 -0.04747466326 0)
(3.061140659 -0.04948571936 0)
(3.064833895 -0.05306212738 0)
(3.068181779 -0.05744956071 0)
(3.071039925 -0.06095923218 0)
(3.073700392 -0.06515293137 0)
(3.074504578 -0.07338502913 0)
(3.072241163 -0.0843806257 0)
(3.067217017 -0.0987919324 0)
(3.057887437 -0.1185252453 0)
(3.048064304 -0.1391583252 0)
(3.041354099 -0.1502795874 0)
(3.040943662 -0.1581855336 0)
(3.046488786 -0.1642495962 0)
(3.047212476 -0.1627871745 0)
(3.03540838 -0.1141928242 0)
(2.935564405 0.1425400068 0)
(2.743387582 0.4861199084 0)
(2.629016635 0.6015604158 0)
(2.597192004 0.671517738 0)
(2.566311051 0.7024314723 0)
(2.559516558 0.6951717749 0)
(2.566163608 0.6758694861 0)
(2.584746138 0.6443814897 0)
(2.597520897 0.6260072149 0)
(2.608392511 0.6232374396 0)
(2.604102108 0.6316177972 0)
(2.594812109 0.6334395383 0)
(2.598291898 0.6196847952 0)
(2.604257428 0.6038479919 0)
(2.609252555 0.5949696745 0)
(3.057191358 -0.03350458383 0)
(3.059840584 -0.0364949533 0)
(3.062831267 -0.03877672723 0)
(3.066341926 -0.04362248739 0)
(3.068653531 -0.04927841973 0)
(3.07020646 -0.05443394393 0)
(3.069990353 -0.06334467019 0)
(3.066280907 -0.08042790617 0)
(3.057656918 -0.0978972894 0)
(3.04820046 -0.1162886128 0)
(3.041458874 -0.1364094463 0)
(3.038758155 -0.1474130942 0)
(3.040322159 -0.1514592687 0)
(3.04365049 -0.1539300143 0)
(3.048911513 -0.1593970173 0)
(3.049230564 -0.1566067903 0)
(3.037396257 -0.1124828948 0)
(2.904904514 0.1764949247 0)
(2.730971737 0.4566750152 0)
(2.600846703 0.6430272186 0)
(2.567336792 0.7146907699 0)
(2.556711945 0.706657995 0)
(2.569419156 0.6729645429 0)
(2.587977937 0.6368676875 0)
(2.603223115 0.6224513667 0)
(2.610861853 0.6283684202 0)
(2.601668871 0.6389937603 0)
(2.591413152 0.6368210016 0)
(2.597797254 0.6210488836 0)
(2.604146241 0.6068966359 0)
(2.609576359 0.5989621667 0)
(3.055009975 -0.01848792481 0)
(3.058285514 -0.02242409535 0)
(3.061153294 -0.02555354432 0)
(3.06414221 -0.02917077111 0)
(3.065951056 -0.0358719354 0)
(3.065698585 -0.04530774961 0)
(3.063790943 -0.05848225081 0)
(3.056786335 -0.07688543345 0)
(3.047504605 -0.1006141279 0)
(3.039633847 -0.1174660053 0)
(3.033148527 -0.1278554487 0)
(3.035343269 -0.1349517673 0)
(3.038373539 -0.1386870182 0)
(3.041532558 -0.140147435 0)
(3.045794556 -0.1443703474 0)
(3.049490968 -0.1506152049 0)
(3.04917493 -0.1501859919 0)
(3.027932631 -0.09918780749 0)
(2.887066573 0.2118364299 0)
(2.659890411 0.5427859275 0)
(2.580648984 0.7222317386 0)
(2.559410435 0.6994691029 0)
(2.583983312 0.6574914645 0)
(2.595746144 0.6310121404 0)
(2.609015808 0.6251963925 0)
(2.610345767 0.6409076694 0)
(2.59957692 0.6502193616 0)
(2.591000676 0.6417655649 0)
(2.598103532 0.6241283341 0)
(2.602424871 0.6115752484 0)
(2.608942203 0.6041669237 0)
(3.052806812 -0.001627281044 0)
(3.056435094 -0.006112521129 0)
(3.058978049 -0.01111343818 0)
(3.061035958 -0.01595160501 0)
(3.061839092 -0.02426122206 0)
(3.059996112 -0.04009052698 0)
(3.054380546 -0.0582170672 0)
(3.046511173 -0.07617814678 0)
(3.039176611 -0.09818358955 0)
(3.033231725 -0.1155928258 0)
(3.030223248 -0.1238351868 0)
(3.034000265 -0.1273088279 0)
(3.037717766 -0.1297222603 0)
(3.040322057 -0.1322653498 0)
(3.044051553 -0.1355774872 0)
(3.047488343 -0.1410429801 0)
(3.048668805 -0.1498065729 0)
(3.047197127 -0.1472312372 0)
(3.016344057 -0.06799634789 0)
(2.823650082 0.291686757 0)
(2.625259469 0.6558747756 0)
(2.589908317 0.6814638693 0)
(2.602632835 0.6423588269 0)
(2.609689379 0.6272075121 0)
(2.615733178 0.6309842908 0)
(2.605046353 0.6562467565 0)
(2.587904086 0.6629386163 0)
(2.586529426 0.6500066049 0)
(2.595193133 0.6307706655 0)
(2.59955138 0.6153671673 0)
(2.608732137 0.6081623225 0)
(3.051503299 0.01359834088 0)
(3.054588162 0.01019733507 0)
(3.056645362 0.003826008128 0)
(3.05702524 -0.0056319034 0)
(3.056167536 -0.01833741713 0)
(3.051351067 -0.0371343926 0)
(3.043607791 -0.06020187538 0)
(3.036446984 -0.07850130163 0)
(3.030214181 -0.09270345369 0)
(3.028369671 -0.108498428 0)
(3.02944378 -0.1140537192 0)
(3.031785796 -0.1142186391 0)
(3.035476291 -0.1169280588 0)
(3.038799869 -0.1219842764 0)
(3.04116448 -0.1247112262 0)
(3.043306711 -0.1284690694 0)
(3.045949455 -0.1389014313 0)
(3.046051792 -0.1433274242 0)
(3.043622997 -0.1388820263 0)
(2.988342205 -0.005729647718 0)
(2.771313486 0.4144545313 0)
(2.648070448 0.6587293538 0)
(2.622016724 0.6308190754 0)
(2.619530714 0.6272253795 0)
(2.617087546 0.6382555184 0)
(2.60031737 0.6677665527 0)
(2.58310186 0.6694721411 0)
(2.581714541 0.656166864 0)
(2.592853002 0.634406619 0)
(2.598874637 0.6175454994 0)
(2.610417982 0.6113349477 0)
(3.048923761 0.0296110032 0)
(3.050765038 0.02391534187 0)
(3.052180848 0.01489455485 0)
(3.05132734 -0.00153833401 0)
(3.047125941 -0.01948008583 0)
(3.04054212 -0.03717627368 0)
(3.033971157 -0.06004521769 0)
(3.028598143 -0.08044761474 0)
(3.023986944 -0.09198243359 0)
(3.024084942 -0.09870280103 0)
(3.027980957 -0.1028974094 0)
(3.030547781 -0.1058542307 0)
(3.033951957 -0.1066201707 0)
(3.037852578 -0.1127541334 0)
(3.039365835 -0.118199319 0)
(3.040723098 -0.1230305878 0)
(3.042799656 -0.1281597296 0)
(3.044160282 -0.1384240692 0)
(3.044249632 -0.1408073376 0)
(3.038503362 -0.1234119694 0)
(2.972673873 0.05428984251 0)
(2.765247878 0.4835199347 0)
(2.672646804 0.5847614459 0)
(2.623462155 0.6159109946 0)
(2.612564272 0.6457028423 0)
(2.59207524 0.6780361934 0)
(2.575743172 0.6754286791 0)
(2.57755141 0.6635965603 0)
(2.593134364 0.6356224055 0)
(2.602414686 0.6192268962 0)
(2.614458221 0.6149267307 0)
(3.045704841 0.04390346483 0)
(3.046138729 0.03128445624 0)
(3.045481457 0.01688310669 0)
(3.042228182 -0.0002183455012 0)
(3.036380088 -0.02138115476 0)
(3.030499594 -0.04092659823 0)
(3.025674012 -0.05710141797 0)
(3.022246563 -0.07484564752 0)
(3.021338025 -0.08578738819 0)
(3.021954894 -0.087614815 0)
(3.02572486 -0.09092760915 0)
(3.029324192 -0.09565212188 0)
(3.0319067 -0.09826199589 0)
(3.034686475 -0.100577647 0)
(3.036393358 -0.1072651721 0)
(3.037809902 -0.1153196948 0)
(3.038447968 -0.117190618 0)
(3.041075727 -0.1269235255 0)
(3.041700397 -0.1325338236 0)
(3.042442677 -0.1338572308 0)
(3.036179439 -0.1087108606 0)
(2.956865014 0.08854817556 0)
(2.780835886 0.4285970356 0)
(2.652366795 0.5772955175 0)
(2.607405221 0.6657540606 0)
(2.577555705 0.6987286886 0)
(2.568653932 0.6900542615 0)
(2.579622824 0.6635937219 0)
(2.594903844 0.6331458767 0)
(2.608233597 0.6243399275 0)
(2.617139546 0.6216836007 0)
(3.04149398 0.04925991119 0)
(3.040741512 0.03529495624 0)
(3.037029726 0.01771592305 0)
(3.031551572 -0.001010114214 0)
(3.026035792 -0.02344293725 0)
(3.021897128 -0.04460742987 0)
(3.018346005 -0.05651383939 0)
(3.016091512 -0.06605674647 0)
(3.019071781 -0.07565938808 0)
(3.021246876 -0.07907151182 0)
(3.024057246 -0.0795843712 0)
(3.02750597 -0.08401130043 0)
(3.030106915 -0.09095198483 0)
(3.031939737 -0.0936654674 0)
(3.033983277 -0.09881319016 0)
(3.035686362 -0.1072621454 0)
(3.036384295 -0.1134029215 0)
(3.037950356 -0.117291205 0)
(3.039705396 -0.1236720602 0)
(3.041824378 -0.1335488463 0)
(3.042524292 -0.1316744587 0)
(3.032526419 -0.102835609 0)
(2.952088615 0.09329688962 0)
(2.749933054 0.4388243842 0)
(2.598172719 0.6492424936 0)
(2.575714974 0.701193388 0)
(2.567809352 0.6819630217 0)
(2.593686843 0.6514559437 0)
(2.604675344 0.6286913077 0)
(2.615690978 0.6258257257 0)
(2.616666348 0.6281856513 0)
(3.036058484 0.04474554702 0)
(3.032929764 0.03025464926 0)
(3.027673165 0.01202530221 0)
(3.022242578 -0.008201573232 0)
(3.017366845 -0.02479153477 0)
(3.014977419 -0.04071927539 0)
(3.013644194 -0.05426692429 0)
(3.013522112 -0.05908858606 0)
(3.015906418 -0.06275292039 0)
(3.019787469 -0.06810898465 0)
(3.022443103 -0.07098168919 0)
(3.024952254 -0.07267326069 0)
(3.02775599 -0.08003335647 0)
(3.029331785 -0.08730875739 0)
(3.030820986 -0.09076446982 0)
(3.031869766 -0.0956166918 0)
(3.033673797 -0.1041525233 0)
(3.035068921 -0.109304766 0)
(3.036489144 -0.1122937306 0)
(3.038833608 -0.1200549173 0)
(3.040820999 -0.1268949123 0)
(3.040594041 -0.1268921617 0)
(3.029559344 -0.09638544084 0)
(2.906322626 0.1579629389 0)
(2.703430263 0.4745669597 0)
(2.586576126 0.7038444028 0)
(2.573734141 0.6903118346 0)
(2.598582368 0.648044445 0)
(2.610193095 0.6225842095 0)
(2.620250603 0.6248244732 0)
(2.61631266 0.6325897504 0)
(3.027250507 0.04787423172 0)
(3.022262514 0.02808862239 0)
(3.017279288 0.006805585056 0)
(3.013347546 -0.01340963925 0)
(3.011227941 -0.02696547064 0)
(3.009220173 -0.03594199257 0)
(3.010004865 -0.04498975965 0)
(3.012107741 -0.05030033665 0)
(3.014434508 -0.05185810276 0)
(3.017544453 -0.05576865763 0)
(3.020564061 -0.06198325504 0)
(3.022760383 -0.0659237666 0)
(3.02429938 -0.06897966315 0)
(3.026855957 -0.07863983636 0)
(3.028011852 -0.0849510845 0)
(3.02952281 -0.08889603372 0)
(3.031006312 -0.09436423914 0)
(3.033032896 -0.1023941728 0)
(3.034191481 -0.1060318001 0)
(3.036469052 -0.1114515756 0)
(3.038316872 -0.1174172851 0)
(3.040145865 -0.1262567333 0)
(3.039598656 -0.124684893 0)
(3.015033662 -0.06589069857 0)
(2.873751016 0.2230506695 0)
(2.640907586 0.6278804785 0)
(2.609608965 0.6820129637 0)
(2.612790394 0.6344839555 0)
(2.618666702 0.6215743446 0)
(2.623361103 0.6321176386 0)
(2.613740004 0.6433678403 0)
(3.018543893 0.03359046006 0)
(3.013351161 0.01422709095 0)
(3.009119725 -0.002466313398 0)
(3.00702627 -0.01416722786 0)
(3.006291658 -0.02446337582 0)
(3.006126238 -0.03113923145 0)
(3.007333394 -0.03440575972 0)
(3.010368772 -0.03920330423 0)
(3.012910074 -0.04265146065 0)
(3.01536218 -0.04515161459 0)
(3.018003579 -0.05108514058 0)
(3.020263473 -0.0586990915 0)
(3.021782155 -0.06260664375 0)
(3.023029926 -0.06727707054 0)
(3.02540678 -0.07675510199 0)
(3.026740089 -0.0817448863 0)
(3.028403552 -0.08545668895 0)
(3.029982575 -0.09115176913 0)
(3.031756142 -0.09808698057 0)
(3.033420045 -0.1022787141 0)
(3.034873046 -0.1060707287 0)
(3.037571949 -0.1158879293 0)
(3.038627038 -0.1194165294 0)
(3.036974134 -0.1165748772 0)
(3.006120305 -0.02710231282 0)
(2.791661816 0.38119349 0)
(2.69429006 0.5846873971 0)
(2.637747199 0.6174991308 0)
(2.630571053 0.6214722382 0)
(2.622216609 0.6465691473 0)
(2.599819259 0.6566011474 0)
(3.009065767 0.01835914776 0)
(3.00560028 0.003036607124 0)
(3.004063524 -0.006725068473 0)
(3.003432155 -0.0133356543 0)
(3.003013123 -0.01842924657 0)
(3.004325481 -0.0228097457 0)
(3.006039578 -0.02521529161 0)
(3.008262229 -0.02793059499 0)
(3.011068285 -0.03321814363 0)
(3.013281553 -0.03779001074 0)
(3.014956947 -0.04131574177 0)
(3.017257766 -0.04895526404 0)
(3.019141749 -0.05668089203 0)
(3.020416926 -0.0600789743 0)
(3.022027784 -0.06570864206 0)
(3.024345587 -0.07425063818 0)
(3.025884389 -0.07893233993 0)
(3.027381615 -0.0820578314 0)
(3.029576512 -0.0893598922 0)
(3.031136039 -0.09540736217 0)
(3.032441162 -0.09925990871 0)
(3.034915813 -0.105583666 0)
(3.035991022 -0.1113656904 0)
(3.037670862 -0.1179409557 0)
(3.034932166 -0.1086984989 0)
(2.974239438 0.03676038151 0)
(2.812843961 0.3955299274 0)
(2.719041069 0.555803997 0)
(2.621943928 0.6293424761 0)
(2.597526276 0.6701135982 0)
(2.585078952 0.6659034201 0)
(3.002962815 0.003837636335 0)
(3.001797287 -0.002173843033 0)
(3.001473296 -0.006106556374 0)
(3.001196648 -0.009738454942 0)
(3.001646976 -0.01194661293 0)
(3.002880075 -0.01390810403 0)
(3.004716267 -0.01680541204 0)
(3.00660137 -0.01965555899 0)
(3.008544978 -0.02362621296 0)
(3.010861078 -0.03011815629 0)
(3.012565378 -0.03524383595 0)
(3.013953123 -0.03954904067 0)
(3.016121468 -0.04727121636 0)
(3.017976837 -0.05431328478 0)
(3.019296767 -0.05718859645 0)
(3.02121822 -0.06338661147 0)
(3.023458045 -0.07130897823 0)
(3.024879217 -0.07507391364 0)
(3.026787957 -0.07950723965 0)
(3.028273712 -0.0855142091 0)
(3.03002563 -0.0922500606 0)
(3.031459789 -0.09512998759 0)
(3.033643052 -0.1021158925 0)
(3.035251549 -0.1091295329 0)
(3.036159757 -0.1107179713 0)
(3.030419309 -0.09350811996 0)
(2.98127313 0.04064331752 0)
(2.809999187 0.4011541115 0)
(2.688869478 0.5591081787 0)
(2.590420307 0.6579049545 0)
(2.580415151 0.6605741581 0)
(3.000648181 -0.0006372886643 0)
(3.000515507 -0.002407020123 0)
(3.000263882 -0.004122303957 0)
(3.000369025 -0.005105453655 0)
(3.000952098 -0.00607561379 0)
(3.001887086 -0.007317682041 0)
(3.003269379 -0.009720345364 0)
(3.004873769 -0.01333139882 0)
(3.006387253 -0.01704669723 0)
(3.007968326 -0.02176392582 0)
(3.010008782 -0.02848109014 0)
(3.011517656 -0.03321616309 0)
(3.0129453 -0.03776219049 0)
(3.015288533 -0.04539170363 0)
(3.017007001 -0.05120609652 0)
(3.018509533 -0.05449919652 0)
(3.020413135 -0.06065596951 0)
(3.022596233 -0.06875508569 0)
(3.024080614 -0.07189830394 0)
(3.025729609 -0.0766317811 0)
(3.027834969 -0.08395004529 0)
(3.029128528 -0.08901593069 0)
(3.030704551 -0.09305183898 0)
(3.033101723 -0.1000078633 0)
(3.034701969 -0.1062268933 0)
(3.035342498 -0.1080284524 0)
(3.030050641 -0.09179504535 0)
(2.972859318 0.05313481901 0)
(2.771539312 0.4087876812 0)
(2.573139901 0.6761792995 0)
(2.581935696 0.6630188459 0)
(3.000150706 -0.0008363538139 0)
(3.000012073 -0.001493219088 0)
(2.999991371 -0.001724411155 0)
(3.000134548 -0.001862775836 0)
(3.000497392 -0.002285757179 0)
(3.001147825 -0.003414778995 0)
(3.001973616 -0.005144249015 0)
(3.003104803 -0.008079762971 0)
(3.004428551 -0.01193487346 0)
(3.005700622 -0.01574769228 0)
(3.007210565 -0.02049694624 0)
(3.009086381 -0.02660054124 0)
(3.010668222 -0.03107605623 0)
(3.012082855 -0.03544172168 0)
(3.014490739 -0.0429358708 0)
(3.016282672 -0.04846278008 0)
(3.017486422 -0.05139582505 0)
(3.019815049 -0.05865930152 0)
(3.021615494 -0.06527579694 0)
(3.023332953 -0.06966930615 0)
(3.024650521 -0.07338321097 0)
(3.026645068 -0.08058367154 0)
(3.028387514 -0.08645919937 0)
(3.029519929 -0.08910966312 0)
(3.032162506 -0.09734000273 0)
(3.034201094 -0.1041344219 0)
(3.034017967 -0.1042057214 0)
(3.026744844 -0.08333620965 0)
(2.912579537 0.1353729222 0)
(2.697082784 0.4927677218 0)
(2.624835182 0.6305335215 0)
(2.999986528 -0.0004885463135 0)
(2.999956429 -0.0004860699063 0)
(2.999992724 -0.0004205445113 0)
(3.000054988 -0.0004539001916 0)
(3.000226311 -0.0006972700029 0)
(3.000550632 -0.001372653583 0)
(3.00105793 -0.002661967207 0)
(3.001737445 -0.00453446602 0)
(3.002663098 -0.007276642873 0)
(3.003855902 -0.01091920031 0)
(3.0049862 -0.01424743871 0)
(3.006610263 -0.01910904828 0)
(3.00828676 -0.024203468 0)
(3.009937245 -0.02882527735 0)
(3.011440421 -0.033299617 0)
(3.013654936 -0.04021427184 0)
(3.015434032 -0.04578508765 0)
(3.016746127 -0.04900323952 0)
(3.018903221 -0.0560486052 0)
(3.020913777 -0.06293361545 0)
(3.022209948 -0.06615149788 0)
(3.024280098 -0.07211030109 0)
(3.025694886 -0.07745609996 0)
(3.027359616 -0.0832840666 0)
(3.029187129 -0.08792185892 0)
(3.031281891 -0.09401490718 0)
(3.033217921 -0.1022772568 0)
(3.03282876 -0.1015697545 0)
(3.010580083 -0.05209826881 0)
(2.891437544 0.2033320374 0)
(2.686009162 0.5616636859 0)
(2.999979736 -0.0001333756508 0)
(2.999985347 -7.471245768e-05 0)
(3.000002473 -5.613337966e-05 0)
(3.000021983 -8.068548609e-05 0)
(3.000083098 -0.0002004363855 0)
(3.000213494 -0.0005144691787 0)
(3.000459508 -0.001182874539 0)
(3.000865788 -0.002346307477 0)
(3.001419916 -0.003968738446 0)
(3.002288012 -0.006492405288 0)
(3.003309534 -0.009538074212 0)
(3.004467051 -0.01277171994 0)
(3.006001604 -0.01727076842 0)
(3.007651381 -0.02217941085 0)
(3.009156103 -0.02632931467 0)
(3.010806038 -0.03131595894 0)
(3.012959434 -0.03805312182 0)
(3.014458714 -0.04254406181 0)
(3.016239999 -0.04729458622 0)
(3.017950777 -0.0532018661 0)
(3.020008821 -0.06021705675 0)
(3.021455123 -0.06348206977 0)
(3.023218424 -0.06894226766 0)
(3.02501228 -0.075384535 0)
(3.026480815 -0.07989110228 0)
(3.028172336 -0.08463549225 0)
(3.030784704 -0.0930253075 0)
(3.031957223 -0.09723821292 0)
(3.030393028 -0.0943373661 0)
(3.014716107 -0.03954249128 0)
(2.781124736 0.3976169524 0)
(2.99999485 -1.597518245e-05 0)
(2.99999927 -4.421620544e-06 0)
(3.000000749 -4.732023989e-06 0)
(3.000005896 -1.381097709e-05 0)
(3.000022796 -5.383506751e-05 0)
(3.000066364 -0.000170447362 0)
(3.000163141 -0.0004418571724 0)
(3.000351201 -0.0009815492287 0)
(3.000689883 -0.001955954442 0)
(3.001160778 -0.003292403845 0)
(3.001947857 -0.005546146888 0)
(3.002905066 -0.008277183164 0)
(3.003939793 -0.01121204571 0)
(3.005473931 -0.01563910435 0)
(3.006993326 -0.02016682562 0)
(3.008482961 -0.02435393579 0)
(3.009994512 -0.02895256408 0)
(3.012234689 -0.03611483379 0)
(3.013602214 -0.03969332389 0)
(3.015486822 -0.04507769548 0)
(3.017184261 -0.05084064466 0)
(3.019209655 -0.05741814815 0)
(3.020661582 -0.06106742961 0)
(3.022375382 -0.06637153573 0)
(3.024182065 -0.07260974937 0)
(3.025620566 -0.077248084 0)
(3.027670459 -0.08281522639 0)
(3.029474187 -0.08893420618 0)
(3.031009734 -0.09521601728 0)
(3.030274459 -0.091716743 0)
(2.910800306 0.1638866624 0)
(2.999999733 -5.765778535e-07 0)
(3.000000007 -1.350765089e-07 0)
(3.000000155 -3.862927239e-07 0)
(3.000001044 -2.440132856e-06 0)
(3.00000441 -1.146091939e-05 0)
(3.000015605 -4.306124338e-05 0)
(3.000045543 -0.0001282346781 0)
(3.000117942 -0.0003322712192 0)
(3.000267718 -0.000752094005 0)
(3.000544107 -0.001533071947 0)
(3.00097014 -0.002713931072 0)
(3.001634274 -0.004607296546 0)
(3.002534471 -0.007178251953 0)
(3.003511279 -0.009934203789 0)
(3.004859087 -0.01387557343 0)
(3.006436506 -0.01854012277 0)
(3.007732349 -0.02221431873 0)
(3.009388173 -0.02715572499 0)
(3.01140325 -0.03356399316 0)
(3.012872685 -0.03748824857 0)
(3.014679938 -0.04270239873 0)
(3.016426717 -0.04844565046 0)
(3.018307585 -0.05444493251 0)
(3.020014291 -0.05889863295 0)
(3.021438285 -0.06360971646 0)
(3.023307178 -0.06984148815 0)
(3.024852879 -0.07445411398 0)
(3.026750899 -0.08023119411 0)
(3.028791074 -0.08666176468 0)
(3.030169016 -0.08996036447 0)
(2.998123902 -0.005140079377 0)
(2.999999998 -4.174871381e-09 0)
(3.000000001 -4.003358553e-09 0)
(3.000000016 -3.695938158e-08 0)
(3.00000011 -2.942008105e-07 0)
(3.000000594 -1.683967324e-06 0)
(3.000002539 -7.195480486e-06 0)
(3.000009805 -2.741041676e-05 0)
(3.000030947 -8.567300639e-05 0)
(3.000084739 -0.000233266381 0)
(3.000205987 -0.0005682202528 0)
(3.000424475 -0.001177207604 0)
(3.000806308 -0.002240152471 0)
(3.001367551 -0.003830877386 0)
(3.002172918 -0.006140911783 0)
(3.003114216 -0.008800875624 0)
(3.004343486 -0.01236717432 0)
(3.005808047 -0.01673346142 0)
(3.007110819 -0.02037647887 0)
(3.008770519 -0.02528575006 0)
(3.010641679 -0.03120632616 0)
(3.012156262 -0.03522887113 0)
(3.013857276 -0.04032418654 0)
(3.015779114 -0.04640109637 0)
(3.017444289 -0.05147457684 0)
(3.019210974 -0.05657453515 0)
(3.020779819 -0.0614395824 0)
(3.02232898 -0.06668709292 0)
(3.024118267 -0.07219597187 0)
(3.025938654 -0.07736986211 0)
(3.028846567 -0.0862352093 0)
(3.023387889 -0.07111553461 0)
(3 -1.409396403e-11 0)
(3 -1.379342262e-10 0)
(3.000000001 -2.166027283e-09 0)
(3.000000007 -2.026858311e-08 0)
(3.000000049 -1.377349432e-07 0)
(3.000000306 -8.361429549e-07 0)
(3.000001477 -3.96059721e-06 0)
(3.000006262 -1.676929166e-05 0)
(3.000021211 -5.715136864e-05 0)
(3.000060839 -0.0001646145157 0)
(3.000155432 -0.0004264070861 0)
(3.00033283 -0.0009174592475 0)
(3.000645658 -0.00179490685 0)
(3.001156309 -0.003234259716 0)
(3.001833795 -0.005171063208 0)
(3.002733661 -0.007717472345 0)
(3.003858495 -0.0109619345 0)
(3.005281247 -0.01519434243 0)
(3.006395423 -0.01833679456 0)
(3.008243859 -0.02369659772 0)
(3.009880568 -0.02875204308 0)
(3.011478278 -0.03329267307 0)
(3.013077828 -0.03793442999 0)
(3.01496067 -0.0439693858 0)
(3.016718992 -0.04915447132 0)
(3.018302619 -0.05375525635 0)
(3.020091277 -0.05934671448 0)
(3.021530976 -0.06407793915 0)
(3.02315793 -0.06898981034 0)
(3.026026644 -0.07806408459 0)
(3.025722567 -0.07772857987 0)
(3 -3.600450122e-14 0)
(3 -3.234021876e-12 0)
(3 -5.868822586e-11 0)
(3 -6.947919302e-10 0)
(3.000000003 -7.442545579e-09 0)
(3.000000024 -6.172617559e-08 0)
(3.000000171 -4.40429402e-07 0)
(3.000000893 -2.323881822e-06 0)
(3.000004004 -1.058633208e-05 0)
(3.000014401 -3.861297408e-05 0)
(3.000043121 -0.0001166370221 0)
(3.000114879 -0.0003146847102 0)
(3.000258652 -0.0007143147259 0)
(3.00051284 -0.001422158534 0)
(3.000950274 -0.002660380776 0)
(3.001573947 -0.004427036412 0)
(3.002338867 -0.006599964603 0)
(3.003425572 -0.009712458243 0)
(3.004738725 -0.01361885099 0)
(3.005887396 -0.0168339134 0)
(3.007475215 -0.02150345872 0)
(3.009303383 -0.02700738542 0)
(3.01064356 -0.03083511809 0)
(3.012469733 -0.03617718641 0)
(3.014143976 -0.04134750247 0)
(3.015962382 -0.04691175904 0)
(3.017487835 -0.05125091421 0)
(3.019277644 -0.05685468135 0)
(3.020742457 -0.06153043857 0)
(3.022846062 -0.06789458231 0)
(3.02493315 -0.07453430772 0)
(3 6.262627682e-14 0)
(3 2.292494307e-14 0)
(3 -7.393386714e-13 0)
(3 -1.686618843e-11 0)
(3 -2.7531229e-10 0)
(3.000000001 -3.540876585e-09 0)
(3.000000013 -3.26205024e-08 0)
(3.000000096 -2.467152003e-07 0)
(3.000000535 -1.398153514e-06 0)
(3.000002494 -6.617066698e-06 0)
(3.000009596 -2.575201044e-05 0)
(3.000030064 -8.142374871e-05 0)
(3.000083319 -0.0002276270971 0)
(3.000198696 -0.0005481868334 0)
(3.00040385 -0.001119430574 0)
(3.000775467 -0.002160433013 0)
(3.00131653 -0.003708403085 0)
(3.002048344 -0.005757974912 0)
(3.002959423 -0.008386996048 0)
(3.004241396 -0.01216255435 0)
(3.005407696 -0.01541933604 0)
(3.006845122 -0.0196563521 0)
(3.008557134 -0.0247893313 0)
(3.010088262 -0.02911454158 0)
(3.011641489 -0.03376001285 0)
(3.013456053 -0.03927087259 0)
(3.015180227 -0.04444255947 0)
(3.016797236 -0.04919280372 0)
(3.018375795 -0.05408236741 0)
(3.019972755 -0.05908521966 0)
(3.022797671 -0.06759963112 0)
(3 6.110213781e-14 0)
(3 5.781474853e-14 0)
(3 4.833833962e-14 0)
(3 -2.877421203e-13 0)
(3 -7.939941755e-12 0)
(3 -1.349231305e-10 0)
(3.000000001 -1.753455667e-09 0)
(3.000000007 -1.708421061e-08 0)
(3.000000051 -1.330239348e-07 0)
(3.000000312 -8.182769224e-07 0)
(3.000001513 -4.009263568e-06 0)
(3.000006251 -1.674804203e-05 0)
(3.000020709 -5.593378587e-05 0)
(3.000059395 -0.0001617697198 0)
(3.000150143 -0.0004131217702 0)
(3.000316582 -0.000875658567 0)
(3.000623604 -0.001735271919 0)
(3.001099992 -0.003082135736 0)
(3.001740248 -0.004901831006 0)
(3.002639961 -0.00744975882 0)
(3.003684928 -0.01049439373 0)
(3.00496256 -0.01416054735 0)
(3.006291149 -0.01797665191 0)
(3.007864945 -0.02270939835 0)
(3.009422851 -0.02715250847 0)
(3.011024656 -0.03189168329 0)
(3.012652711 -0.03682153184 0)
(3.01443206 -0.04217430604 0)
(3.016074981 -0.04701943321 0)
(3.017506879 -0.05144922519 0)
(3.020209439 -0.05969690871 0)
(3 5.657786622e-14 0)
(3 6.016910545e-14 0)
(3 5.646033135e-14 0)
(3 3.407227712e-14 0)
(3 -1.169848167e-13 0)
(3 -3.304138212e-12 0)
(3 -5.856475149e-11 0)
(3 -7.90631724e-10 0)
(3.000000003 -8.402483333e-09 0)
(3.000000027 -6.866278149e-08 0)
(3.000000176 -4.620693296e-07 0)
(3.000000907 -2.391435477e-06 0)
(3.000003956 -1.055952401e-05 0)
(3.000014154 -3.810936843e-05 0)
(3.000041582 -0.0001129316348 0)
(3.000111869 -0.0003069891644 0)
(3.00024438 -0.0006749053479 0)
(3.000500784 -0.001389845491 0)
(3.000900035 -0.002520218258 0)
(3.001491063 -0.004177408766 0)
(3.002260356 -0.006393301399 0)
(3.003336617 -0.009455193705 0)
(3.004321088 -0.0123250507 0)
(3.005866768 -0.01678457713 0)
(3.007180232 -0.020604462 0)
(3.008776957 -0.02530445433 0)
(3.010321599 -0.0297988775 0)
(3.011995095 -0.03484044349 0)
(3.013676371 -0.03983810396 0)
(3.015165469 -0.04430608908 0)
(3.017742147 -0.05212656076 0)
(3 3.800833498e-14 0)
(3 4.808846251e-14 0)
(3 4.712739306e-14 0)
(3 3.763756879e-14 0)
(3 1.366548837e-14 0)
(3 -4.978760564e-14 0)
(3 -1.206268527e-12 0)
(3 -2.327219521e-11 0)
(3 -3.404710632e-10 0)
(3.000000002 -3.978316564e-09 0)
(3.000000014 -3.491222195e-08 0)
(3.000000097 -2.525584439e-07 0)
(3.000000539 -1.417091567e-06 0)
(3.000002446 -6.496626631e-06 0)
(3.000009472 -2.547174581e-05 0)
(3.000028968 -7.842710649e-05 0)
(3.000081319 -0.0002226891333 0)
(3.000187843 -0.0005171351217 0)
(3.000394281 -0.001093625388 0)
(3.000738139 -0.002058562634 0)
(3.001249526 -0.003504500735 0)
(3.001952806 -0.005494533035 0)
(3.002902906 -0.00825063791 0)
(3.003948839 -0.0112105231 0)
(3.005183907 -0.01481096702 0)
(3.00671398 -0.01930446183 0)
(3.008056827 -0.02314968883 0)
(3.00968525 -0.02796801927 0)
(3.011306718 -0.0327493072 0)
(3.012822111 -0.0372778204 0)
(3.015367826 -0.04484543109 0)
(3 3.469319053e-14 0)
(3 4.020954665e-14 0)
(3 4.344456096e-14 0)
(3 3.263304839e-14 0)
(3 2.135735462e-14 0)
(3 7.15063536e-15 0)
(3 -8.695712691e-15 0)
(3 -4.037849186e-13 0)
(3 -9.036428721e-12 0)
(3 -1.455773936e-10 0)
(3.000000001 -1.836204482e-09 0)
(3.000000007 -1.759675923e-08 0)
(3.000000052 -1.342551134e-07 0)
(3.000000315 -8.258100892e-07 0)
(3.00000149 -3.94234148e-06 0)
(3.000006176 -1.657362328e-05 0)
(3.000019981 -5.395699668e-05 0)
(3.000058474 -0.0001595181365 0)
(3.000140917 -0.0003873634496 0)
(3.000311965 -0.0008623350739 0)
(3.000586799 -0.001636464726 0)
(3.001062423 -0.002970257037 0)
(3.001636426 -0.004612146502 0)
(3.002565622 -0.007262806344 0)
(3.003474992 -0.009871555415 0)
(3.004758656 -0.01355875127 0)
(3.006026999 -0.01724957688 0)
(3.007553252 -0.02173248015 0)
(3.009001437 -0.02589103584 0)
(3.010523958 -0.03041506155 0)
(3.013050891 -0.03773186392 0)
(3 3.441078047e-14 0)
(3 3.56698629e-14 0)
(3 3.813344298e-14 0)
(3 3.853452742e-14 0)
(3 3.076331395e-14 0)
(3 1.123156124e-14 0)
(3 3.84511829e-15 0)
(3 -1.352856454e-14 0)
(3 -1.695899316e-13 0)
(3 -3.500587066e-12 0)
(3 -6.145693798e-11 0)
(3 -8.257981374e-10 0)
(3.000000003 -8.687636271e-09 0)
(3.000000027 -6.996625489e-08 0)
(3.000000178 -4.675160157e-07 0)
(3.000000899 -2.370201095e-06 0)
(3.00000393 -1.050739905e-05 0)
(3.000013588 -3.658332175e-05 0)
(3.000041399 -0.0001126417319 0)
(3.000104847 -0.0002870081949 0)
(3.000240158 -0.0006642650265 0)
(3.000475124 -0.001316944947 0)
(3.000859122 -0.002408295496 0)
(3.001432762 -0.004010436231 0)
(3.002152254 -0.006093515588 0)
(3.003171817 -0.008983576314 0)
(3.00417105 -0.0118728696 0)
(3.005587968 -0.01599926606 0)
(3.006889056 -0.01969799003 0)
(3.008339042 -0.02394310959 0)
(3.010803766 -0.0307213166 0)
(3 2.863672601e-14 0)
(3 3.021778611e-14 0)
(3 3.191492909e-14 0)
(3 2.912273272e-14 0)
(3 2.213848265e-14 0)
(3 9.395815008e-15 0)
(3 -1.877563052e-15 0)
(3 -1.066397409e-14 0)
(3 -1.297723375e-14 0)
(3 -6.262160864e-14 0)
(3 -1.311091553e-12 0)
(3 -2.521483496e-11 0)
(3 -3.627051038e-10 0)
(3.000000002 -4.164257455e-09 0)
(3.000000014 -3.587149971e-08 0)
(3.000000099 -2.572449695e-07 0)
(3.000000533 -1.40149998e-06 0)
(3.00000246 -6.548825371e-06 0)
(3.000009041 -2.426323346e-05 0)
(3.000029005 -7.869579843e-05 0)
(3.000076559 -0.000209207763 0)
(3.000183933 -0.0005067855517 0)
(3.000374258 -0.00103989865 0)
(3.000710491 -0.001978473865 0)
(3.001177591 -0.00331769974 0)
(3.001907053 -0.005373018312 0)
(3.002685726 -0.007639043376 0)
(3.00383856 -0.01094272973 0)
(3.004943976 -0.01404874268 0)
(3.006303577 -0.01797768091 0)
(3.008664763 -0.02387793811 0)
(3 1.010825807e-14 0)
(3 2.276106389e-14 0)
(3 2.74619155e-14 0)
(3 2.572123191e-14 0)
(3 1.865479175e-14 0)
(3 1.199111288e-14 0)
(3 4.744541842e-15 0)
(3 -5.549663373e-15 0)
(3 -1.001668228e-14 0)
(3 -1.259148856e-14 0)
(3 -2.86487316e-14 0)
(3 -4.79457231e-13 0)
(3 -1.00158361e-11 0)
(3 -1.559358806e-10 0)
(3.000000001 -1.938486533e-09 0)
(3.000000007 -1.804781649e-08 0)
(3.000000053 -1.381213001e-07 0)
(3.00000031 -8.122343056e-07 0)
(3.000001508 -4.00312104e-06 0)
(3.000005913 -1.584315093e-05 0)
(3.000019793 -5.370421757e-05 0)
(3.000055526 -0.0001518568497 0)
(3.000135717 -0.0003758058046 0)
(3.000295443 -0.0008231610828 0)
(3.000555984 -0.001569418801 0)
(3.000995029 -0.002809244102 0)
(3.001545889 -0.004410026149 0)
(3.002403163 -0.006840257128 0)
(3.003276794 -0.009190621701 0)
(3.004448382 -0.01245508748 0)
(3.006691347 -0.01717385371 0)
(3 2.157057937e-15 0)
(3 1.963577951e-14 0)
(3 3.162109446e-14 0)
(3 2.656780823e-14 0)
(3 1.176674422e-14 0)
(3 3.719357394e-15 0)
(3 3.391248701e-15 0)
(3 -2.640599267e-15 0)
(3 -5.970287045e-15 0)
(3 -4.783961447e-15 0)
(3 -1.461310994e-15 0)
(3 -8.969160954e-15 0)
(3 -1.789563158e-13 0)
(3 -3.891549981e-12 0)
(3 -6.575008488e-11 0)
(3 -8.815213199e-10 0)
(3.000000003 -8.915381962e-09 0)
(3.000000028 -7.289771371e-08 0)
(3.000000174 -4.629392536e-07 0)
(3.000000898 -2.419398413e-06 0)
(3.000003733 -1.01956502e-05 0)
(3.000013119 -3.635765313e-05 0)
(3.000038497 -0.00010784729 0)
(3.000098707 -0.0002782408118 0)
(3.000218899 -0.0006194718505 0)
(3.000442766 -0.001240813921 0)
(3.000782778 -0.002154918849 0)
(3.001332924 -0.003577072101 0)
(3.002034548 -0.005102604032 0)
(3.002948714 -0.007210798234 0)
(3.0049992 -0.01003818092 0)
(3 1.792010568e-15 0)
(3 8.049082441e-15 0)
(3 1.694882212e-14 0)
(3 1.687988459e-14 0)
(3 5.727904048e-15 0)
(3 1.723647704e-15 0)
(3 1.501677375e-15 0)
(3 -1.399935822e-15 0)
(3 -1.472222077e-15 0)
(3 -6.691645892e-16 0)
(3 -1.040139169e-16 0)
(3 1.587429308e-15 0)
(3 -3.445302057e-16 0)
(3 -3.257315475e-14 0)
(3 -8.347027996e-13 0)
(3 -1.55467812e-11 0)
(3 -2.223483787e-10 0)
(3.000000002 -2.452342499e-09 0)
(3.00000002 -2.123687159e-08 0)
(3.000000136 -1.455989101e-07 0)
(3.000000762 -8.022717263e-07 0)
(3.000003501 -3.614840814e-06 0)
(3.000013318 -1.339709157e-05 0)
(3.000043268 -4.233009683e-05 0)
(3.00011921 -0.0001114810148 0)
(3.000292545 -0.000263447564 0)
(3.000619884 -0.0005215100632 0)
(3.001218852 -0.0009792571622 0)
(3.002126434 -0.001529767391 0)
(3.003354202 -0.002346426254 0)
(3.006359502 -0.003577424068 0)
)
;

boundaryField
{
    inlet
    {
        type            fixedValue;
        value           nonuniform 0();
    }
    outlet
    {
        type            inletOutlet;
        inletValue      uniform (3 0 0);
        value           nonuniform List<vector> 
71
(
(2.357047917 0.3798634326 0)
(2.352363427 0.3797870742 0)
(2.350947455 0.3849461679 0)
(2.35764488 0.3895100343 0)
(2.376555467 0.3937172109 0)
(2.408516761 0.4020892483 0)
(2.448857959 0.4137079789 0)
(2.492014904 0.4228286591 0)
(2.530348768 0.4353746362 0)
(2.561592999 0.4441538187 0)
(2.584158759 0.4539722642 0)
(2.600809766 0.4604011968 0)
(2.612837655 0.4669356953 0)
(2.622693417 0.4711506979 0)
(2.630637257 0.4760192397 0)
(2.637424083 0.4803059771 0)
(2.642274316 0.4857551577 0)
(2.644898231 0.4916734941 0)
(2.644879172 0.4982271196 0)
(2.641860706 0.5057566528 0)
(2.63893403 0.5117595447 0)
(2.636345224 0.517268969 0)
(2.634818299 0.5213225032 0)
(2.633541254 0.5245864212 0)
(2.631946889 0.5273819154 0)
(2.629728826 0.5302535492 0)
(2.627695632 0.5328861349 0)
(2.625361026 0.5365400662 0)
(2.623432314 0.5402323291 0)
(2.620727591 0.5451328152 0)
(2.61826625 0.5496622124 0)
(2.614932221 0.5554879072 0)
(2.61269952 0.5599973509 0)
(2.610438444 0.5658377222 0)
(2.610102746 0.5694089115 0)
(2.608830443 0.5760075676 0)
(2.610166288 0.5793247443 0)
(2.608659801 0.587417653 0)
(2.609413221 0.5893552781 0)
(2.609252555 0.5949696745 0)
(2.609576359 0.5989621667 0)
(2.608942203 0.6041669237 0)
(2.608732137 0.6081623225 0)
(2.610417982 0.6113349477 0)
(2.614458221 0.6149267307 0)
(2.617139546 0.6216836007 0)
(2.616666348 0.6281856513 0)
(2.61631266 0.6325897504 0)
(2.613740004 0.6433678403 0)
(2.599819259 0.6566011474 0)
(2.585078952 0.6659034201 0)
(2.580415151 0.6605741581 0)
(2.581935696 0.6630188459 0)
(2.624835182 0.6305335215 0)
(2.686009162 0.5616636859 0)
(2.781124736 0.3976169524 0)
(2.910800306 0.1638866624 0)
(2.998123902 -0.005140079377 0)
(3.023387889 -0.07111553461 0)
(3.025722567 -0.07772857987 0)
(3.02493315 -0.07453430772 0)
(3.022797671 -0.06759963112 0)
(3.020209439 -0.05969690871 0)
(3.017742147 -0.05212656076 0)
(3.015367826 -0.04484543109 0)
(3.013050891 -0.03773186392 0)
(3.010803766 -0.0307213166 0)
(3.008664763 -0.02387793811 0)
(3.006691347 -0.01717385371 0)
(3.0049992 -0.01003818092 0)
(3.006359502 -0.003577424068 0)
)
;
    }
    bottom
    {
        type            slip;
    }
    top
    {
        type            slip;
    }
    obstacle
    {
        type            slip;
    }
    defaultFaces
    {
        type            empty;
    }
    procBoundary35to29
    {
        type            processor;
        value           nonuniform List<vector> 
33
(
(2.32923289 0.4580056269 0)
(2.317803652 0.4462873651 0)
(2.309541163 0.4380634736 0)
(2.305193485 0.4311418791 0)
(2.302690391 0.4269636572 0)
(2.303502796 0.4233527527 0)
(2.304458057 0.4251212239 0)
(2.309231716 0.419961671 0)
(2.31284382 0.41835221 0)
(2.319174203 0.4117310357 0)
(2.325828506 0.4050799801 0)
(2.332344556 0.397426724 0)
(2.337448343 0.3917381343 0)
(2.347134768 0.38501802 0)
(2.35136143 0.3834514414 0)
(2.361960717 0.3771022022 0)
(2.521984904 0.6155537809 0)
(2.523946649 0.6080093803 0)
(2.52432619 0.6031656898 0)
(2.523316358 0.5949856934 0)
(2.518361168 0.587560956 0)
(2.512359555 0.5781728675 0)
(2.505482644 0.5696052968 0)
(2.499308314 0.5603517357 0)
(2.492942847 0.5528908098 0)
(2.486655477 0.5436959014 0)
(2.477348447 0.5365407804 0)
(2.466452763 0.5259933859 0)
(2.451137227 0.5198410207 0)
(2.436151883 0.5069977164 0)
(2.417497873 0.4980470273 0)
(2.400336306 0.4833065569 0)
(2.400336306 0.4833065569 0)
)
;
    }
    procBoundary35to34
    {
        type            processor;
        value           nonuniform List<vector> 
71
(
(2.53075484 0.6310527612 0)
(2.538955814 0.6369135336 0)
(2.544038614 0.6453669973 0)
(2.547687152 0.6493690743 0)
(2.547855738 0.6543122809 0)
(2.546762316 0.6579748636 0)
(2.545931855 0.6612367678 0)
(2.546219081 0.6630103052 0)
(2.546915826 0.6622121684 0)
(2.549048079 0.6606707315 0)
(2.55020319 0.6573076618 0)
(2.549541812 0.6587088905 0)
(2.554261196 0.6624844495 0)
(2.554330399 0.666954886 0)
(2.565233779 0.6556082986 0)
(2.605927064 0.5902346817 0)
(2.724068079 0.4209841756 0)
(2.940077921 0.05616627961 0)
(3.075759867 -0.2322832415 0)
(3.092749648 -0.2712017095 0)
(3.092637232 -0.2656046028 0)
(3.090612324 -0.2508651815 0)
(3.088328349 -0.2378679597 0)
(3.08650647 -0.2248438161 0)
(3.084711553 -0.212463678 0)
(3.081951418 -0.1997777443 0)
(3.080129081 -0.1901840199 0)
(3.077842596 -0.1775532522 0)
(3.076164501 -0.1648541372 0)
(3.073331511 -0.1508051621 0)
(3.070984601 -0.1390748554 0)
(3.069305566 -0.13010943 0)
(3.066657728 -0.1152426407 0)
(3.065520221 -0.1047315699 0)
(3.060417617 -0.08636636481 0)
(3.059437275 -0.07899679941 0)
(3.05728565 -0.06494262005 0)
(3.056066483 -0.05335280475 0)
(3.052716963 -0.03804476242 0)
(3.053174656 -0.02811445433 0)
(3.053174656 -0.02811445433 0)
(3.051629781 -0.01505425453 0)
(3.049946806 0.00103210674 0)
(3.048600767 0.01638011145 0)
(3.046619445 0.03420575071 0)
(3.044524101 0.05167172521 0)
(3.041581322 0.05954023445 0)
(3.036693508 0.05843622513 0)
(3.030290125 0.06437372759 0)
(3.023927782 0.05003892938 0)
(3.013460353 0.0376388619 0)
(3.00564556 0.01521392653 0)
(3.001218655 0.00232438442 0)
(3.000192906 -0.0002428773173 0)
(3.00004611 -0.000276602755 0)
(2.999993097 -0.0001486090991 0)
(2.999993827 -3.605243804e-05 0)
(2.999998789 -3.639949008e-06 0)
(2.999999955 -1.001685269e-07 0)
(3 -4.311158452e-10 0)
(3 -9.749314769e-14 0)
(3 7.00292219e-14 0)
(3 6.370751797e-14 0)
(3 5.029444705e-14 0)
(3 2.975455717e-14 0)
(3 2.754561847e-14 0)
(3 2.984442264e-14 0)
(3 2.002987246e-14 0)
(3 -1.839439557e-15 0)
(3 -1.392124379e-15 0)
(3 -1.061381735e-15 0)
)
;
    }
}


// ************************************************************************* //
