/*--------------------------------*- C++ -*----------------------------------*\
  =========                 |
  \\      /  F ield         | OpenFOAM: The Open Source CFD Toolbox
   \\    /   O peration     | Website:  https://openfoam.org
    \\  /    A nd           | Version:  7
     \\/     M anipulation  |
\*---------------------------------------------------------------------------*/
FoamFile
{
    version     2.0;
    format      ascii;
    class       volVectorField;
    location    "2.9";
    object      U;
}
// * * * * * * * * * * * * * * * * * * * * * * * * * * * * * * * * * * * * * //

dimensions      [0 1 -1 0 0 0 0];

internalField   nonuniform List<vector> 
2222
(
(2.931316036 0.003637868419 0)
(2.929254141 0.001874943716 0)
(2.927624577 0.001153534669 0)
(2.926026824 -0.0005830672623 0)
(2.924538847 -0.002168659879 0)
(2.923647762 -0.003296599488 0)
(2.923652957 -0.00394953734 0)
(2.924405843 -0.003924910085 0)
(2.924757453 -0.004140086601 0)
(2.924194709 -0.003827483424 0)
(2.923036549 -0.002109199923 0)
(2.921997756 -0.0003989791051 0)
(2.921627785 -1.66617122e-05 0)
(2.921670802 -0.000170839822 0)
(2.920558418 -0.0002641668916 0)
(2.949202207 -0.003838746766 0)
(2.949604438 -0.002867528465 0)
(2.948335972 -0.001944312288 0)
(2.94565749 -0.003809309377 0)
(2.94395424 -0.002223012174 0)
(2.943465428 0.001542441783 0)
(2.943511313 0.001576958621 0)
(2.944548091 9.29779588e-06 0)
(2.94427522 -0.0001276350102 0)
(2.943561503 0.001429670666 0)
(2.942437969 0.0005384136351 0)
(2.942007339 -0.002488548071 0)
(2.94192481 -0.003700397261 0)
(2.940465597 -0.002156223908 0)
(2.938180225 0.0003855463547 0)
(2.936131472 -8.107851263e-05 0)
(2.936209137 -0.002855544055 0)
(2.936360859 -0.003028275763 0)
(2.93553764 -0.001581204175 0)
(2.934907122 -0.001106580894 0)
(2.934708074 -0.0004142703059 0)
(2.935004455 0.001594722896 0)
(2.934949714 0.003972548155 0)
(2.934193143 0.003893701377 0)
(2.933386768 0.001798649556 0)
(2.932342972 0.0004812508316 0)
(2.930555299 -0.0001530136092 0)
(2.928604225 -0.001365734803 0)
(2.927177317 -0.002680785538 0)
(2.927051931 -0.003284587312 0)
(2.927977597 -0.002950377395 0)
(2.929136543 -0.002328220567 0)
(2.930104632 -0.004495645897 0)
(2.930490957 -0.00475572179 0)
(2.929917495 -0.002933321183 0)
(2.928741027 0.0003059552635 0)
(2.926760041 0.002812312602 0)
(2.925356194 0.002974517042 0)
(2.924319427 0.002151524721 0)
(2.954137255 -0.0009140074918 0)
(2.953995509 -0.001096979016 0)
(2.952729694 -0.001070768796 0)
(2.950012076 -0.003247123075 0)
(2.94797994 -0.004124328127 0)
(2.94723764 0.0006467432199 0)
(2.946068864 0.005980426255 0)
(2.944991123 0.005478192544 0)
(2.947040575 0.001245434074 0)
(2.947863472 -0.0004821745579 0)
(2.947462506 0.0005555009001 0)
(2.946715614 -0.000188817626 0)
(2.946482008 -0.003064252032 0)
(2.94611644 -0.003538125429 0)
(2.944232414 -0.001915462655 0)
(2.941508647 0.0006503500444 0)
(2.939509063 0.0002111986782 0)
(2.938788549 -0.0007853752504 0)
(2.938138395 -0.0008085616573 0)
(2.937523197 -0.00051582798 0)
(2.93726414 -0.0003574389873 0)
(2.937263951 0.0001752388061 0)
(2.937274045 0.001558370094 0)
(2.936419118 0.003061530097 0)
(2.935141968 0.001189370241 0)
(2.93415991 -0.0006349934482 0)
(2.932790952 -0.001295681057 0)
(2.931073926 -0.001848858496 0)
(2.929466338 -0.001765748126 0)
(2.928583742 -0.001374965486 0)
(2.92929106 -0.0008695614041 0)
(2.930589013 -0.001208232153 0)
(2.932019156 -0.002275665901 0)
(2.932862307 -0.003406149487 0)
(2.932245003 -0.002024748652 0)
(2.931010468 -0.0001094731466 0)
(2.929544415 0.001472471418 0)
(2.928000646 0.002734455677 0)
(2.926981845 0.002723536802 0)
(2.956462202 0.00353731301 0)
(2.955715208 0.0001271493174 0)
(2.954576061 -0.002914607968 0)
(2.951885413 -0.007202704911 0)
(2.950317725 -0.008221744479 0)
(2.949773 -0.002822920698 0)
(2.947993119 0.003900366752 0)
(2.946782155 0.005521352745 0)
(2.948150561 0.001128819259 0)
(2.949661076 -0.003847524406 0)
(2.949052655 -0.004021237281 0)
(2.948257755 -0.002869493154 0)
(2.947558472 -0.001436576519 0)
(2.947505013 -0.002432762886 0)
(2.945757476 -0.003126086881 0)
(2.943113524 -0.001778867268 0)
(2.940660879 -0.0005313210354 0)
(2.938982124 -0.0005051919952 0)
(2.937974283 -0.0006185976385 0)
(2.936984333 -0.0002514935376 0)
(2.936259118 0.0004382036167 0)
(2.936039993 0.0008675293255 0)
(2.936061289 0.001119879861 0)
(2.935520757 0.002337232646 0)
(2.934120659 0.001686849673 0)
(2.932777428 -0.0002052262117 0)
(2.931417493 -0.002201124178 0)
(2.930188733 -0.003764876842 0)
(2.928848347 -0.004160672688 0)
(2.928034964 -0.003220626456 0)
(2.928117634 -0.001760144197 0)
(2.928562233 -0.001577774119 0)
(2.929484995 -0.002221514797 0)
(2.928797149 -0.002386329893 0)
(2.927891982 -0.001196150002 0)
(2.926960659 -0.0003573491483 0)
(2.926141868 1.271242163e-05 0)
(2.925229353 0.0007745943306 0)
(2.924904856 0.001509894453 0)
(2.953293057 0.007101744024 0)
(2.952979726 0.002242161069 0)
(2.952221721 -0.001385604607 0)
(2.949160476 -0.004833343423 0)
(2.94673866 -0.003933486488 0)
(2.948049874 -0.001864558994 0)
(2.947167499 -2.330741953e-05 0)
(2.944809781 0.002651862447 0)
(2.944570916 0.001029392019 0)
(2.945913261 -0.002841251182 0)
(2.945595628 -0.003263906353 0)
(2.94383981 -0.002181825573 0)
(2.942252681 -0.000386685606 0)
(2.941262581 -0.0002362116262 0)
(2.940607149 -0.001988298094 0)
(2.938475133 -0.001755666536 0)
(2.935378746 -0.0006267033083 0)
(2.933143858 -0.001013274602 0)
(2.931111187 -0.001229817005 0)
(2.929433733 -0.000794528217 0)
(2.928117702 5.326916901e-05 0)
(2.927981591 0.0004873345865 0)
(2.928243937 0.0006724588416 0)
(2.928262345 0.001806827164 0)
(2.92744721 0.001925233581 0)
(2.92622857 0.0008072994003 0)
(2.924904419 -0.0008793156115 0)
(2.923735199 -0.002403249181 0)
(2.922483231 -0.004217155715 0)
(2.921544727 -0.005129739522 0)
(2.920734319 -0.00453788605 0)
(2.919618983 -0.00280740274 0)
(2.918024362 -0.001143017264 0)
(2.916399311 -0.0004725518169 0)
(2.915355207 -0.0006034261878 0)
(2.914684602 -0.0005228407006 0)
(2.914399462 -0.0004702947925 0)
(2.914002278 -0.0003601426069 0)
(2.91390998 0.0001991060475 0)
(2.944353319 0.008668279429 0)
(2.94385785 0.002531580856 0)
(2.943054834 -0.001622769352 0)
(2.939133651 -0.004326355723 0)
(2.935603385 -0.002362589594 0)
(2.936691755 -0.002147073479 0)
(2.937804127 -0.002659568646 0)
(2.93592015 -0.001609771379 0)
(2.933219468 -0.00121150853 0)
(2.93276904 -0.00454552908 0)
(2.933161269 -0.006455836357 0)
(2.931111499 -0.003574793926 0)
(2.928348016 0.0006651559926 0)
(2.926280684 0.0007393554007 0)
(2.925094076 -0.002019135435 0)
(2.924600133 -0.003059623111 0)
(2.921900302 -0.002042137926 0)
(2.919175649 -0.002186915511 0)
(2.915751172 -0.002144157401 0)
(2.913335348 -0.001645152755 0)
(2.911270143 -0.0003998308026 0)
(2.910806209 0.0002000494794 0)
(2.911384952 3.743398938e-05 0)
(2.912539512 0.0005364573407 0)
(2.913046234 0.0008642690073 0)
(2.912616689 0.0007719326724 0)
(2.911617552 -0.0004281516872 0)
(2.910492365 -0.001706156582 0)
(2.908839506 -0.003871441748 0)
(2.907230753 -0.005567018556 0)
(2.905331563 -0.005660458188 0)
(2.902356709 -0.004190797559 0)
(2.899318936 -0.001731536562 0)
(2.896961589 0.0004932287055 0)
(2.894995409 0.0006572127399 0)
(2.894059 -0.0005344277933 0)
(2.89381748 -0.001094504715 0)
(2.894060557 -0.001018799203 0)
(2.894281627 -0.0006422391472 0)
(2.928287441 0.005329990739 0)
(2.926367411 0.0009417730687 0)
(2.925067229 -0.002184851138 0)
(2.92177278 -0.003852927452 0)
(2.918270553 -0.001045462679 0)
(2.917800567 -0.002219065143 0)
(2.917801376 -0.005032711578 0)
(2.918072399 -0.004322693485 0)
(2.914754338 -0.002555063196 0)
(2.912404661 -0.00437001839 0)
(2.911030302 -0.00645812027 0)
(2.909712085 -0.002983964503 0)
(2.906336034 0.001072414106 0)
(2.903565374 0.002132840929 0)
(2.90152362 -0.0002546897553 0)
(2.901093464 -0.003896653598 0)
(2.899950078 -0.003873987975 0)
(2.897108617 -0.003682945817 0)
(2.892943178 -0.003921068853 0)
(2.889807159 -0.003622301714 0)
(2.887294401 -0.001995520667 0)
(2.88614854 -0.0002943462637 0)
(2.886502811 -0.0003842652006 0)
(2.888742217 -9.103543051e-05 0)
(2.891062554 0.0004625327308 0)
(2.891638535 0.0008108896341 0)
(2.891055722 -0.0001792388122 0)
(2.889956521 -0.001184563139 0)
(2.887715393 -0.002755822692 0)
(2.884884043 -0.004865002243 0)
(2.881545195 -0.00569698182 0)
(2.877996997 -0.004652368827 0)
(2.874409444 -0.001918003017 0)
(2.871243017 0.001110051326 0)
(2.868943454 0.001455289845 0)
(2.867262825 0.0003536238614 0)
(2.866646736 -0.0009189203697 0)
(2.866714584 -0.001606177446 0)
(2.867294459 -0.001527244708 0)
(2.902813707 -0.003426958133 0)
(2.90132884 -0.005326974962 0)
(2.89891456 -0.004296292682 0)
(2.896063177 0.0001505625732 0)
(2.893424514 0.0002238087939 0)
(2.891321331 -0.005107858569 0)
(2.890998673 -0.008158046855 0)
(2.889445365 -0.005963140017 0)
(2.886258068 -0.003876595592 0)
(2.882355968 -0.004676513489 0)
(2.880406065 -0.001740576939 0)
(2.878840902 0.0006382590152 0)
(2.875734007 0.002550965442 0)
(2.874166122 0.001024143573 0)
(2.872408104 -0.003502455265 0)
(2.871455271 -0.005337329201 0)
(2.869043562 -0.005036182929 0)
(2.864800967 -0.005255583145 0)
(2.86113902 -0.005006676359 0)
(2.858551675 -0.003605502118 0)
(2.857083921 -0.001700487229 0)
(2.857026218 -0.00112456031 0)
(2.85929293 -0.001183946968 0)
(2.862876031 -0.0007031857792 0)
(2.864768311 -0.0005801879861 0)
(2.864304116 -0.001110517404 0)
(2.863353814 -0.001316853199 0)
(2.860827712 -0.001894326564 0)
(2.856939657 -0.002933821992 0)
(2.852565112 -0.004534191542 0)
(2.848264316 -0.004736888941 0)
(2.844680404 -0.001900936462 0)
(2.841819548 0.001024382249 0)
(2.839663489 0.001597987866 0)
(2.837497933 0.001400914614 0)
(2.836541153 0.0005492916028 0)
(2.836184537 -0.0003138730557 0)
(2.836245011 -0.0006783599514 0)
(2.874667759 -0.005691584766 0)
(2.873405728 -0.00629935355 0)
(2.871606408 -0.004538154124 0)
(2.869132282 0.0003208981201 0)
(2.865079883 0.001786837159 0)
(2.860941096 -0.002631017717 0)
(2.85961305 -0.009088576529 0)
(2.859864362 -0.007679751126 0)
(2.857391704 -0.003342649798 0)
(2.852740477 -0.001180220859 0)
(2.849121209 -0.001238707525 0)
(2.84813826 -0.0007339173529 0)
(2.846256228 0.001200965994 0)
(2.844405165 0.001005224856 0)
(2.842663248 -0.001848204002 0)
(2.840514046 -0.005624601782 0)
(2.838246803 -0.005604746782 0)
(2.834322699 -0.00573333313 0)
(2.829978267 -0.005758134995 0)
(2.827560197 -0.004727609202 0)
(2.82651296 -0.003113819322 0)
(2.826293662 -0.001779283572 0)
(2.827943706 -0.002172950711 0)
(2.831197292 -0.002325391215 0)
(2.833734941 -0.002685439004 0)
(2.83371032 -0.002600118439 0)
(2.832709546 -0.00237351287 0)
(2.830536814 -0.002101794587 0)
(2.826536529 -0.001974762012 0)
(2.821999887 -0.002588897679 0)
(2.817177259 -0.002738513672 0)
(2.813135943 -0.001461721801 0)
(2.811022179 0.000281480537 0)
(2.809096818 0.00108067517 0)
(2.807469501 0.001658978525 0)
(2.806287142 0.001780742122 0)
(2.805653874 0.00151075186 0)
(2.805463705 0.0007285966373 0)
(2.838769935 -0.005664991556 0)
(2.838717281 -0.005754978303 0)
(2.839521623 -0.00466892423 0)
(2.838757432 -0.00196039418 0)
(2.83592876 0.001146825085 0)
(2.832101652 0.0002257663589 0)
(2.828650428 -0.005072520739 0)
(2.828685792 -0.006444315962 0)
(2.827382026 -0.001475696354 0)
(2.824693701 0.002022910212 0)
(2.820786286 -0.0005455968573 0)
(2.818295403 -0.002501830551 0)
(2.81733399 -0.001186284975 0)
(2.815815363 0.000542218836 0)
(2.81426147 -0.0002400117725 0)
(2.811754716 -0.003762451275 0)
(2.809253865 -0.005037732666 0)
(2.805887017 -0.004891648632 0)
(2.801200437 -0.005366028065 0)
(2.797825289 -0.005500954817 0)
(2.79660036 -0.00466665765 0)
(2.796016403 -0.002636786141 0)
(2.797229999 -0.002390263518 0)
(2.799414204 -0.003651858376 0)
(2.801298564 -0.004743775843 0)
(2.801521598 -0.004521548063 0)
(2.801006155 -0.003840780664 0)
(2.79904495 -0.00312017474 0)
(2.79582539 -0.001863043989 0)
(2.791888199 -0.0006199467392 0)
(2.788084181 -0.0001178379556 0)
(2.784407942 -0.0005801126556 0)
(2.781722301 -0.00082632133 0)
(2.779870699 -0.0002452283168 0)
(2.778193728 0.0009127662756 0)
(2.777301746 0.002087940866 0)
(2.776723959 0.002515853548 0)
(2.776916238 0.002121433945 0)
(2.805925003 -0.003354349141 0)
(2.806587461 -0.003613005505 0)
(2.807331629 -0.006350738097 0)
(2.809104746 -0.005782155179 0)
(2.807886616 -0.002303229069 0)
(2.806348407 0.0008852335804 0)
(2.802591169 -0.0002784293117 0)
(2.800040482 -0.003066851956 0)
(2.799082934 -0.001428913006 0)
(2.79796432 0.001781757477 0)
(2.795297795 0.001102910562 0)
(2.791673677 -0.002655193741 0)
(2.79068723 -0.003629519094 0)
(2.790038562 -0.001221508768 0)
(2.788886231 0.0001089756139 0)
(2.786766279 -0.001286737796 0)
(2.784035878 -0.003770187787 0)
(2.780897722 -0.003588250571 0)
(2.776614252 -0.003889674682 0)
(2.772258374 -0.004856394333 0)
(2.770092492 -0.005438548168 0)
(2.768847863 -0.004284799683 0)
(2.7684036 -0.00226697563 0)
(2.769556111 -0.00339059286 0)
(2.770348017 -0.005822047299 0)
(2.770339131 -0.006195101617 0)
(2.770074616 -0.005646757256 0)
(2.768795708 -0.004463224212 0)
(2.76611478 -0.002336451941 0)
(2.76303168 -0.0002012427363 0)
(2.760125403 0.0008278036786 0)
(2.757875436 0.0004557414874 0)
(2.755260841 -0.001655156825 0)
(2.753128931 -0.002048469196 0)
(2.751720942 -0.0007888228627 0)
(2.750678248 0.0007946526647 0)
(2.749954499 0.002066541222 0)
(2.749805913 0.002586064837 0)
(2.781527434 0.0003560130956 0)
(2.783040116 -0.0003129810461 0)
(2.783426581 -0.005679149278 0)
(2.783317805 -0.01053554954 0)
(2.783108843 -0.008069743847 0)
(2.78252933 -0.001397029666 0)
(2.781000061 0.002124708118 0)
(2.778329532 -8.070454275e-05 0)
(2.776075982 -0.001945746702 0)
(2.774730636 -0.0005104096586 0)
(2.771832758 0.0002023560476 0)
(2.769823801 -0.001615621405 0)
(2.767882883 -0.004200739338 0)
(2.767233885 -0.00280840884 0)
(2.766543161 -0.000134131901 0)
(2.764917893 -0.000172225937 0)
(2.762053892 -0.002949949248 0)
(2.758525514 -0.003458560703 0)
(2.75470344 -0.00336307599 0)
(2.750217336 -0.004130884069 0)
(2.747208828 -0.005100974202 0)
(2.745208975 -0.005055990115 0)
(2.743164367 -0.003488108884 0)
(2.742969364 -0.003789862007 0)
(2.743360496 -0.005403379398 0)
(2.743069862 -0.006468624874 0)
(2.742421004 -0.006773550156 0)
(2.74138779 -0.005602536774 0)
(2.739736218 -0.003259277897 0)
(2.737224556 -0.0008890622285 0)
(2.734752364 0.0006085978508 0)
(2.732627618 0.0008205860509 0)
(2.730919489 -0.001614972328 0)
(2.729228793 -0.002916232694 0)
(2.728077217 -0.002193937793 0)
(2.727063637 -0.001122433185 0)
(2.72632194 0.0006260904697 0)
(2.726064417 0.002373160485 0)
(2.757991375 0.003029559514 0)
(2.759175717 0.0001046166173 0)
(2.760259062 -0.005528158384 0)
(2.760537975 -0.01260573241 0)
(2.7599284 -0.01272760494 0)
(2.760136478 -0.006387495327 0)
(2.760270381 0.0009004289567 0)
(2.759331506 0.001312423876 0)
(2.757810386 -0.001438124466 0)
(2.75476553 -0.00211656399 0)
(2.751613297 -0.001181283027 0)
(2.750800126 -0.002949684169 0)
(2.749312601 -0.005410416413 0)
(2.748397836 -0.003973060813 0)
(2.747329238 -0.0009421678389 0)
(2.746008564 -0.0003357911911 0)
(2.74369594 -0.001679444146 0)
(2.739895 -0.00289581395 0)
(2.736257402 -0.002571149758 0)
(2.732269447 -0.002443847261 0)
(2.728510679 -0.004014246449 0)
(2.725781222 -0.005432293295 0)
(2.723358835 -0.004864941273 0)
(2.722131064 -0.004438315121 0)
(2.721908777 -0.004513741725 0)
(2.721638016 -0.005054017125 0)
(2.720699839 -0.00575148361 0)
(2.719365332 -0.005305511268 0)
(2.717917905 -0.003695552327 0)
(2.716012547 -0.002287179432 0)
(2.714405657 -0.001008969385 0)
(2.71250478 -0.0007830504199 0)
(2.71072427 -0.001497668441 0)
(2.709857023 -0.00333369981 0)
(2.708980327 -0.003961639403 0)
(2.708260174 -0.003366686022 0)
(2.707652592 -0.001705028794 0)
(2.707832131 0.0004622889892 0)
(2.735609059 -0.0003078065682 0)
(2.736426578 -0.004916176033 0)
(2.73953386 -0.01237469009 0)
(2.740933613 -0.01545239496 0)
(2.740162829 -0.009219598015 0)
(2.740215536 -0.001487925483 0)
(2.739684923 -0.0002218720977 0)
(2.739297951 -0.004586750529 0)
(2.737814987 -0.006267217529 0)
(2.735531317 -0.004777315379 0)
(2.734313114 -0.002705824064 0)
(2.734682854 -0.002318757076 0)
(2.734089492 -0.002881032347 0)
(2.732272473 -0.001494478304 0)
(2.731000558 -0.0004452076097 0)
(2.729370865 -0.001708614561 0)
(2.726359603 -0.004029172363 0)
(2.722474999 -0.004123442895 0)
(2.718670827 -0.004090280235 0)
(2.714965835 -0.004830548242 0)
(2.711774254 -0.005691860083 0)
(2.709872843 -0.006289826869 0)
(2.708185566 -0.005730957605 0)
(2.707157118 -0.004532442036 0)
(2.706342457 -0.004213862839 0)
(2.705356455 -0.004191479304 0)
(2.70405818 -0.003824677834 0)
(2.702552419 -0.003874602752 0)
(2.700963385 -0.003807393847 0)
(2.699970364 -0.003120859972 0)
(2.699022124 -0.002291544745 0)
(2.697093492 -0.001949907068 0)
(2.695845202 -0.003289284223 0)
(2.695265502 -0.004684685336 0)
(2.695134056 -0.004638778178 0)
(2.695098823 -0.003828895878 0)
(2.695446776 -0.00214662925 0)
(2.6964172 -0.0003166567835 0)
(2.719334138 -0.0023061204 0)
(2.720929663 -0.005537170784 0)
(2.723572643 -0.007326159212 0)
(2.727448291 -0.01026066975 0)
(2.728350218 -0.008931332497 0)
(2.726400088 -0.004081663601 0)
(2.724347891 -0.00160462158 0)
(2.723793437 -0.004593007499 0)
(2.725061285 -0.008895558058 0)
(2.725203056 -0.007207424007 0)
(2.72374884 -0.002704886983 0)
(2.722573442 -0.001340950874 0)
(2.723153048 -0.001827474091 0)
(2.722427789 -0.001439364158 0)
(2.720283228 -0.001362467866 0)
(2.718626193 -0.00224469512 0)
(2.716710316 -0.00465523622 0)
(2.71335109 -0.005468047834 0)
(2.710141389 -0.004818658561 0)
(2.706176107 -0.004420805256 0)
(2.703253155 -0.005450903296 0)
(2.70140085 -0.00724374868 0)
(2.699551519 -0.007355140568 0)
(2.698302159 -0.004961715602 0)
(2.6973692 -0.003600357423 0)
(2.695833384 -0.002519095743 0)
(2.694661796 -0.002047471005 0)
(2.693024763 -0.003201018681 0)
(2.691671245 -0.004789058878 0)
(2.690492283 -0.005746831817 0)
(2.689776997 -0.004471996234 0)
(2.688836149 -0.002290705752 0)
(2.687444317 -0.00198560602 0)
(2.687158216 -0.003507310965 0)
(2.687327215 -0.00431374486 0)
(2.687306053 -0.004972214034 0)
(2.687516141 -0.004857820494 0)
(2.688930787 -0.002411634609 0)
(2.71081671 -0.00765514285 0)
(2.713390857 -0.005807836915 0)
(2.715286734 -0.004430549904 0)
(2.717652313 -0.004489712416 0)
(2.720714143 -0.007372301389 0)
(2.720340597 -0.007325202286 0)
(2.718235321 -0.003998477071 0)
(2.716574646 -0.005591401085 0)
(2.717574709 -0.008717909669 0)
(2.718641725 -0.008383020565 0)
(2.717826771 -0.002688569753 0)
(2.715844471 0.001046628359 0)
(2.715238853 -0.0001775588527 0)
(2.716108626 -0.002550134278 0)
(2.714022977 -0.002149802853 0)
(2.712004074 -0.003065983011 0)
(2.710326181 -0.004921092288 0)
(2.708830137 -0.006293663201 0)
(2.706091383 -0.005548729088 0)
(2.702469062 -0.004383182279 0)
(2.699087559 -0.004977715025 0)
(2.696968374 -0.007302645243 0)
(2.694736832 -0.007874355588 0)
(2.693104902 -0.006015451234 0)
(2.692334826 -0.003494348676 0)
(2.691014193 -0.001891552349 0)
(2.689330482 -0.001691552482 0)
(2.687531643 -0.002706547222 0)
(2.686247801 -0.004812605682 0)
(2.685056598 -0.006242983986 0)
(2.683867517 -0.005864188088 0)
(2.683769823 -0.00260088365 0)
(2.683569722 -0.001527726403 0)
(2.682550803 -0.002898958843 0)
(2.682809995 -0.004278179844 0)
(2.68316276 -0.005102306873 0)
(2.683545305 -0.005276135294 0)
(2.68409219 -0.003932182883 0)
(2.708915738 -0.01161049811 0)
(2.710596935 -0.009464181949 0)
(2.713986398 -0.002575478529 0)
(2.715781113 0.001487379233 0)
(2.716226891 -0.0009763569666 0)
(2.717984916 -0.008484593999 0)
(2.717630201 -0.007203944493 0)
(2.71606661 -0.005031770607 0)
(2.714615543 -0.006738343678 0)
(2.716025375 -0.00676371118 0)
(2.716082433 -0.003678968698 0)
(2.71465563 0.00196548647 0)
(2.71289323 0.002219720986 0)
(2.712530609 -0.002069519146 0)
(2.711991945 -0.003006495253 0)
(2.710170527 -0.003271293103 0)
(2.707819338 -0.004128746757 0)
(2.70671678 -0.005831278817 0)
(2.704735017 -0.005892983499 0)
(2.701975494 -0.00423603244 0)
(2.69848665 -0.003991836975 0)
(2.695570583 -0.005784418272 0)
(2.693778514 -0.007298163256 0)
(2.691519924 -0.006882200551 0)
(2.690040535 -0.004959826882 0)
(2.689166183 -0.002851815149 0)
(2.687632148 -0.002240165102 0)
(2.686404081 -0.002716383145 0)
(2.684532319 -0.003730063843 0)
(2.68316371 -0.004609757026 0)
(2.682760559 -0.004112379631 0)
(2.682375141 -0.002807437614 0)
(2.682352578 -0.001703056076 0)
(2.681398552 -0.002038751457 0)
(2.681144402 -0.003029900815 0)
(2.681876949 -0.003844858016 0)
(2.68282181 -0.004289947932 0)
(2.683255369 -0.004938951133 0)
(2.713111545 -0.01294134562 0)
(2.714641645 -0.01280595981 0)
(2.716448694 -0.005946885808 0)
(2.71978483 0.002457081695 0)
(2.719358301 0.001971406096 0)
(2.719148414 -0.00608519341 0)
(2.719439333 -0.009006504422 0)
(2.719032954 -0.004819912197 0)
(2.716930717 -0.003804383783 0)
(2.717344541 -0.005224835437 0)
(2.717775587 -0.00378462281 0)
(2.718001305 0.001325684865 0)
(2.715632338 0.002506855412 0)
(2.713510756 -0.001375564159 0)
(2.713435616 -0.003979057919 0)
(2.711635936 -0.002939848218 0)
(2.708604875 -0.002841887797 0)
(2.706495757 -0.004123510309 0)
(2.705533752 -0.005787855829 0)
(2.703400684 -0.00458148084 0)
(2.700287649 -0.002884965203 0)
(2.696784227 -0.003881374801 0)
(2.694384245 -0.005701290881 0)
(2.692835734 -0.006227780499 0)
(2.691233179 -0.006038230107 0)
(2.689537285 -0.005572873693 0)
(2.688404887 -0.003784110401 0)
(2.687229002 -0.002457723543 0)
(2.685491871 -0.00208786499 0)
(2.684441742 -0.001878947235 0)
(2.683795895 -0.001829815042 0)
(2.683394122 -0.002504511752 0)
(2.683154799 -0.002230390512 0)
(2.683374395 -0.001607053858 0)
(2.683274667 -0.001599910518 0)
(2.68343691 -0.002121621756 0)
(2.684042148 -0.002799099776 0)
(2.684368466 -0.003367706045 0)
(2.721109594 -0.009942939523 0)
(2.72295881 -0.01394896289 0)
(2.72440396 -0.01223396042 0)
(2.725129 -0.00379982457 0)
(2.726291891 -0.0003239813961 0)
(2.72541739 -0.005097655394 0)
(2.724878093 -0.009126633925 0)
(2.724347873 -0.006175999029 0)
(2.724438961 -0.001259105266 0)
(2.721863234 -0.002392765018 0)
(2.721649005 -0.004181530156 0)
(2.721949185 -0.003156430589 0)
(2.720625109 -0.0006915807818 0)
(2.718829482 -0.002130990278 0)
(2.71734855 -0.003987611641 0)
(2.714981139 -0.002184604666 0)
(2.712862065 -0.0008756073382 0)
(2.709680336 -0.002028463458 0)
(2.708002832 -0.004229488538 0)
(2.706491124 -0.004955218704 0)
(2.704254104 -0.003046296804 0)
(2.701264703 -0.002081697233 0)
(2.697526759 -0.003380219273 0)
(2.696012481 -0.005059907045 0)
(2.694490097 -0.006614827753 0)
(2.692739118 -0.007156580142 0)
(2.691001684 -0.006886809375 0)
(2.689678463 -0.004101941798 0)
(2.688706487 -0.0008908132438 0)
(2.68795858 0.001357747029 0)
(2.687057911 0.0008150791958 0)
(2.686303254 -0.001647233626 0)
(2.686056783 -0.002888272914 0)
(2.68660674 -0.001925781209 0)
(2.687510544 -0.0005622242058 0)
(2.68776696 -0.0004698018021 0)
(2.687726504 -0.0008233887809 0)
(2.687425651 -0.002472468924 0)
(2.732105669 -0.006471963809 0)
(2.731728569 -0.01144130519 0)
(2.733874525 -0.01499817501 0)
(2.733526043 -0.01341975039 0)
(2.733665132 -0.004834513476 0)
(2.734496986 -0.004620005286 0)
(2.733269584 -0.008518477417 0)
(2.732971863 -0.007491490997 0)
(2.733331558 -0.002095447387 0)
(2.731835269 -0.0004494928141 0)
(2.729528724 -0.003694036688 0)
(2.728176733 -0.006692852267 0)
(2.726082434 -0.00460679204 0)
(2.725057087 -0.002970910338 0)
(2.722648222 -0.003288508968 0)
(2.720579811 -0.002362943047 0)
(2.719242512 0.0001654185534 0)
(2.716780408 0.0004167268083 0)
(2.713192652 -0.002163842925 0)
(2.711372854 -0.004716955565 0)
(2.709630314 -0.004350575535 0)
(2.707377228 -0.001963208106 0)
(2.705168397 -0.001383574257 0)
(2.702545156 -0.003126502341 0)
(2.700746083 -0.005183203771 0)
(2.699153905 -0.007068051768 0)
(2.697257417 -0.007874952655 0)
(2.6956204 -0.007198153664 0)
(2.694887326 -0.00298058108 0)
(2.694746536 0.001784832654 0)
(2.694726495 0.002531202915 0)
(2.693461905 -0.0002057630338 0)
(2.692583316 -0.002138676964 0)
(2.692790098 -0.002376896371 0)
(2.693426089 -0.0009335182976 0)
(2.693828365 -9.691245359e-05 0)
(2.69380835 -9.627154397e-05 0)
(2.693457179 -0.001978209379 0)
(2.742054631 -0.006232838826 0)
(2.743127958 -0.01327879816 0)
(2.744989403 -0.01734603988 0)
(2.743725169 -0.01298696633 0)
(2.743077337 -0.005240737138 0)
(2.742963775 -0.00769253247 0)
(2.743330042 -0.008417720046 0)
(2.74251729 -0.005049798346 0)
(2.742995061 -0.0002942721826 0)
(2.741024704 -0.00274640642 0)
(2.737581657 -0.007629254716 0)
(2.735094228 -0.007755057803 0)
(2.732298647 -0.003630716536 0)
(2.729810169 -0.002900365078 0)
(2.729010419 -0.001751504543 0)
(2.72724253 -0.0005518547875 0)
(2.725443433 0.001285263939 0)
(2.722257155 0.0002345454795 0)
(2.719244742 -0.003397956706 0)
(2.717417826 -0.005087382402 0)
(2.715547501 -0.003730797181 0)
(2.71392503 -0.001762393688 0)
(2.712496262 -0.001761504588 0)
(2.71088261 -0.002925743422 0)
(2.709353009 -0.004940078881 0)
(2.707875749 -0.006753102575 0)
(2.706242755 -0.006236007877 0)
(2.704757791 -0.003312544066 0)
(2.703685768 -0.0002358205108 0)
(2.70370225 0.001354002796 0)
(2.703704321 0.0006378045964 0)
(2.703659261 -0.0009938568046 0)
(2.70384293 -0.001397095623 0)
(2.703861083 -0.001048749803 0)
(2.704162169 -0.0006391168718 0)
(2.703953567 -0.001181118419 0)
(2.703636112 -0.003443208876 0)
(2.75527871 -0.000711520148 0)
(2.754746398 -0.006863088665 0)
(2.757385591 -0.01592746301 0)
(2.757201425 -0.01802729752 0)
(2.754870151 -0.009197371028 0)
(2.754474157 -0.00628556278 0)
(2.754368544 -0.008536943816 0)
(2.753473324 -0.008117349793 0)
(2.752339639 -0.002908920987 0)
(2.752349623 -0.002281517864 0)
(2.749781398 -0.006289192723 0)
(2.747060027 -0.008119904147 0)
(2.743797348 -0.004834071676 0)
(2.741064606 -0.00211031558 0)
(2.739487022 -0.001687290199 0)
(2.737346495 -0.001298074569 0)
(2.734773684 0.0001024810449 0)
(2.732977696 0.000910132745 0)
(2.730513874 -0.001814147642 0)
(2.72893535 -0.004906310282 0)
(2.727378924 -0.005233408957 0)
(2.725709416 -0.003599599662 0)
(2.725190668 -0.002487357977 0)
(2.72481 -0.002441478333 0)
(2.723796409 -0.003300529376 0)
(2.722100598 -0.004663140203 0)
(2.72045307 -0.004796846365 0)
(2.718768782 -0.003665213503 0)
(2.717277204 -0.002101515725 0)
(2.716387403 -0.0006752295646 0)
(2.717491792 -0.0003409229842 0)
(2.719069038 -0.0007861960703 0)
(2.719607132 -0.0008881411309 0)
(2.719914822 -0.0003753015355 0)
(2.720304617 -0.0005476802373 0)
(2.719880645 -0.00175030756 0)
(2.719170506 -0.004224159906 0)
(2.768883264 0.0007014946297 0)
(2.768769126 -0.001529243544 0)
(2.769730225 -0.00869800526 0)
(2.77223849 -0.01569936977 0)
(2.769793931 -0.01228820309 0)
(2.767906537 -0.005243625784 0)
(2.766518012 -0.007753337279 0)
(2.765656024 -0.009887594861 0)
(2.763390943 -0.006458221046 0)
(2.761443718 -0.003338193219 0)
(2.761194405 -0.005585544224 0)
(2.759644589 -0.006291954564 0)
(2.756644792 -0.003434740178 0)
(2.754278163 -5.320687637e-05 0)
(2.751117768 -0.0007421994702 0)
(2.748658425 -0.002573380991 0)
(2.74603969 -0.002196380801 0)
(2.743866625 -0.0006690742528 0)
(2.743820492 -0.0007778643814 0)
(2.743201326 -0.0042487314 0)
(2.742682686 -0.005830884218 0)
(2.741811591 -0.005116256733 0)
(2.741248565 -0.003740663619 0)
(2.740693081 -0.003054244641 0)
(2.739735347 -0.002801492292 0)
(2.738921474 -0.002370901674 0)
(2.737428039 -0.002677968327 0)
(2.736077713 -0.00325987344 0)
(2.735199743 -0.003010417754 0)
(2.734787654 -0.001267053209 0)
(2.735803364 1.593776215e-05 0)
(2.737092709 0.0003207175188 0)
(2.738474536 0.0002830606625 0)
(2.739588146 -0.0001685986165 0)
(2.739852609 -0.001243349608 0)
(2.739448258 -0.003308846754 0)
(2.738593887 -0.005833969929 0)
(2.781480636 -0.003379658177 0)
(2.780564442 0.0003092482304 0)
(2.780886699 -0.002947867223 0)
(2.783752987 -0.01146558859 0)
(2.783681094 -0.01168077681 0)
(2.781054681 -0.005603283906 0)
(2.779135345 -0.005918272987 0)
(2.77760625 -0.01144500123 0)
(2.775733364 -0.01211201404 0)
(2.772363422 -0.004311565708 0)
(2.770751092 -0.00187906622 0)
(2.770195995 -0.004390854293 0)
(2.768682662 -0.002872636954 0)
(2.76618547 -0.0006607719281 0)
(2.763442798 -0.0004769747323 0)
(2.760693299 -0.003095362912 0)
(2.758923918 -0.003978830714 0)
(2.757065103 -0.001978759255 0)
(2.756725411 -0.0009269646058 0)
(2.757789902 -0.002453114724 0)
(2.758543391 -0.00605196523 0)
(2.758663275 -0.006569842799 0)
(2.758352778 -0.005635208063 0)
(2.757885991 -0.003354001153 0)
(2.757289901 -0.001005866127 0)
(2.7566094 0.0001256606276 0)
(2.756004785 -0.0003750094347 0)
(2.755356417 -0.002450154635 0)
(2.75502048 -0.003507187003 0)
(2.755166106 -0.003098118004 0)
(2.755827101 -0.001340312662 0)
(2.757055963 0.0003070086497 0)
(2.75874951 0.0007683463793 0)
(2.759978705 0.0006419784285 0)
(2.760052825 -0.000810265491 0)
(2.759826316 -0.003093404553 0)
(2.759048403 -0.005311083826 0)
(2.794071311 -0.01324082406 0)
(2.790297972 -0.002592124606 0)
(2.789741594 -8.76502964e-05 0)
(2.791787806 -0.005571377309 0)
(2.794730943 -0.01159200792 0)
(2.792480443 -0.008175998694 0)
(2.789851455 -0.006691984156 0)
(2.788349813 -0.01035420797 0)
(2.787309291 -0.01356400226 0)
(2.784870484 -0.01017031974 0)
(2.781226394 -0.001695114238 0)
(2.779783566 -0.001168495143 0)
(2.778765924 -0.001815161322 0)
(2.77688456 -0.0002927625774 0)
(2.77452388 -0.0003148145954 0)
(2.772297892 -0.002703389567 0)
(2.771268185 -0.005459893932 0)
(2.770577631 -0.004653465808 0)
(2.769341749 -0.001195973471 0)
(2.770290219 -0.001400444318 0)
(2.772574939 -0.004061587707 0)
(2.773746948 -0.006650566229 0)
(2.77432079 -0.007052940803 0)
(2.774833228 -0.005935879385 0)
(2.774807016 -0.002668051934 0)
(2.773983255 0.000836837085 0)
(2.7735154 0.0009553532325 0)
(2.773887909 -0.0006736525245 0)
(2.774087821 -0.002294183136 0)
(2.774408312 -0.002400392509 0)
(2.775166366 -0.0007975319038 0)
(2.77652829 0.00125698005 0)
(2.777832813 0.001990090697 0)
(2.778809196 0.001351842965 0)
(2.778967424 -0.0007234145486 0)
(2.77896288 -0.003020240953 0)
(2.778459014 -0.004759670847 0)
(2.802448536 -0.02118575707 0)
(2.80032282 -0.01533887614 0)
(2.797890677 -0.001437313471 0)
(2.798523433 -0.002699655376 0)
(2.802283175 -0.01038216291 0)
(2.802149385 -0.01073959147 0)
(2.798394158 -0.008353849434 0)
(2.796924394 -0.01025130217 0)
(2.796290593 -0.01306090219 0)
(2.794564173 -0.0120675368 0)
(2.79129088 -0.00404442463 0)
(2.788692183 0.0001216280451 0)
(2.787053341 -0.001960367466 0)
(2.785396424 -0.002334227977 0)
(2.782958563 -0.001756826835 0)
(2.781474148 -0.00249493977 0)
(2.780933386 -0.004894046816 0)
(2.781286096 -0.006014568008 0)
(2.781126952 -0.0032771831 0)
(2.781214616 -0.0008587143907 0)
(2.783386163 -0.002419049766 0)
(2.78606881 -0.004726924953 0)
(2.787897193 -0.005826025833 0)
(2.78915181 -0.005184682501 0)
(2.78965279 -0.003060612229 0)
(2.789660274 -0.0007818104514 0)
(2.789198131 0.0004658439168 0)
(2.789529702 -0.0003964891335 0)
(2.790429039 -0.00136656263 0)
(2.791338426 -0.001875835823 0)
(2.792226106 -0.001002463878 0)
(2.793163583 0.0002564521361 0)
(2.793917376 0.001522248626 0)
(2.794744506 0.001637291058 0)
(2.795247425 0.0003276358545 0)
(2.795400152 -0.0013842931 0)
(2.795154399 -0.002365518188 0)
(2.806800256 -0.02393812702 0)
(2.806138392 -0.01318885728 0)
(2.804299767 -0.00242573061 0)
(2.806709689 -0.008662435931 0)
(2.808590717 -0.01420934118 0)
(2.805858502 -0.01041017312 0)
(2.802731781 -0.009234343094 0)
(2.801745403 -0.0113768145 0)
(2.801146747 -0.01191759434 0)
(2.798940707 -0.007681333166 0)
(2.794703585 -0.0009014794807 0)
(2.793883947 -0.001839304063 0)
(2.792299221 -0.003448312221 0)
(2.79005755 -0.00191193082 0)
(2.788242558 -0.001467677941 0)
(2.787723023 -0.002835388959 0)
(2.788907874 -0.00493353571 0)
(2.789871328 -0.004717218389 0)
(2.790430511 -0.001716638778 0)
(2.791635926 -0.001079776777 0)
(2.794815836 -0.002845417373 0)
(2.797968641 -0.003817457804 0)
(2.80034466 -0.003662747835 0)
(2.801934426 -0.003363712608 0)
(2.802642937 -0.002619255987 0)
(2.802877374 -0.0006488365055 0)
(2.802802853 0.0004091381352 0)
(2.803614921 0.0001682615563 0)
(2.804785624 -0.0001971048546 0)
(2.805820136 -0.0003991944456 0)
(2.806557353 -0.0002744267821 0)
(2.807266337 0.0004117924974 0)
(2.807341976 0.0005678679811 0)
(2.807415357 -0.0001420898128 0)
(2.807486734 -0.001296962079 0)
(2.807674384 -0.001350692314 0)
(2.807008641 0.0002701908326 0)
(2.810045853 -0.02285109114 0)
(2.810612528 -0.02105064597 0)
(2.80948852 -0.007592914023 0)
(2.809090271 -0.008321846636 0)
(2.811306555 -0.01528275079 0)
(2.810820915 -0.01499531035 0)
(2.806976634 -0.008825659182 0)
(2.804782496 -0.008445001052 0)
(2.803696439 -0.009679726935 0)
(2.802927269 -0.009001733416 0)
(2.799755501 -0.003490919942 0)
(2.796971642 -0.003723866004 0)
(2.796421376 -0.005527763201 0)
(2.795115152 -0.004624825958 0)
(2.79334813 -0.001931820068 0)
(2.792281537 -0.0009769723418 0)
(2.793257278 -0.002856697574 0)
(2.795214013 -0.004903949056 0)
(2.796430504 -0.003490558784 0)
(2.797982518 -0.0009592706847 0)
(2.800257472 -0.001122246316 0)
(2.804085475 -0.001691247263 0)
(2.80742441 -0.001466437369 0)
(2.810315549 -0.002668619723 0)
(2.812046918 -0.004076675559 0)
(2.812820263 -0.003291565341 0)
(2.813316108 -0.0009801500409 0)
(2.813755115 0.0004735789141 0)
(2.81453259 0.0004747734558 0)
(2.815505648 -0.001179887033 0)
(2.816125792 -0.002003283744 0)
(2.817057961 -0.001981458414 0)
(2.817049124 -0.0006662873167 0)
(2.816387923 0.0003787189826 0)
(2.815959306 0.0003761251946 0)
(2.815738589 0.0007723230098 0)
(2.815291323 0.001737323658 0)
(2.809709627 -0.01573615323 0)
(2.811509714 -0.02140708551 0)
(2.812392468 -0.01482269586 0)
(2.810328158 -0.008604862404 0)
(2.811410845 -0.01415781051 0)
(2.812288359 -0.01790745969 0)
(2.809740513 -0.0104049644 0)
(2.806103382 -0.005081410119 0)
(2.804420598 -0.006940762048 0)
(2.804070459 -0.01011977954 0)
(2.802695448 -0.007815202481 0)
(2.799067261 -0.004348900694 0)
(2.797726983 -0.00699982567 0)
(2.796975793 -0.006871301833 0)
(2.795533781 -0.001798598117 0)
(2.794532819 0.001293148802 0)
(2.794916748 1.114572703e-06 0)
(2.797175393 -0.00384408599 0)
(2.799720242 -0.004974024261 0)
(2.801515562 -0.00255497721 0)
(2.803565616 -0.00042818217 0)
(2.807044826 -0.0001913678946 0)
(2.810904081 -0.000421825241 0)
(2.814645399 -0.002045645433 0)
(2.817330475 -0.004309374031 0)
(2.818879563 -0.004732937112 0)
(2.819629687 -0.002566076548 0)
(2.820427278 -0.0001447859758 0)
(2.820929199 0.0002733781323 0)
(2.821687291 -0.001461956679 0)
(2.822233914 -0.003083980029 0)
(2.822820455 -0.003880234341 0)
(2.82307023 -0.003672459595 0)
(2.822633693 -0.002336269327 0)
(2.821865864 -0.0007098787271 0)
(2.820829907 0.0009927570629 0)
(2.819965593 0.002576596286 0)
(2.807175748 -0.002251512963 0)
(2.809510496 -0.0188394668 0)
(2.811728512 -0.0185743359 0)
(2.811116983 -0.009088454213 0)
(2.810486317 -0.01129298588 0)
(2.811188636 -0.01725725147 0)
(2.810732681 -0.01437279417 0)
(2.807320502 -0.004378781081 0)
(2.805262982 -0.00488327036 0)
(2.803946959 -0.01026915372 0)
(2.803182556 -0.01132498004 0)
(2.800324442 -0.007023558111 0)
(2.797964175 -0.007047106196 0)
(2.796826483 -0.007151375045 0)
(2.796178071 -0.002878627447 0)
(2.795190172 0.002781262462 0)
(2.795030774 0.002251068511 0)
(2.79701304 -0.001547004589 0)
(2.800311997 -0.005181410258 0)
(2.8027154 -0.004675802917 0)
(2.805083388 -0.002091317397 0)
(2.808550225 -0.0002067732894 0)
(2.812473168 1.327941815e-05 0)
(2.816256531 -0.001851361369 0)
(2.819418779 -0.004155637499 0)
(2.82162605 -0.004657362891 0)
(2.822951047 -0.002527655514 0)
(2.823914825 -0.0007794275106 0)
(2.824331297 -0.0009658305033 0)
(2.824828183 -0.002530109625 0)
(2.825347499 -0.00382412804 0)
(2.825638895 -0.00453941651 0)
(2.825873351 -0.004850349348 0)
(2.825488302 -0.005027397032 0)
(2.824663361 -0.004844269075 0)
(2.823357238 -0.003337668059 0)
(2.822330595 -0.001244348486 0)
(2.805642951 0.005409174286 0)
(2.804647963 -0.008852137955 0)
(2.80830524 -0.02115594454 0)
(2.810171594 -0.01160777108 0)
(2.809203576 -0.00925168589 0)
(2.809242681 -0.01444741637 0)
(2.810019266 -0.01669714107 0)
(2.808199424 -0.008981859945 0)
(2.804873883 -0.00475032638 0)
(2.803153578 -0.009155071268 0)
(2.802132631 -0.01378245406 0)
(2.800452994 -0.009361694514 0)
(2.797869632 -0.006035763039 0)
(2.795999676 -0.003902959129 0)
(2.795946587 -0.002933584994 0)
(2.795429421 0.0005757477334 0)
(2.795070806 0.002780780462 0)
(2.796440902 -7.051903531e-05 0)
(2.799544075 -0.004506086904 0)
(2.80242835 -0.006146435697 0)
(2.805197691 -0.004626944653 0)
(2.808891335 -0.003092255592 0)
(2.81297593 -0.00154539946 0)
(2.816324191 -0.001605212264 0)
(2.819496922 -0.00300059654 0)
(2.822222219 -0.003748391464 0)
(2.824019549 -0.002663744931 0)
(2.825164882 -0.001671166334 0)
(2.825635364 -0.0017826421 0)
(2.825980837 -0.002629814121 0)
(2.826313949 -0.003605823287 0)
(2.826526179 -0.00430670418 0)
(2.82654231 -0.00524682596 0)
(2.825935897 -0.006607461141 0)
(2.825120703 -0.008589396607 0)
(2.823955617 -0.009103962049 0)
(2.82314416 -0.008088166135 0)
(2.804151952 0.004249668091 0)
(2.799997762 -0.003907402911 0)
(2.8044248 -0.02003384992 0)
(2.808069174 -0.01634819718 0)
(2.807918115 -0.008103224662 0)
(2.807282187 -0.01122850502 0)
(2.808214137 -0.01788002792 0)
(2.80806921 -0.01580497556 0)
(2.80489517 -0.007189231588 0)
(2.802153175 -0.009841058795 0)
(2.801176363 -0.01394320255 0)
(2.799980788 -0.01205280594 0)
(2.79801383 -0.004062292878 0)
(2.796011157 -0.002045130468 0)
(2.795560117 -0.003104274935 0)
(2.795271071 -0.003552001881 0)
(2.795042828 0.00071368242 0)
(2.795819827 -0.0001309400661 0)
(2.798773397 -0.003484940555 0)
(2.801838686 -0.006020906692 0)
(2.804821598 -0.005829804499 0)
(2.808420025 -0.005548275401 0)
(2.812441144 -0.004416909517 0)
(2.815809755 -0.002728148609 0)
(2.818915455 -0.00193868682 0)
(2.821670563 -0.00174561784 0)
(2.823980169 -0.00150879668 0)
(2.825296811 -0.001887236477 0)
(2.825755651 -0.002214038461 0)
(2.826040015 -0.002618168237 0)
(2.826215713 -0.002812599123 0)
(2.826332729 -0.003131159826 0)
(2.825950768 -0.003835519133 0)
(2.825151977 -0.005772440517 0)
(2.824268342 -0.008842151937 0)
(2.823580329 -0.01152095721 0)
(2.823218092 -0.01208482299 0)
(2.803638684 -0.004876591429 0)
(2.798414006 -0.003356138138 0)
(2.799489843 -0.01550444656 0)
(2.805370463 -0.02071452295 0)
(2.806529163 -0.009043077392 0)
(2.805106231 -0.009051972826 0)
(2.805667285 -0.01755368473 0)
(2.80654895 -0.02083899314 0)
(2.804945661 -0.01327219466 0)
(2.801829228 -0.009508768487 0)
(2.800450766 -0.01281593286 0)
(2.799887133 -0.01245136473 0)
(2.798616801 -0.004485493694 0)
(2.79655835 -0.001523812078 0)
(2.795174268 -0.003591425836 0)
(2.795473136 -0.005736943778 0)
(2.795668816 -0.003422263891 0)
(2.796124796 -0.0004559637273 0)
(2.798059747 -0.002439470754 0)
(2.80184195 -0.004952900064 0)
(2.804560738 -0.006373384025 0)
(2.80763341 -0.007204038498 0)
(2.811453467 -0.007257524841 0)
(2.815117146 -0.004903952078 0)
(2.818532794 -0.001945516644 0)
(2.821454109 -0.0002319423085 0)
(2.823685419 -0.0007495442923 0)
(2.824952901 -0.001653787102 0)
(2.825421123 -0.002007070229 0)
(2.825667736 -0.001871291397 0)
(2.825791582 -0.001632861745 0)
(2.825758739 -0.001656494059 0)
(2.825178853 -0.002285787611 0)
(2.824289699 -0.004852392135 0)
(2.823302827 -0.008568569401 0)
(2.822601422 -0.01205455285 0)
(2.8219632 -0.01429273793 0)
(2.798117838 -0.005644547318 0)
(2.79654377 -0.01361089553 0)
(2.803056955 -0.02232906245 0)
(2.805562875 -0.01347606298 0)
(2.804118173 -0.008180051763 0)
(2.803538347 -0.01314326236 0)
(2.805049774 -0.02205733841 0)
(2.804736179 -0.01990426261 0)
(2.802186586 -0.009872066915 0)
(2.800084743 -0.01085615846 0)
(2.800452705 -0.01187522771 0)
(2.799304417 -0.008222732741 0)
(2.797227505 -0.001548003247 0)
(2.79583592 -0.002728944401 0)
(2.795752457 -0.007124659142 0)
(2.796268847 -0.008387648975 0)
(2.797228328 -0.00331350765 0)
(2.798642113 -0.001137547107 0)
(2.801761681 -0.002922706676 0)
(2.805004881 -0.004528428925 0)
(2.807991466 -0.005722264487 0)
(2.81147983 -0.006998741662 0)
(2.815156018 -0.006290847564 0)
(2.818699154 -0.002558984537 0)
(2.821520238 0.0005426279316 0)
(2.823317634 0.0004636112978 0)
(2.824542543 -0.001199985974 0)
(2.825192862 -0.002042635665 0)
(2.825383184 -0.00168546663 0)
(2.825451956 -0.0005655912854 0)
(2.825335301 -0.0003030391212 0)
(2.824774764 -0.001418715633 0)
(2.824051926 -0.003709895787 0)
(2.822889069 -0.007276386974 0)
(2.822132845 -0.01088464431 0)
(2.821532256 -0.01336070033 0)
(2.800898117 -0.01392132136 0)
(2.797145443 -0.01129757597 0)
(2.801926455 -0.01996269272 0)
(2.805403097 -0.01920326488 0)
(2.804803419 -0.008265859033 0)
(2.803218592 -0.009959030529 0)
(2.80410141 -0.01831972183 0)
(2.804787445 -0.02278134356 0)
(2.803385784 -0.01363868325 0)
(2.801378334 -0.009410926493 0)
(2.8010655 -0.01126919672 0)
(2.800605331 -0.01148434048 0)
(2.799115457 -0.004399679692 0)
(2.798022133 -0.003001267158 0)
(2.797523749 -0.006678394433 0)
(2.798223844 -0.009590675352 0)
(2.799098547 -0.007154925883 0)
(2.800643951 -0.001749019213 0)
(2.80320145 -0.001267319772 0)
(2.806672466 -0.002792344654 0)
(2.809669409 -0.004654045544 0)
(2.812630503 -0.006851903577 0)
(2.815935472 -0.007714976675 0)
(2.819503792 -0.004622691144 0)
(2.821838603 -0.001245968429 0)
(2.823455703 -0.0003377663679 0)
(2.824477527 -0.001327446902 0)
(2.825159044 -0.002074401639 0)
(2.82533592 -0.001889382581 0)
(2.825465496 -0.0005739660584 0)
(2.825247088 0.0004174669038 0)
(2.824535784 -0.0009326737272 0)
(2.823482548 -0.00300208849 0)
(2.822174006 -0.006226936667 0)
(2.821390768 -0.009476530713 0)
(2.821644055 -0.01109440313 0)
(2.805999251 -0.0276536376 0)
(2.800799728 -0.009341002543 0)
(2.802178024 -0.01519965824 0)
(2.807644906 -0.02124027942 0)
(2.807274441 -0.01211144886 0)
(2.804623461 -0.007800422009 0)
(2.803958009 -0.01279769107 0)
(2.80597236 -0.02052220932 0)
(2.80540542 -0.01753636802 0)
(2.803673366 -0.008849482091 0)
(2.802661807 -0.01038646594 0)
(2.803172838 -0.01336176515 0)
(2.802135988 -0.009811534705 0)
(2.800249182 -0.003889147554 0)
(2.79948231 -0.005629684927 0)
(2.800969472 -0.008673598708 0)
(2.801953518 -0.007899380616 0)
(2.803408676 -0.003279830562 0)
(2.805640216 -0.0003306459362 0)
(2.808432481 -0.001113120948 0)
(2.811523149 -0.002971483835 0)
(2.814603957 -0.004623268579 0)
(2.818440112 -0.005043880897 0)
(2.821530611 -0.004421238959 0)
(2.823084654 -0.003400039779 0)
(2.824389055 -0.00217704585 0)
(2.825007269 -0.002315165018 0)
(2.825522067 -0.002701310312 0)
(2.825654477 -0.002681934398 0)
(2.825766286 -0.001694661534 0)
(2.825561127 -0.000342436792 0)
(2.824655236 -0.0006838444583 0)
(2.823430489 -0.00184669689 0)
(2.821942657 -0.004446998501 0)
(2.821248428 -0.007048857522 0)
(2.821142169 -0.008507918516 0)
(2.812574171 -0.03154535374 0)
(2.808005989 -0.01117551226 0)
(2.805926274 -0.01060140968 0)
(2.809969858 -0.02067762486 0)
(2.81045401 -0.02015158839 0)
(2.807936299 -0.007024501255 0)
(2.806576464 -0.008537965658 0)
(2.80742351 -0.01612902211 0)
(2.808156448 -0.01978127288 0)
(2.806954062 -0.01151933019 0)
(2.80599145 -0.01007991086 0)
(2.805931416 -0.01419615368 0)
(2.8051627 -0.01537106351 0)
(2.803567605 -0.007471499322 0)
(2.802419379 -0.003286268977 0)
(2.803776789 -0.005066752881 0)
(2.806139707 -0.006429724207 0)
(2.806993923 -0.005350751568 0)
(2.808948363 -0.002921408669 0)
(2.811389074 -0.002540706901 0)
(2.81479262 -0.003579392753 0)
(2.818186792 -0.004217072947 0)
(2.821880759 -0.004773945621 0)
(2.823968364 -0.005983377269 0)
(2.825239676 -0.005983713978 0)
(2.826127048 -0.004693759777 0)
(2.826507097 -0.003847377058 0)
(2.826633118 -0.003334364174 0)
(2.826610493 -0.003162710262 0)
(2.826579783 -0.002687894832 0)
(2.826274884 -0.001921070214 0)
(2.825364363 -0.001485208242 0)
(2.824355103 -0.001240306741 0)
(2.822991845 -0.002420682969 0)
(2.822384245 -0.004439648525 0)
(2.82234776 -0.005724724043 0)
(2.817108679 -0.02824557256 0)
(2.816511299 -0.01607076918 0)
(2.813320137 -0.007346529563 0)
(2.813377493 -0.01530548442 0)
(2.815744107 -0.02362860941 0)
(2.81348787 -0.01226676139 0)
(2.81054703 -0.005675340238 0)
(2.810197942 -0.01203207695 0)
(2.811861179 -0.01940269382 0)
(2.811158425 -0.01556074841 0)
(2.809491091 -0.01070971034 0)
(2.809376291 -0.01350251408 0)
(2.809287966 -0.01722959404 0)
(2.808350198 -0.01364213241 0)
(2.807277741 -0.003472740994 0)
(2.807220332 -0.001231775676 0)
(2.810197044 -0.004854281961 0)
(2.81196892 -0.005801860961 0)
(2.813631552 -0.00528143059 0)
(2.816124916 -0.005078938509 0)
(2.819536457 -0.004924639337 0)
(2.822480515 -0.00306445035 0)
(2.824841846 -0.003290521426 0)
(2.827508244 -0.005274161955 0)
(2.828887848 -0.006608882063 0)
(2.829111043 -0.00632145817 0)
(2.829007149 -0.005368415506 0)
(2.828574841 -0.004186132463 0)
(2.828277538 -0.003735322422 0)
(2.82799983 -0.003204813446 0)
(2.827645455 -0.002870896401 0)
(2.826734138 -0.002460424462 0)
(2.825969382 -0.00221068852 0)
(2.824870945 -0.00186990459 0)
(2.823781655 -0.002244351011 0)
(2.82358132 -0.003198756227 0)
(2.821090926 -0.01776949124 0)
(2.823857424 -0.02394348781 0)
(2.820627192 -0.006696518585 0)
(2.819309124 -0.009978888264 0)
(2.82069977 -0.02408475884 0)
(2.819640584 -0.02306828344 0)
(2.816230163 -0.006721956717 0)
(2.815059179 -0.009137201202 0)
(2.815927682 -0.01821835786 0)
(2.81579884 -0.02001004205 0)
(2.814225075 -0.01252281046 0)
(2.813662982 -0.01267461535 0)
(2.81447894 -0.01637770092 0)
(2.813660359 -0.01593245567 0)
(2.812975661 -0.007211760794 0)
(2.812448557 -9.90551697e-05 0)
(2.814183897 -0.002432699718 0)
(2.816835337 -0.006559663513 0)
(2.81886387 -0.007672057812 0)
(2.821236817 -0.008536355581 0)
(2.824712743 -0.009049815592 0)
(2.827674967 -0.006424702915 0)
(2.829755619 -0.004194251635 0)
(2.831820532 -0.005565812561 0)
(2.8330409 -0.007751420559 0)
(2.832972451 -0.007585834043 0)
(2.83237948 -0.00586261311 0)
(2.831353315 -0.004343874477 0)
(2.830693927 -0.003711031617 0)
(2.830061183 -0.003599932881 0)
(2.829615513 -0.003690137835 0)
(2.828606126 -0.003244437376 0)
(2.828024518 -0.003012920039 0)
(2.826871686 -0.002327671062 0)
(2.825687838 -0.00176425565 0)
(2.825361834 -0.002578654786 0)
(2.831302445 -0.02754711803 0)
(2.828502714 -0.01080643823 0)
(2.825632002 -0.007218449532 0)
(2.825383488 -0.01762675636 0)
(2.82669332 -0.02676048563 0)
(2.82380452 -0.01608252774 0)
(2.820130213 -0.007727035015 0)
(2.820741851 -0.01583861387 0)
(2.821076577 -0.02260928259 0)
(2.820452275 -0.01716672009 0)
(2.818890525 -0.01148575502 0)
(2.81967302 -0.01355697533 0)
(2.820319912 -0.0150464164 0)
(2.819334873 -0.01165087231 0)
(2.818358599 -0.003113779626 0)
(2.819094612 -0.002124162584 0)
(2.821656113 -0.00573633899 0)
(2.824359539 -0.007680915533 0)
(2.826916437 -0.008409237034 0)
(2.830212701 -0.008715320229 0)
(2.833531145 -0.007583384487 0)
(2.835651982 -0.004907277946 0)
(2.836782717 -0.004720765005 0)
(2.837492191 -0.006785936189 0)
(2.837374348 -0.006969148666 0)
(2.836401736 -0.005270558549 0)
(2.83508419 -0.004465819807 0)
(2.833795434 -0.003706494535 0)
(2.832861253 -0.003410502677 0)
(2.832158957 -0.003315827573 0)
(2.831174922 -0.003039044926 0)
(2.830439864 -0.003272518048 0)
(2.829416682 -0.003683095984 0)
(2.828184784 -0.004105269951 0)
(2.827584404 -0.005307733825 0)
(2.837272313 -0.02681086174 0)
(2.837121824 -0.02260363214 0)
(2.831425098 -0.004770754419 0)
(2.829911021 -0.01069372764 0)
(2.831890105 -0.02587575651 0)
(2.830646096 -0.02608709111 0)
(2.826720899 -0.01081519328 0)
(2.82505239 -0.01362338729 0)
(2.826445134 -0.02227281345 0)
(2.826580963 -0.02199921652 0)
(2.825650077 -0.01226658663 0)
(2.825140914 -0.01034504452 0)
(2.826549225 -0.01316665018 0)
(2.825923245 -0.01397594859 0)
(2.825360368 -0.008491254982 0)
(2.824688392 -0.003576054694 0)
(2.826398333 -0.005664132416 0)
(2.829551185 -0.00794900583 0)
(2.832283376 -0.008693719853 0)
(2.835393927 -0.009382812605 0)
(2.838815417 -0.009570595359 0)
(2.840932991 -0.008087610835 0)
(2.841880993 -0.006751662297 0)
(2.842270266 -0.006511058095 0)
(2.842052561 -0.00568172224 0)
(2.840833767 -0.004543556013 0)
(2.839381529 -0.004313935965 0)
(2.837581579 -0.003791834558 0)
(2.836410322 -0.003304827462 0)
(2.835276688 -0.003156632628 0)
(2.834205359 -0.003782134986 0)
(2.833310139 -0.005316842841 0)
(2.832432191 -0.006867331773 0)
(2.831269454 -0.00769945307 0)
(2.830646149 -0.008530804521 0)
(2.831172209 -0.009529246082 0)
(2.84098001 -0.02338992438 0)
(2.84431911 -0.03138425555 0)
(2.83915106 -0.008905636096 0)
(2.834674099 -0.005378284828 0)
(2.83510477 -0.01623634537 0)
(2.837544032 -0.02569486172 0)
(2.834478266 -0.01748992109 0)
(2.83051297 -0.01177134979 0)
(2.831350003 -0.01944281431 0)
(2.832345241 -0.02438307869 0)
(2.832373076 -0.01648551749 0)
(2.831138587 -0.007999414548 0)
(2.831579291 -0.0101367126 0)
(2.83234234 -0.01387017739 0)
(2.832068557 -0.01294817247 0)
(2.831495806 -0.007241517765 0)
(2.831960543 -0.00505466074 0)
(2.834317359 -0.005882191748 0)
(2.837011823 -0.005488861369 0)
(2.839886761 -0.005674622841 0)
(2.843307993 -0.00777898095 0)
(2.845754702 -0.009327971133 0)
(2.846617235 -0.00786580791 0)
(2.846939743 -0.005795565117 0)
(2.846744149 -0.004477855704 0)
(2.84528565 -0.004554602729 0)
(2.843904492 -0.004808928523 0)
(2.841926813 -0.004411354914 0)
(2.840402606 -0.003002980325 0)
(2.839019198 -0.003119274942 0)
(2.837612728 -0.004483780654 0)
(2.836555607 -0.00777387705 0)
(2.835828566 -0.01082808508 0)
(2.834965778 -0.0111106584 0)
(2.834649464 -0.01055894808 0)
(2.834957254 -0.01036245838 0)
(2.844942198 -0.01661163441 0)
(2.84871726 -0.03498480359 0)
(2.847514228 -0.02233515198 0)
(2.839838587 -0.001742812159 0)
(2.838546953 -0.005596252865 0)
(2.841276654 -0.02241606776 0)
(2.840587162 -0.0234094958 0)
(2.837548976 -0.01303241316 0)
(2.836722638 -0.01566814584 0)
(2.838429394 -0.02269651244 0)
(2.838449592 -0.02141147173 0)
(2.837450867 -0.009917884085 0)
(2.836560353 -0.007994115009 0)
(2.837624406 -0.01293441543 0)
(2.837626345 -0.01551945684 0)
(2.837595581 -0.01144608732 0)
(2.838010563 -0.007158767324 0)
(2.839423718 -0.005351781336 0)
(2.841898618 -0.003908800823 0)
(2.844285098 -0.004551062844 0)
(2.846947469 -0.007523876667 0)
(2.849591205 -0.01060796034 0)
(2.850687321 -0.01005706214 0)
(2.851353889 -0.006745053132 0)
(2.851231925 -0.004804110144 0)
(2.849618662 -0.005674357218 0)
(2.848400793 -0.005915224839 0)
(2.84657473 -0.005470868356 0)
(2.844622494 -0.003946683401 0)
(2.8431137 -0.004456294313 0)
(2.841309006 -0.006479892612 0)
(2.839974484 -0.01060831186 0)
(2.839610462 -0.01299985679 0)
(2.838999765 -0.01315341647 0)
(2.83860565 -0.01293095994 0)
(2.838775146 -0.01233799707 0)
(2.850606986 -0.009195202049 0)
(2.850075694 -0.03135052587 0)
(2.853141267 -0.03075957023 0)
(2.84703573 -0.006847018296 0)
(2.842435751 -0.0007642499215 0)
(2.843170101 -0.01236836214 0)
(2.845805362 -0.02329328905 0)
(2.84394581 -0.0146404768 0)
(2.84235147 -0.01303205391 0)
(2.843933954 -0.01896755661 0)
(2.84484238 -0.02312680384 0)
(2.843937319 -0.01634543786 0)
(2.841748761 -0.007831562875 0)
(2.841471542 -0.01073176184 0)
(2.842571683 -0.01487868424 0)
(2.842758648 -0.01325712191 0)
(2.84280139 -0.00745701611 0)
(2.843983202 -0.003958983937 0)
(2.845914803 -0.001970236968 0)
(2.847753674 -0.002855271081 0)
(2.849922639 -0.00654163391 0)
(2.852613766 -0.0105294889 0)
(2.854318768 -0.01102006485 0)
(2.855067378 -0.008256973135 0)
(2.855064056 -0.006610941192 0)
(2.853832552 -0.007201665622 0)
(2.852574817 -0.007256874478 0)
(2.851164563 -0.006646815438 0)
(2.848989597 -0.005282497237 0)
(2.847399562 -0.005669816066 0)
(2.84539231 -0.00761363234 0)
(2.843902511 -0.01136165935 0)
(2.843410511 -0.0143124999 0)
(2.842902856 -0.01453417537 0)
(2.842518596 -0.01364421681 0)
(2.842666427 -0.0119508295 0)
(2.85740626 -0.0054300515 0)
(2.85070554 -0.02008911077 0)
(2.85514735 -0.03584854154 0)
(2.853008054 -0.02138108598 0)
(2.84644054 0.001520909584 0)
(2.845643453 -0.004811778105 0)
(2.848978849 -0.02134489008 0)
(2.849062123 -0.01954915777 0)
(2.84703889 -0.01147792925 0)
(2.847649687 -0.01530830523 0)
(2.849809672 -0.02221561964 0)
(2.849539799 -0.02231186017 0)
(2.847889165 -0.01208731708 0)
(2.846467165 -0.009584424478 0)
(2.846868189 -0.01281067077 0)
(2.847436104 -0.01290552693 0)
(2.847286666 -0.007875050236 0)
(2.848161082 -0.005004310539 0)
(2.849390218 -0.004697690002 0)
(2.850813143 -0.005523200753 0)
(2.852638297 -0.007315506271 0)
(2.854912029 -0.01098070266 0)
(2.856834037 -0.0125412398 0)
(2.85794772 -0.01055956674 0)
(2.858082606 -0.008956421449 0)
(2.857481681 -0.008802330667 0)
(2.856266793 -0.008470802237 0)
(2.855334905 -0.007680851721 0)
(2.853144371 -0.006956952375 0)
(2.851526852 -0.007223428808 0)
(2.849497864 -0.009194528702 0)
(2.847875301 -0.01201959027 0)
(2.847439547 -0.01390906259 0)
(2.846735363 -0.01415660865 0)
(2.846332216 -0.01391568571 0)
(2.846683237 -0.01206855805 0)
(2.864163204 -0.00535536247 0)
(2.853303348 -0.005134985777 0)
(2.854952119 -0.03158805316 0)
(2.857225554 -0.03132916006 0)
(2.852090289 -0.004643853747 0)
(2.848473512 -0.00202804738 0)
(2.850752339 -0.01576435725 0)
(2.853128638 -0.02341182352 0)
(2.851742006 -0.01300882938 0)
(2.850440064 -0.01284511173 0)
(2.852819563 -0.01915081734 0)
(2.854447998 -0.02463842653 0)
(2.853478057 -0.01955058398 0)
(2.851513076 -0.009505603015 0)
(2.850689232 -0.009837259458 0)
(2.851390602 -0.01033859217 0)
(2.851720983 -0.007484964434 0)
(2.852282034 -0.005613515749 0)
(2.853055029 -0.006754522597 0)
(2.854373024 -0.008224251853 0)
(2.855733954 -0.008619282374 0)
(2.856976839 -0.01022960146 0)
(2.858813231 -0.01194350197 0)
(2.860221318 -0.01146424566 0)
(2.860428953 -0.01061152109 0)
(2.860234533 -0.009948076365 0)
(2.85937254 -0.008812150918 0)
(2.858810284 -0.007712007559 0)
(2.857013176 -0.006567908662 0)
(2.855357427 -0.006923969199 0)
(2.853572925 -0.008670656208 0)
(2.851813174 -0.01119115496 0)
(2.851284564 -0.01363900096 0)
(2.850497133 -0.01359052238 0)
(2.850099917 -0.01215872798 0)
(2.850505038 -0.008877289326 0)
(2.856499394 0.0007543132913 0)
(2.853458965 -0.01950736943 0)
(2.85842588 -0.03741425246 0)
(2.857236964 -0.02268895593 0)
(2.85166997 -0.001161518727 0)
(2.85188533 -0.0103594555 0)
(2.856371161 -0.02364295788 0)
(2.856187066 -0.01907680407 0)
(2.854018297 -0.01196219522 0)
(2.855487613 -0.01640051476 0)
(2.857646183 -0.02408834351 0)
(2.857073826 -0.02460255283 0)
(2.855943524 -0.0136915201 0)
(2.854591032 -0.008003463082 0)
(2.854594014 -0.008660349518 0)
(2.855358364 -0.008234680367 0)
(2.855418736 -0.008504280837 0)
(2.855662499 -0.01034223169 0)
(2.857147309 -0.01275798537 0)
(2.858459398 -0.01246333764 0)
(2.859476543 -0.01139612843 0)
(2.860645935 -0.01144412947 0)
(2.861869899 -0.01167244549 0)
(2.862205345 -0.01133577437 0)
(2.862135114 -0.01041934318 0)
(2.861802328 -0.008730041107 0)
(2.861493532 -0.007255910252 0)
(2.860199306 -0.005933466096 0)
(2.858794574 -0.006699369788 0)
(2.857227205 -0.008745042858 0)
(2.855455606 -0.01089469975 0)
(2.854687755 -0.01219177757 0)
(2.854094351 -0.01195321034 0)
(2.854084253 -0.01029198132 0)
(2.854591456 -0.007141089896 0)
(2.863212614 0.002878937012 0)
(2.855241345 -0.0009528522263 0)
(2.858548861 -0.03300163344 0)
(2.861539113 -0.03256350604 0)
(2.856766952 -0.007949692356 0)
(2.854173824 -0.006584966706 0)
(2.857779743 -0.01973098082 0)
(2.859885144 -0.02520928007 0)
(2.858231004 -0.0141479356 0)
(2.85746014 -0.0146607363 0)
(2.859758141 -0.0201686538 0)
(2.860370627 -0.0249013926 0)
(2.859388562 -0.01981499998 0)
(2.857739665 -0.007855964763 0)
(2.857269842 -0.007469684483 0)
(2.858181433 -0.008971187614 0)
(2.858632353 -0.009579030982 0)
(2.858893935 -0.01134249212 0)
(2.859930062 -0.01447143363 0)
(2.861079342 -0.01438621015 0)
(2.8617743 -0.0113102539 0)
(2.862271895 -0.009381902587 0)
(2.86309628 -0.01014329389 0)
(2.863534385 -0.01059163305 0)
(2.863471359 -0.009740910381 0)
(2.863508259 -0.007919630535 0)
(2.863360749 -0.005751845743 0)
(2.862554751 -0.003614351699 0)
(2.861620161 -0.005153103061 0)
(2.86016663 -0.007193327231 0)
(2.858534838 -0.009866103202 0)
(2.857997934 -0.01144852794 0)
(2.857755429 -0.01062800749 0)
(2.857771766 -0.007562330729 0)
(2.858115379 -0.00527966207 0)
(2.870948207 -0.01527189337 0)
(2.858605363 0.005594788177 0)
(2.857679491 -0.01743288379 0)
(2.863184211 -0.03748602335 0)
(2.861784312 -0.02306236068 0)
(2.85707203 -0.004090582181 0)
(2.858979694 -0.01274589474 0)
(2.862934526 -0.0270200798 0)
(2.862513868 -0.02228741366 0)
(2.859964634 -0.01285634085 0)
(2.860685867 -0.01710668175 0)
(2.863479746 -0.02255796068 0)
(2.862098562 -0.0223279698 0)
(2.861010296 -0.01310019589 0)
(2.860307744 -0.008249929625 0)
(2.86056083 -0.01010854303 0)
(2.861241697 -0.01162784004 0)
(2.86178863 -0.01309510998 0)
(2.862665045 -0.01532479844 0)
(2.863695674 -0.01478706893 0)
(2.864002093 -0.0103084313 0)
(2.86410748 -0.007567661799 0)
(2.864286515 -0.008022185353 0)
(2.864621885 -0.009647656761 0)
(2.864588132 -0.009262186381 0)
(2.86478721 -0.0079830856 0)
(2.864885036 -0.005130567243 0)
(2.864449423 -0.003140720682 0)
(2.863640232 -0.005277458631 0)
(2.862475302 -0.006890378617 0)
(2.861147193 -0.008973407412 0)
(2.860785568 -0.009586882671 0)
(2.860987788 -0.008314864106 0)
(2.861177312 -0.006656016578 0)
(2.86093263 -0.006886404251 0)
(2.882148683 -0.03781715458 0)
(2.864254663 0.006399801017 0)
(2.859544472 0.0006903763389 0)
(2.863582438 -0.03027774125 0)
(2.866234651 -0.02862131709 0)
(2.861797715 -0.005483443285 0)
(2.860568402 -0.008597160721 0)
(2.86448596 -0.02393544418 0)
(2.866088161 -0.02969934802 0)
(2.864256081 -0.01713271865 0)
(2.862648158 -0.01317097889 0)
(2.864491742 -0.01714873457 0)
(2.865739314 -0.0203221173 0)
(2.864636819 -0.01746195297 0)
(2.863605894 -0.01146138008 0)
(2.863437901 -0.01128302986 0)
(2.864057261 -0.01145464287 0)
(2.864601475 -0.01140753697 0)
(2.865494528 -0.01188042874 0)
(2.866817644 -0.01130396013 0)
(2.866577965 -0.00934640812 0)
(2.866188075 -0.007973289771 0)
(2.865824972 -0.008250455672 0)
(2.865658505 -0.009813222882 0)
(2.865693341 -0.00963238373 0)
(2.86591591 -0.008711547275 0)
(2.866226289 -0.006232131158 0)
(2.866119338 -0.004194900819 0)
(2.865228729 -0.005108634596 0)
(2.864156111 -0.005819326016 0)
(2.863142226 -0.007672261533 0)
(2.863378327 -0.008288918287 0)
(2.863851792 -0.007075527635 0)
(2.863963414 -0.006757605541 0)
(2.863789632 -0.007639838706 0)
(2.888779549 -0.05734969069 0)
(2.872945582 -0.01702167046 0)
(2.862934305 0.00731109517 0)
(2.862994681 -0.009573376312 0)
(2.867973598 -0.03108827296 0)
(2.866689553 -0.01539070182 0)
(2.862890183 -0.005316679358 0)
(2.865319339 -0.01585210209 0)
(2.869112619 -0.03114852846 0)
(2.868721024 -0.02679933764 0)
(2.866541544 -0.01216147857 0)
(2.865897772 -0.01287516613 0)
(2.868397755 -0.01767001645 0)
(2.867569563 -0.02021952931 0)
(2.867071806 -0.01585980277 0)
(2.8666826 -0.01381013733 0)
(2.867275342 -0.01308946394 0)
(2.868016986 -0.01058433069 0)
(2.869157332 -0.007838855844 0)
(2.869854854 -0.008307850464 0)
(2.869405731 -0.01004882865 0)
(2.868590323 -0.01006858044 0)
(2.867614737 -0.01002756344 0)
(2.866860237 -0.01116794389 0)
(2.866690348 -0.01131186559 0)
(2.866892798 -0.01063276985 0)
(2.867269389 -0.008784604817 0)
(2.867549627 -0.007210770691 0)
(2.866868812 -0.007496475839 0)
(2.86605773 -0.007613710455 0)
(2.865164167 -0.007490406002 0)
(2.865444256 -0.006688828711 0)
(2.866104508 -0.006438642958 0)
(2.866065648 -0.008039605468 0)
(2.865922204 -0.009771846737 0)
(2.900680232 -0.07291789306 0)
(2.884419452 -0.03820108473 0)
(2.868406344 0.007880340901 0)
(2.864601039 0.008892001946 0)
(2.868180353 -0.02598708521 0)
(2.870865257 -0.02592980087 0)
(2.867339359 -0.00459649704 0)
(2.866374863 -0.01009360214 0)
(2.870355682 -0.02664518026 0)
(2.872503549 -0.03172832429 0)
(2.871184151 -0.01941260021 0)
(2.869270457 -0.01043259384 0)
(2.87013964 -0.01489705585 0)
(2.871467946 -0.01867156776 0)
(2.870763456 -0.01711108224 0)
(2.870249534 -0.01466293652 0)
(2.870664939 -0.01302556859 0)
(2.87133966 -0.008743878899 0)
(2.872331129 -0.005305452125 0)
(2.872302139 -0.007517540044 0)
(2.871943874 -0.01132328786 0)
(2.870944314 -0.01280366331 0)
(2.869775224 -0.0124521592 0)
(2.868580135 -0.01262230414 0)
(2.868059579 -0.01263155926 0)
(2.868237896 -0.01216158032 0)
(2.868639753 -0.01101742802 0)
(2.868847776 -0.01057695318 0)
(2.868553099 -0.01090509605 0)
(2.867911047 -0.01070124107 0)
(2.867185779 -0.009058886239 0)
(2.867471211 -0.007167282148 0)
(2.867938797 -0.007252347391 0)
(2.868085685 -0.008448358203 0)
(2.867998422 -0.009641135548 0)
(2.9339558 -0.1121179737 0)
(2.893053761 -0.05193300808 0)
(2.875680229 -0.01729362829 0)
(2.866583174 0.01334101927 0)
(2.867052374 -0.01503388691 0)
(2.874590382 -0.02909635989 0)
(2.873324667 -0.01254300768 0)
(2.869293804 -0.005253996932 0)
(2.871069654 -0.01575650443 0)
(2.87504766 -0.03141387415 0)
(2.874964595 -0.0287625721 0)
(2.873335233 -0.01300262692 0)
(2.872653432 -0.01275223336 0)
(2.874626743 -0.01745195784 0)
(2.874139597 -0.01883225812 0)
(2.873640517 -0.01639430465 0)
(2.873899516 -0.0144175163 0)
(2.874490281 -0.01043241281 0)
(2.874392519 -0.008382320982 0)
(2.874280052 -0.008776807254 0)
(2.874023786 -0.01272906504 0)
(2.873131951 -0.01538257414 0)
(2.871976778 -0.01514978699 0)
(2.870712399 -0.01415933132 0)
(2.869934734 -0.01334676145 0)
(2.870039651 -0.01288243783 0)
(2.870273989 -0.01264630445 0)
(2.870220625 -0.01303659469 0)
(2.869978519 -0.01431532831 0)
(2.869537646 -0.01425609437 0)
(2.869178884 -0.01156263816 0)
(2.869449923 -0.009251274249 0)
(2.869786103 -0.008523062041 0)
(2.869908357 -0.00949199818 0)
(2.869978913 -0.01032575167 0)
(2.904960352 -0.07232781049 0)
(2.887006507 -0.03736264736 0)
(2.87226792 0.009452478395 0)
(2.868217875 0.001310963252 0)
(2.876079862 -0.02837098606 0)
(2.878161529 -0.02507950832 0)
(2.874420113 -0.004042964491 0)
(2.872931541 -0.008349240479 0)
(2.875833961 -0.02485154131 0)
(2.878562339 -0.03080038371 0)
(2.877520196 -0.02145385652 0)
(2.875692823 -0.01215767591 0)
(2.876275491 -0.01611366298 0)
(2.877482401 -0.01831364977 0)
(2.877061107 -0.01555244753 0)
(2.877096556 -0.01356091704 0)
(2.877662001 -0.0123428128 0)
(2.877361296 -0.01138785987 0)
(2.876426922 -0.01133368331 0)
(2.875904452 -0.0140799116 0)
(2.875622528 -0.01694803537 0)
(2.874548094 -0.01603447452 0)
(2.873399169 -0.01393966222 0)
(2.872514265 -0.01267245156 0)
(2.872423458 -0.0121078581 0)
(2.872488673 -0.01182018682 0)
(2.872260155 -0.01201273654 0)
(2.872049316 -0.01336289648 0)
(2.871578552 -0.01359114967 0)
(2.8714202 -0.01245648948 0)
(2.871552229 -0.01150096835 0)
(2.871728662 -0.01058642877 0)
(2.871822281 -0.009828139219 0)
(2.871833899 -0.008596759546 0)
(2.931971366 -0.1088530741 0)
(2.896934225 -0.05084311665 0)
(2.881636972 -0.02030562436 0)
(2.871040158 0.004661286275 0)
(2.875445713 -0.02277200123 0)
(2.882370822 -0.02940160825 0)
(2.880623546 -0.01207341457 0)
(2.876599386 -0.004288489125 0)
(2.87676997 -0.01264708795 0)
(2.880428619 -0.03065292625 0)
(2.880947649 -0.0301691096 0)
(2.879352304 -0.01642078869 0)
(2.878902338 -0.01522265342 0)
(2.880263852 -0.01806026866 0)
(2.880179602 -0.01633771537 0)
(2.879760217 -0.01529013647 0)
(2.8795876 -0.01606720358 0)
(2.879514932 -0.01594965518 0)
(2.878905816 -0.01479627742 0)
(2.878238283 -0.01489705512 0)
(2.878050794 -0.01582550787 0)
(2.87774407 -0.01502496777 0)
(2.876624598 -0.01281632456 0)
(2.875948444 -0.01155147746 0)
(2.875488726 -0.01052649672 0)
(2.875525158 -0.01031026021 0)
(2.875244938 -0.01049538773 0)
(2.874998153 -0.01195493638 0)
(2.874536753 -0.01253587524 0)
(2.874076397 -0.012660671 0)
(2.874036121 -0.01241855993 0)
(2.874113575 -0.01109877474 0)
(2.874108644 -0.00984997712 0)
(2.874296646 -0.007405973639 0)
(2.874725671 -0.005081079001 0)
(2.957147324 -0.1102373078 0)
(2.914016749 -0.07656353455 0)
(2.892871549 -0.04322139249 0)
(2.878025228 0.006171038958 0)
(2.875471911 -0.007990340581 0)
(2.884065406 -0.03067042174 0)
(2.884904525 -0.02603214459 0)
(2.8809983 -0.005457965198 0)
(2.879440851 -0.008024548714 0)
(2.881133267 -0.02266886794 0)
(2.884393672 -0.03036925258 0)
(2.883497331 -0.02330054403 0)
(2.882009467 -0.01521098317 0)
(2.882489148 -0.01710688648 0)
(2.883061463 -0.01581205027 0)
(2.882651858 -0.01492484276 0)
(2.882337191 -0.01637939879 0)
(2.882052965 -0.01810707463 0)
(2.881541393 -0.01740907023 0)
(2.881104487 -0.01562592446 0)
(2.880644758 -0.01335073431 0)
(2.881020144 -0.01121675839 0)
(2.880131358 -0.01085784444 0)
(2.879454467 -0.01028238609 0)
(2.879027078 -0.009252834042 0)
(2.87911519 -0.008224584002 0)
(2.878948119 -0.007851349287 0)
(2.87885917 -0.008585182997 0)
(2.878412843 -0.009989214524 0)
(2.877497016 -0.01120094048 0)
(2.877071611 -0.01176345453 0)
(2.87693881 -0.010803396 0)
(2.876877741 -0.009049315574 0)
(2.877049414 -0.006146875496 0)
(2.877329977 -0.005503405463 0)
(3.099894894 -0.6086039577 0)
(2.945713708 -0.1141552549 0)
(2.902798882 -0.05440864147 0)
(2.887052546 -0.009483418283 0)
(2.875810331 -0.0001215403817 0)
(2.882665869 -0.02790087388 0)
(2.88826741 -0.03213473997 0)
(2.885810039 -0.01553378766 0)
(2.882547473 -0.006528359681 0)
(2.882613445 -0.01199270117 0)
(2.88590528 -0.02966814508 0)
(2.886706212 -0.0296358058 0)
(2.885220461 -0.01835565573 0)
(2.88504033 -0.01720195414 0)
(2.885597476 -0.01703734408 0)
(2.884886497 -0.01634021625 0)
(2.884227545 -0.0174894037 0)
(2.884151007 -0.02014211758 0)
(2.883773319 -0.01901100712 0)
(2.883333372 -0.01358827628 0)
(2.883408235 -0.009163677033 0)
(2.883540702 -0.009439403991 0)
(2.88331934 -0.011172149 0)
(2.882673981 -0.01151838382 0)
(2.88253769 -0.009927773849 0)
(2.882846662 -0.008199201893 0)
(2.882963205 -0.007593588765 0)
(2.882933491 -0.007825340614 0)
(2.882298299 -0.009443788037 0)
(2.881059682 -0.01110955558 0)
(2.88039138 -0.01127245235 0)
(2.880042665 -0.0101268812 0)
(2.879908306 -0.008128791286 0)
(2.879757634 -0.006812477439 0)
(2.879692544 -0.007270478387 0)
(3.105259387 -1.026406796 0)
(2.970545502 -0.1396771174 0)
(2.917015884 -0.0801704365 0)
(2.896712457 -0.03744829398 0)
(2.881396637 0.008145444817 0)
(2.880748064 -0.01310581555 0)
(2.889257622 -0.03583037754 0)
(2.889514422 -0.03043927923 0)
(2.885409918 -0.010229435 0)
(2.884567234 -0.01075483663 0)
(2.886501662 -0.02161584549 0)
(2.88995395 -0.0286734004 0)
(2.889028991 -0.02171079551 0)
(2.887922957 -0.01747139022 0)
(2.887998288 -0.01757449567 0)
(2.887255219 -0.01630129628 0)
(2.886160004 -0.01642763604 0)
(2.885792918 -0.01747639818 0)
(2.886181471 -0.0162957345 0)
(2.885756944 -0.01181784963 0)
(2.88596606 -0.008682537736 0)
(2.885565149 -0.009980372389 0)
(2.885530421 -0.01307880598 0)
(2.885495617 -0.01383317962 0)
(2.885950391 -0.0121195203 0)
(2.886675561 -0.008639487959 0)
(2.886788904 -0.006800759626 0)
(2.885826806 -0.006830050547 0)
(2.884784018 -0.008629446445 0)
(2.884257986 -0.01057560135 0)
(2.883724505 -0.01083473588 0)
(2.883229506 -0.00974242486 0)
(2.882962837 -0.007697724357 0)
(2.882600353 -0.007188094721 0)
(2.882370288 -0.007810237895 0)
(3.105120094 -1.0706413 0)
(3.119920397 -0.6777371763 0)
(2.936418668 -0.09977283035 0)
(2.903420283 -0.05511052574 0)
(2.887363873 -0.00781797477 0)
(2.879835772 -0.003038207648 0)
(2.887629642 -0.03217582204 0)
(2.892150107 -0.03865304982 0)
(2.889880498 -0.02313352933 0)
(2.886832468 -0.009850782732 0)
(2.887590244 -0.01333111981 0)
(2.891308441 -0.02662161057 0)
(2.891775141 -0.02541556024 0)
(2.890572195 -0.01897863273 0)
(2.890321824 -0.01917584688 0)
(2.889633695 -0.01820869305 0)
(2.88879138 -0.01653423648 0)
(2.888235205 -0.01505480818 0)
(2.888210158 -0.01344822271 0)
(2.888093914 -0.01229391951 0)
(2.887280571 -0.01157228492 0)
(2.886875298 -0.01192074121 0)
(2.886807537 -0.01465889817 0)
(2.88781884 -0.01634330656 0)
(2.888826285 -0.01515134561 0)
(2.889888118 -0.01181186672 0)
(2.890359719 -0.009199130106 0)
(2.889157251 -0.008071544999 0)
(2.888001649 -0.008913342347 0)
(2.887745789 -0.01051334873 0)
(2.887090315 -0.01064911251 0)
(2.886369789 -0.00883175615 0)
(2.885980857 -0.007619285232 0)
(2.885317653 -0.008343814583 0)
(2.884985116 -0.009031256796 0)
(3.104611778 -1.066462721 0)
(3.106722264 -1.032331996 0)
(2.955830821 -0.1517421453 0)
(2.915938887 -0.0911174408 0)
(2.89456266 -0.0378503409 0)
(2.884891351 0.005351855805 0)
(2.885967203 -0.01423328991 0)
(2.893732951 -0.03885589389 0)
(2.893980633 -0.03528850842 0)
(2.890191741 -0.0137743401 0)
(2.889316632 -0.01100101332 0)
(2.891598985 -0.01995248098 0)
(2.894389581 -0.02432007248 0)
(2.89327236 -0.0200108222 0)
(2.892513832 -0.01991827484 0)
(2.891919695 -0.01925550447 0)
(2.891024884 -0.0155338933 0)
(2.890378776 -0.01272211811 0)
(2.889979424 -0.01265463761 0)
(2.88977249 -0.01448077481 0)
(2.889373071 -0.01426405783 0)
(2.888696785 -0.01452779676 0)
(2.88895315 -0.01679966186 0)
(2.890185246 -0.01781718475 0)
(2.891424432 -0.01574310146 0)
(2.892498298 -0.01259014353 0)
(2.892574284 -0.01046095256 0)
(2.892120956 -0.008976400742 0)
(2.891573698 -0.008976741385 0)
(2.890994529 -0.01013421016 0)
(2.890116109 -0.009896255412 0)
(2.889394828 -0.008251380815 0)
(2.888768206 -0.007643707988 0)
(2.887911076 -0.008521248688 0)
(2.88738087 -0.008844231687 0)
(3.105982674 -1.059736739 0)
(3.106354765 -1.055720625 0)
(3.146665107 -0.7099629082 0)
(2.946124991 -0.1414862483 0)
(2.902367327 -0.05877903358 0)
(2.890072756 -0.0105203662 0)
(2.886513687 -0.002773069506 0)
(2.891961367 -0.03063131146 0)
(2.895734567 -0.04194193624 0)
(2.894420941 -0.02875489208 0)
(2.891758156 -0.009735439222 0)
(2.892540421 -0.01438495601 0)
(2.89575695 -0.02337450071 0)
(2.89544363 -0.02131543653 0)
(2.894448923 -0.02078195242 0)
(2.893828551 -0.02051227422 0)
(2.893221083 -0.01755070233 0)
(2.892520812 -0.01331023224 0)
(2.892108573 -0.01291725985 0)
(2.891450497 -0.01556152699 0)
(2.891511403 -0.01689283528 0)
(2.891190149 -0.01733160404 0)
(2.891377606 -0.01802529482 0)
(2.892123312 -0.01694562917 0)
(2.893469376 -0.01307452477 0)
(2.894571985 -0.01105081248 0)
(2.894484489 -0.01155940407 0)
(2.894337103 -0.01105514004 0)
(2.894095753 -0.01035886502 0)
(2.893451157 -0.009967249968 0)
(2.892596726 -0.008281960391 0)
(2.891922329 -0.006489697578 0)
(2.891146758 -0.006942853319 0)
(2.890262518 -0.008443629463 0)
(2.889580373 -0.008036659192 0)
(3.107254229 -1.049092922 0)
(3.109018777 -1.022329935 0)
(2.977443025 -0.1648368166 0)
(2.917108361 -0.09344716078 0)
(2.896991412 -0.04105254586 0)
(2.890096658 0.002385850663 0)
(2.890770222 -0.00909954373 0)
)
;

boundaryField
{
    inlet
    {
        type            fixedValue;
        value           nonuniform 0();
    }
    outlet
    {
        type            inletOutlet;
        inletValue      nonuniform 0();
        value           nonuniform 0();
    }
    bottom
    {
        type            slip;
    }
    top
    {
        type            slip;
    }
    obstacle
    {
        type            slip;
    }
    defaultFaces
    {
        type            empty;
    }
    procBoundary22to15
    {
        type            processor;
        value           uniform (2.947967453 -0.004118931316 0);
    }
    procBoundary22to16
    {
        type            processor;
        value           nonuniform List<vector> 
40
(
(2.928206843 0.005703260508 0)
(2.926399238 0.003769317436 0)
(2.924418639 0.002076770618 0)
(2.922541761 5.758481583e-05 0)
(2.920327495 -0.00229834679 0)
(2.918477373 -0.004434606662 0)
(2.91745286 -0.00606898178 0)
(2.917198945 -0.006354111026 0)
(2.916440014 -0.004967598683 0)
(2.915650463 -0.003644794031 0)
(2.914603274 -0.002196718393 0)
(2.914089859 -0.001440266268 0)
(2.914149025 -0.001548625596 0)
(2.914303703 -0.001524955691 0)
(2.913177786 -0.001626478949 0)
(2.943566699 -0.001268328268 0)
(2.944592095 0.003596443288 0)
(2.944179347 0.005696904634 0)
(2.942249057 0.002454709061 0)
(2.941347565 0.0007964093071 0)
(2.940297089 0.0009574073504 0)
(2.940313595 9.858431426e-05 0)
(2.940748599 -0.001716073962 0)
(2.940564609 -0.0005036053603 0)
(2.939354498 0.0009047192793 0)
(2.938108062 0.0005685540781 0)
(2.936601927 -0.00199431527 0)
(2.93514215 -0.003477371096 0)
(2.933409755 -0.001833560898 0)
(2.932413959 4.797145703e-05 0)
(2.931875936 -0.0005401044035 0)
(2.932117193 -0.002660029385 0)
(2.932633742 -0.002974415843 0)
(2.932209678 -0.001467278424 0)
(2.93149482 -0.0003214676629 0)
(2.931023241 0.0009870121203 0)
(2.930942419 0.003557794545 0)
(2.931279614 0.005545279921 0)
(2.931631638 0.005179877015 0)
(2.931631638 0.005179877015 0)
)
;
    }
    procBoundary22to17
    {
        type            processor;
        value           uniform (2.918064855 0.0001776635709 0);
    }
    procBoundary22to21
    {
        type            processor;
        value           nonuniform List<vector> 
69
(
(2.953454177 0.0003630536155 0)
(2.956169118 0.006352783391 0)
(2.953356584 0.01033085516 0)
(2.945079793 0.01185266564 0)
(2.930267357 0.00641186504 0)
(2.9055667 -0.0004197360183 0)
(2.9055667 -0.0004197360183 0)
(2.876337508 -0.003439944481 0)
(2.839145554 -0.005229583005 0)
(2.806227724 -0.003640234763 0)
(2.781840436 0.001266473887 0)
(2.758433813 0.005772592689 0)
(2.735272747 0.002258802961 0)
(2.735272747 0.002258802961 0)
(2.718159209 0.001043883315 0)
(2.709301757 -0.004207974794 0)
(2.707819708 -0.01006711557 0)
(2.71196671 -0.01241615125 0)
(2.721396489 -0.008937970672 0)
(2.733886852 -0.005147565661 0)
(2.744196375 -0.001733269817 0)
(2.744196375 -0.001733269817 0)
(2.757304386 0.002343278664 0)
(2.772050186 -0.001799242701 0)
(2.786020608 -0.01025668673 0)
(2.797725574 -0.01476784494 0)
(2.804860707 -0.01658475004 0)
(2.807470171 -0.02368792976 0)
(2.807470171 -0.02368792976 0)
(2.808616143 -0.01772979456 0)
(2.808888354 -0.005495430097 0)
(2.809557124 0.002000068429 0)
(2.809965343 0.003532277705 0)
(2.810448083 -0.006547587915 0)
(2.811548466 -0.02382100115 0)
(2.805280329 -0.02446923543 0)
(2.805280329 -0.02446923543 0)
(2.807760318 -0.03261269871 0)
(2.809796944 -0.03499280014 0)
(2.811416677 -0.01853678141 0)
(2.814813788 -8.841552278e-06 0)
(2.822887962 0.01105550737 0)
(2.826487702 -0.01017571622 0)
(2.826487702 -0.01017571622 0)
(2.834430468 -0.004562884622 0)
(2.84300795 -0.001303702974 0)
(2.852370784 -0.009946572387 0)
(2.863257163 -0.02310668682 0)
(2.869437221 -0.03939971741 0)
(2.871879834 -0.04349476667 0)
(2.870777317 -0.02060743917 0)
(2.870777317 -0.02060743917 0)
(2.876768045 -0.04019692399 0)
(2.883479135 -0.04978698458 0)
(2.894659324 -0.06486866313 0)
(2.920900222 -0.087796006 0)
(2.942320338 -0.09709802055 0)
(3.053746817 -0.4782299922 0)
(2.96430514 -0.1204268424 0)
(2.96430514 -0.1204268424 0)
(3.066690243 -0.5105565878 0)
(3.100905959 -1.009961609 0)
(3.10254172 -1.083861656 0)
(3.103889047 -1.082909569 0)
(3.102020203 -1.077352735 0)
(3.103910949 -1.071781298 0)
(3.105179673 -1.06423618 0)
(3.106819196 -1.053424929 0)
(3.106819196 -1.053424929 0)
)
;
    }
    procBoundary22to23
    {
        type            processor;
        value           nonuniform List<vector> 
64
(
(2.922990255 0.001766416271 0)
(2.925690173 0.003031515802 0)
(2.924053524 0.002743253059 0)
(2.913515848 0.001193309006 0)
(2.89438348 5.05487086e-05 0)
(2.868065066 -0.001447694152 0)
(2.837056053 -0.001077515193 0)
(2.805577665 -0.0002748457319 0)
(2.776793716 0.000984723459 0)
(2.750056935 0.002226770245 0)
(2.726145959 0.003130440075 0)
(2.70782937 0.001415110577 0)
(2.70782937 0.001415110577 0)
(2.697455478 0.001413197686 0)
(2.689921533 0.0004696584904 0)
(2.684872298 -0.001992208604 0)
(2.682907326 -0.005881966855 0)
(2.684307034 -0.004994854495 0)
(2.686553638 -0.006985732486 0)
(2.692808168 -0.006607410112 0)
(2.703545715 -0.00682999106 0)
(2.718630795 -0.006821355833 0)
(2.737516051 -0.007124929595 0)
(2.758018587 -0.005794749199 0)
(2.777461867 -0.004457980223 0)
(2.794133884 -0.001829638592 0)
(2.794133884 -0.001829638592 0)
(2.806719092 0.001131433306 0)
(2.815182638 0.002401845431 0)
(2.819695845 0.002759339514 0)
(2.821997014 0.0002247024378 0)
(2.822848386 -0.006708193554 0)
(2.822797021 -0.01159828934 0)
(2.8216087 -0.01438439946 0)
(2.821166923 -0.01307641582 0)
(2.82156298 -0.01084820903 0)
(2.821593659 -0.007960481981 0)
(2.822433971 -0.005641954964 0)
(2.823427554 -0.003890786613 0)
(2.82538177 -0.00458020197 0)
(2.828033987 -0.007061681526 0)
(2.828033987 -0.007061681526 0)
(2.831827113 -0.009546498923 0)
(2.835422089 -0.009293394683 0)
(2.839284127 -0.01039434636 0)
(2.843237089 -0.008671985163 0)
(2.84738677 -0.007948653502 0)
(2.851291105 -0.005121870133 0)
(2.854900754 -0.005834786661 0)
(2.85823829 -0.00567811966 0)
(2.86077813 -0.007806864257 0)
(2.863637596 -0.008403183819 0)
(2.865952348 -0.01070542374 0)
(2.867952704 -0.009679530007 0)
(2.870228031 -0.008819315577 0)
(2.872350984 -0.005511608986 0)
(2.872350984 -0.005511608986 0)
(2.875347973 -0.005002563715 0)
(2.877634533 -0.005969899513 0)
(2.88004678 -0.007439525927 0)
(2.882584771 -0.008104383921 0)
(2.885056326 -0.008428416954 0)
(2.887417077 -0.007417241662 0)
(2.889570176 -0.005417306835 0)
)
;
    }
    procBoundary22to28
    {
        type            processor;
        value           nonuniform List<vector> 
35
(
(2.896611475 -0.03698448513 0)
(2.897829726 -0.03672383791 0)
(2.895704068 -0.01588723032 0)
(2.894234748 -0.01238501311 0)
(2.896537274 -0.02052472678 0)
(2.897497257 -0.02168523376 0)
(2.896423969 -0.02017763783 0)
(2.895744815 -0.02048046386 0)
(2.895468538 -0.0194994019 0)
(2.894578945 -0.01580650807 0)
(2.89362463 -0.01429882408 0)
(2.893457881 -0.01597593373 0)
(2.893521088 -0.01841141646 0)
(2.893349684 -0.01877859618 0)
(2.893437842 -0.01739832057 0)
(2.894043223 -0.01367797363 0)
(2.895377269 -0.00922345451 0)
(2.896087381 -0.008849319589 0)
(2.896498552 -0.01029856959 0)
(2.89648571 -0.01175212709 0)
(2.896052037 -0.01139002558 0)
(2.895398869 -0.00971174813 0)
(2.894844989 -0.006608695178 0)
(2.894225122 -0.005289026043 0)
(2.893319965 -0.00574934479 0)
(2.892392775 -0.006876392711 0)
(2.891686585 -0.006370314194 0)
(3.108570041 -1.042481951 0)
(3.108260288 -1.039032703 0)
(3.121259879 -0.6758386277 0)
(2.951082605 -0.1585842659 0)
(2.90486518 -0.06071486134 0)
(2.893939246 -0.01354882862 0)
(2.896611475 -0.03698448513 0)
(2.891774664 0.0001370176873 0)
)
;
    }
}


// ************************************************************************* //
