/*--------------------------------*- C++ -*----------------------------------*\
  =========                 |
  \\      /  F ield         | OpenFOAM: The Open Source CFD Toolbox
   \\    /   O peration     | Website:  https://openfoam.org
    \\  /    A nd           | Version:  7
     \\/     M anipulation  |
\*---------------------------------------------------------------------------*/
FoamFile
{
    version     2.0;
    format      ascii;
    class       volVectorField;
    location    "4.4";
    object      U;
}
// * * * * * * * * * * * * * * * * * * * * * * * * * * * * * * * * * * * * * //

dimensions      [0 1 -1 0 0 0 0];

internalField   nonuniform List<vector> 
2222
(
(3 -2.666536713e-16 0)
(3 -5.326160179e-16 0)
(3 -1.665205562e-16 0)
(3 -4.694452669e-16 0)
(3 -1.12004322e-15 0)
(3 -7.889812589e-16 0)
(3 -1.17873194e-15 0)
(3 -1.657865442e-15 0)
(3 -1.69545511e-15 0)
(3 -1.004588271e-15 0)
(3 -1.338795834e-15 0)
(3 -1.462269829e-15 0)
(3 -2.159287622e-15 0)
(3 -1.312725068e-15 0)
(3 -7.056065161e-16 0)
(3 3.504168552e-16 0)
(3 7.836268004e-16 0)
(3 1.002665624e-15 0)
(3 6.625201714e-16 0)
(3 4.811667615e-16 0)
(3 1.531512867e-15 0)
(3 3.610924385e-15 0)
(3 4.087541702e-15 0)
(3 3.056570921e-15 0)
(3 2.523488649e-15 0)
(3 -6.769229641e-16 0)
(3 -7.946904543e-16 0)
(3 -1.505053149e-15 0)
(3 -2.632867062e-15 0)
(3 -2.239770132e-15 0)
(3 -1.247910174e-15 0)
(3 -3.47986111e-16 0)
(3 -1.825236418e-15 0)
(3 -2.420199061e-15 0)
(3 -2.254694239e-15 0)
(3 -2.077812237e-15 0)
(3 -1.432804992e-15 0)
(3 -1.832250925e-15 0)
(3 -2.72784093e-15 0)
(3 -2.883348644e-15 0)
(3 -3.614154093e-15 0)
(3 -3.041638518e-15 0)
(3 -1.690414786e-15 0)
(3 -5.009257256e-16 0)
(3 7.3829021e-16 0)
(3 1.326865018e-15 0)
(3 2.125107709e-15 0)
(3 3.387023767e-15 0)
(3 4.433254551e-15 0)
(3 2.425233379e-15 0)
(3 2.544359827e-15 0)
(3 7.770339165e-16 0)
(3 1.974248571e-15 0)
(3 1.631891575e-15 0)
(3 1.689674761e-15 0)
(3 1.201188283e-15 0)
(3 1.170028367e-15 0)
(3 2.216088234e-16 0)
(3 -2.404654089e-16 0)
(3 -3.654362279e-16 0)
(3 -8.093515789e-16 0)
(3 -1.955290971e-16 0)
(3 1.757021677e-16 0)
(3 5.233256268e-16 0)
(3 -9.340169377e-16 0)
(3 -2.156932398e-15 0)
(3 -4.094983244e-16 0)
(3 -3.742746519e-16 0)
(3 -1.406568956e-16 0)
(3 -5.792767258e-16 0)
(3 -2.093593738e-15 0)
(3 -3.431583071e-15 0)
(3 -3.067405543e-15 0)
(3 -4.207982718e-15 0)
(3 -4.581757724e-15 0)
(3 -4.967394006e-15 0)
(3 -5.642434419e-15 0)
(3 -5.241483099e-15 0)
(3 -5.453722845e-15 0)
(3 -2.819171873e-15 0)
(3 6.591432849e-16 0)
(3 3.268146544e-15 0)
(3 4.105551445e-15 0)
(3 5.164442016e-15 0)
(3 4.435057495e-15 0)
(3 2.001455972e-15 0)
(3 1.611079589e-15 0)
(3 3.538198032e-15 0)
(3 4.600237899e-15 0)
(3 2.858103082e-15 0)
(3 6.608127082e-16 0)
(3 -2.950871459e-15 0)
(3 -2.303723986e-15 0)
(3 -2.168328864e-15 0)
(3 -3.37644022e-15 0)
(3 -3.245971393e-15 0)
(3 -3.078831745e-15 0)
(3 -2.918920636e-15 0)
(3 -5.645806431e-15 0)
(3 -6.789998191e-15 0)
(3 -5.244384512e-15 0)
(3 -4.87923255e-15 0)
(3 -4.043388971e-15 0)
(3 -3.862502137e-15 0)
(3 -5.152234702e-15 0)
(3 -6.53384739e-15 0)
(3 -6.671748894e-15 0)
(3 -6.55321948e-15 0)
(3 -3.52993066e-15 0)
(3 -1.709849515e-15 0)
(3 -4.30362864e-16 0)
(3 7.791066161e-17 0)
(3 4.422203406e-15 0)
(3 8.425054986e-15 0)
(3 8.279062971e-15 0)
(3 6.232290986e-15 0)
(3 6.266419529e-15 0)
(3 4.21172566e-15 0)
(3 3.884495981e-15 0)
(3 3.443527804e-15 0)
(3 2.68152899e-15 0)
(3 2.662509931e-15 0)
(3 2.239185765e-15 0)
(3 5.452130371e-16 0)
(3 -1.924281651e-15 0)
(3 -4.263602196e-15 0)
(3 -3.903196218e-15 0)
(3 -1.907266416e-15 0)
(3 -3.669597749e-16 0)
(3 3.174384182e-16 0)
(3 -1.804927046e-15 0)
(3 -4.141358579e-15 0)
(3 7.174384707e-17 0)
(3 -6.387971015e-17 0)
(3 -7.980347937e-17 0)
(3 -1.458695556e-15 0)
(3 -2.714402428e-15 0)
(3 -3.8929386e-15 0)
(3 -3.609573676e-15 0)
(3 -3.632675393e-15 0)
(3 -4.902463551e-15 0)
(3 -7.113778237e-15 0)
(3 -7.760195595e-15 0)
(3 -7.706791213e-15 0)
(3 -7.308662966e-15 0)
(3 -6.271304836e-15 0)
(3 -4.24915562e-15 0)
(3 -2.75915022e-15 0)
(3 -6.148673571e-16 0)
(3 6.304771977e-16 0)
(3 2.219088413e-16 0)
(3 1.873486682e-16 0)
(3 3.474250953e-17 0)
(3 1.367909074e-15 0)
(3 4.115477628e-15 0)
(3 6.212796423e-15 0)
(3 6.20026663e-15 0)
(3 4.688986878e-15 0)
(3 3.050826754e-15 0)
(3 1.603411141e-15 0)
(3 8.943337736e-16 0)
(3 -1.234712139e-15 0)
(3 -2.570407377e-15 0)
(3 -5.901830045e-15 0)
(3 -6.555939427e-15 0)
(3 -7.195002284e-15 0)
(3 -6.915879933e-15 0)
(3 -6.641203904e-15 0)
(3 -5.672578359e-15 0)
(3 -4.072837286e-15 0)
(3 -3.604958829e-15 0)
(3 -3.435762326e-15 0)
(3 -3.778181629e-15 0)
(3 -3.095889267e-15 0)
(3 -1.441147353e-15 0)
(3 -6.166878544e-16 0)
(3 1.62615627e-15 0)
(3 5.030732188e-15 0)
(3 6.675780412e-15 0)
(3 7.649021159e-15 0)
(3 8.252029575e-15 0)
(3 9.368030664e-15 0)
(3 8.587610496e-15 0)
(3 9.569673744e-15 0)
(3 7.231802512e-15 0)
(3 6.084913604e-15 0)
(3 2.575677534e-15 0)
(3 1.793678279e-15 0)
(3 -1.410071018e-15 0)
(3 -3.581683684e-15 0)
(3 -4.540658675e-15 0)
(3 -4.396437209e-15 0)
(3 -2.937327975e-15 0)
(3 -1.646918296e-15 0)
(3 -2.203317716e-15 0)
(3 -1.664380192e-15 0)
(3 -1.042316482e-15 0)
(3 -3.0559126e-15 0)
(3 2.206388658e-16 0)
(3 -6.757726387e-16 0)
(3 -1.088033064e-15 0)
(3 -2.368211096e-15 0)
(3 -2.599147062e-15 0)
(3 -3.315743487e-15 0)
(3 -3.412851559e-15 0)
(3 -2.063800919e-15 0)
(3 -7.564480848e-16 0)
(3 -1.005578254e-15 0)
(3 -1.00061142e-15 0)
(3 -1.428425111e-15 0)
(3 -1.28014724e-15 0)
(3 -2.63373182e-15 0)
(3 -3.562483786e-15 0)
(3 -3.405089868e-15 0)
(3 -2.901385363e-15 0)
(3 -3.209272918e-15 0)
(3 -2.185421804e-15 0)
(3 -9.533779286e-16 0)
(3 1.34853829e-16 0)
(3 9.927604043e-16 0)
(3 2.063836586e-15 0)
(3 2.078844504e-15 0)
(3 1.878206957e-15 0)
(3 1.590456727e-15 0)
(3 2.531980559e-15 0)
(3 4.598423013e-15 0)
(3 3.05734237e-15 0)
(3 1.530689477e-15 0)
(3 5.52247729e-16 0)
(3 -1.303406064e-15 0)
(3 -2.79761504e-15 0)
(3 -4.814680466e-15 0)
(3 -6.729289537e-15 0)
(3 -6.575728298e-15 0)
(3 -5.288783007e-15 0)
(3 -4.079121493e-15 0)
(3 -2.725677826e-15 0)
(3 -3.186855497e-15 0)
(3 -2.378652338e-15 0)
(3 -1.808763799e-15 0)
(3 -1.077107509e-15 0)
(3 -1.764174682e-17 0)
(3 3.360055562e-15 0)
(3 5.611042244e-15 0)
(3 6.980883416e-15 0)
(3 8.449972895e-15 0)
(3 1.018353988e-14 0)
(3 1.239198128e-14 0)
(3 1.133249738e-14 0)
(3 8.706880124e-15 0)
(3 8.164051454e-15 0)
(3 6.44683559e-15 0)
(3 3.185784628e-15 0)
(3 2.165165125e-15 0)
(3 -9.338078299e-16 0)
(3 -2.009718829e-15 0)
(3 -2.417725087e-15 0)
(3 -2.073388098e-15 0)
(3 -1.309485182e-15 0)
(3 -9.473112688e-16 0)
(3 -7.718646517e-16 0)
(3 -1.586825789e-15 0)
(3 -1.555145198e-15 0)
(3 -2.828568989e-15 0)
(3 7.711236028e-17 0)
(3 2.206088996e-16 0)
(3 3.829776154e-16 0)
(3 2.614873105e-16 0)
(3 6.126273234e-16 0)
(3 1.743988557e-16 0)
(3 -5.448770908e-16 0)
(3 -5.195107875e-16 0)
(3 1.003888338e-15 0)
(3 1.750876453e-15 0)
(3 4.245630311e-15 0)
(3 4.292469883e-15 0)
(3 4.292945501e-15 0)
(3 1.806510697e-15 0)
(3 -1.727631503e-15 0)
(3 -3.045670021e-15 0)
(3 -4.107156205e-15 0)
(3 -4.458345729e-15 0)
(3 -3.863761915e-15 0)
(3 -3.369387074e-15 0)
(3 4.366062707e-16 0)
(3 3.698357017e-16 0)
(3 1.690673099e-16 0)
(3 -1.553345516e-16 0)
(3 -2.172952066e-16 0)
(3 1.033022989e-15 0)
(3 3.292429739e-15 0)
(3 4.463629909e-15 0)
(3 3.196269487e-15 0)
(3 2.090716033e-15 0)
(3 -2.888751247e-16 0)
(3 -5.043024619e-16 0)
(3 -8.487308918e-16 0)
(3 -2.388912868e-15 0)
(3 -3.676567862e-15 0)
(3 -3.489285431e-15 0)
(3 -3.961977663e-15 0)
(3 -3.477560187e-15 0)
(3 -2.59828182e-15 0)
(3 -1.666803421e-15 0)
(3 -9.601396528e-16 0)
(3 9.194538257e-16 0)
(3 1.546437104e-15 0)
(3 1.778932996e-15 0)
(3 2.288050138e-15 0)
(3 3.48978996e-15 0)
(3 5.130403633e-15 0)
(3 6.555658169e-15 0)
(3 6.852885449e-15 0)
(3 6.932378099e-15 0)
(3 5.880963279e-15 0)
(3 4.157498537e-15 0)
(3 2.93510405e-15 0)
(3 1.721871801e-15 0)
(3 1.763077419e-15 0)
(3 9.482626118e-17 0)
(3 -9.915295011e-16 0)
(3 -2.628862506e-15 0)
(3 -3.06438971e-15 0)
(3 -2.400797501e-15 0)
(3 -6.21663998e-16 0)
(3 5.680166586e-17 0)
(3 2.23359625e-15 0)
(3 1.902487379e-15 0)
(3 4.340618215e-16 0)
(3 -1.604957924e-16 0)
(3 -2.706797741e-16 0)
(3 1.077134889e-15 0)
(3 1.39667797e-15 0)
(3 1.599351413e-15 0)
(3 1.711794426e-15 0)
(3 2.495224959e-15 0)
(3 2.245472628e-15 0)
(3 6.913846207e-16 0)
(3 4.217483815e-17 0)
(3 7.779990206e-16 0)
(3 1.461640827e-15 0)
(3 3.152451494e-15 0)
(3 2.825975522e-15 0)
(3 1.389769734e-15 0)
(3 8.938807469e-16 0)
(3 3.515238994e-16 0)
(3 5.044268799e-17 0)
(3 -5.916846063e-16 0)
(3 -2.071289331e-15 0)
(3 -1.870654271e-15 0)
(3 1.265835276e-16 0)
(3 1.073550227e-15 0)
(3 3.356942117e-16 0)
(3 -3.95014398e-16 0)
(3 -1.501481673e-16 0)
(3 2.002331387e-15 0)
(3 1.730725381e-15 0)
(3 4.695854795e-17 0)
(3 8.260219597e-17 0)
(3 -3.677944406e-16 0)
(3 -3.175343078e-15 0)
(3 -3.59772998e-15 0)
(3 -2.87302096e-15 0)
(3 -1.478414219e-15 0)
(3 -7.934808249e-16 0)
(3 -1.114740521e-15 0)
(3 -1.986305638e-15 0)
(3 -1.91825435e-15 0)
(3 -1.823020635e-15 0)
(3 -1.627151074e-16 0)
(3 1.803937099e-15 0)
(3 3.202130682e-15 0)
(3 3.416201303e-15 0)
(3 4.515760581e-15 0)
(3 4.806067527e-15 0)
(3 3.356467638e-15 0)
(3 2.780001162e-15 0)
(3 1.751282763e-15 0)
(3 1.379892773e-15 0)
(3 -2.931535907e-16 0)
(3 -1.783936941e-15 0)
(3 -2.226831923e-15 0)
(3 -3.597583474e-15 0)
(3 -4.103637769e-15 0)
(3 -4.775025061e-15 0)
(3 -4.030922518e-15 0)
(3 -1.649495066e-15 0)
(3 -1.957186775e-15 0)
(3 -1.637291633e-15 0)
(3 -5.497330606e-17 0)
(3 3.567678515e-16 0)
(3 1.407499916e-15 0)
(3 2.454235094e-15 0)
(3 2.422001091e-15 0)
(3 2.505179291e-15 0)
(3 2.939677075e-15 0)
(3 -4.019017137e-17 0)
(3 8.797181299e-17 0)
(3 6.446717207e-17 0)
(3 1.00357056e-16 0)
(3 1.138657725e-16 0)
(3 6.559764602e-16 0)
(3 2.358095788e-15 0)
(3 2.479057412e-15 0)
(3 1.192503505e-15 0)
(3 -9.609927575e-17 0)
(3 1.015748096e-16 0)
(3 4.524716028e-16 0)
(3 1.744043301e-15 0)
(3 1.919844177e-15 0)
(3 2.269161699e-15 0)
(3 2.822452373e-15 0)
(3 2.16528483e-15 0)
(3 2.093943087e-15 0)
(3 1.782683423e-15 0)
(3 1.27304313e-16 0)
(3 -1.980487548e-15 0)
(3 -1.87816001e-15 0)
(3 -2.728841977e-15 0)
(3 -1.810115329e-15 0)
(3 -1.24114656e-15 0)
(3 1.326325683e-16 0)
(3 -7.163868204e-16 0)
(3 -3.783515539e-15 0)
(3 -3.869441717e-15 0)
(3 -3.669005239e-15 0)
(3 -2.62109287e-15 0)
(3 -2.641140029e-15 0)
(3 -2.688670964e-15 0)
(3 -1.932813396e-15 0)
(3 -1.240074195e-15 0)
(3 -1.40877784e-15 0)
(3 -1.111424908e-15 0)
(3 -3.910329628e-16 0)
(3 -2.479834813e-16 0)
(3 7.069232692e-16 0)
(3 1.984779412e-15 0)
(3 2.512274231e-15 0)
(3 2.587936553e-15 0)
(3 2.822359486e-15 0)
(3 1.878544826e-15 0)
(3 9.89785345e-16 0)
(3 1.100654331e-15 0)
(3 1.384637701e-15 0)
(3 1.456723138e-15 0)
(3 6.378556308e-16 0)
(3 -3.482589791e-16 0)
(3 -1.571597051e-15 0)
(3 -2.355605227e-15 0)
(3 -3.059122272e-15 0)
(3 -6.424125502e-15 0)
(3 -4.819402157e-15 0)
(3 -1.926898807e-15 0)
(3 2.066591939e-16 0)
(3 1.541621077e-15 0)
(3 1.343143521e-15 0)
(3 9.325968842e-16 0)
(3 1.009359008e-15 0)
(3 1.265595439e-15 0)
(3 2.590635553e-15 0)
(3 2.332648234e-15 0)
(3 2.009847502e-15 0)
(3 2.911467485e-16 0)
(3 -6.727206961e-16 0)
(3 -8.786498156e-16 0)
(3 -1.081131528e-15 0)
(3 -5.53460185e-16 0)
(3 -1.689333138e-15 0)
(3 -1.633494467e-15 0)
(3 8.151769278e-16 0)
(3 1.415402445e-15 0)
(3 1.292414452e-15 0)
(3 2.184143882e-16 0)
(3 -5.416821175e-16 0)
(3 -5.628599976e-16 0)
(3 -3.092895983e-16 0)
(3 -4.808938226e-16 0)
(3 -2.946224357e-16 0)
(3 3.073064958e-16 0)
(3 4.622798583e-16 0)
(3 1.458019427e-15 0)
(3 1.295137113e-15 0)
(3 -1.886382457e-15 0)
(3 -2.095866739e-15 0)
(3 -1.610643673e-15 0)
(3 5.682996954e-16 0)
(3 9.203794259e-16 0)
(3 -3.466810845e-16 0)
(3 -9.443413135e-16 0)
(3 -1.985625325e-15 0)
(3 -2.414976277e-15 0)
(3 -1.61146332e-15 0)
(3 6.170561789e-16 0)
(3 6.01005414e-16 0)
(3 -6.751417287e-16 0)
(3 -1.478382955e-15 0)
(3 -1.71353305e-15 0)
(3 -1.585900081e-15 0)
(3 -4.641382427e-16 0)
(3 1.686607851e-15 0)
(3 3.844307798e-15 0)
(3 3.933140041e-15 0)
(3 3.152889547e-15 0)
(3 2.731573425e-15 0)
(3 7.201578969e-16 0)
(3 -7.689920921e-16 0)
(3 -2.415155047e-15 0)
(3 -1.797927523e-15 0)
(3 -2.553740086e-15 0)
(3 -3.096885624e-15 0)
(3 -2.541219627e-15 0)
(3 -1.757576149e-15 0)
(3 -2.278444933e-15 0)
(3 -2.648396069e-15 0)
(3 -1.052105004e-15 0)
(3 -1.248909678e-15 0)
(3 -1.674999521e-15 0)
(3 -3.045327634e-15 0)
(3 -2.476442534e-15 0)
(3 1.883295943e-16 0)
(3 8.28378462e-16 0)
(3 2.22889973e-15 0)
(3 2.155337056e-15 0)
(3 7.429017981e-16 0)
(3 4.299791759e-16 0)
(3 1.919690191e-15 0)
(3 2.844587945e-15 0)
(3 2.243910925e-15 0)
(3 -2.151095332e-17 0)
(3 -1.127202739e-16 0)
(3 -3.102594881e-16 0)
(3 -2.164612353e-16 0)
(3 -4.893729147e-16 0)
(3 -1.783115419e-15 0)
(3 -3.168467792e-15 0)
(3 -2.864350842e-15 0)
(3 -1.152445382e-15 0)
(3 5.466501751e-16 0)
(3 -2.76079293e-16 0)
(3 -8.487735446e-16 0)
(3 -2.87049408e-15 0)
(3 -2.074903623e-15 0)
(3 -1.765175861e-15 0)
(3 -1.406256687e-15 0)
(3 3.905849672e-16 0)
(3 9.907779926e-16 0)
(3 9.655633935e-16 0)
(3 1.587469363e-15 0)
(3 7.850891793e-16 0)
(3 -2.608073038e-16 0)
(3 -3.158932305e-16 0)
(3 6.16713351e-17 0)
(3 1.367247057e-15 0)
(3 2.151349098e-16 0)
(3 2.378034677e-16 0)
(3 6.204906802e-16 0)
(3 -2.82429712e-16 0)
(3 -1.451426616e-15 0)
(3 -2.718788937e-15 0)
(3 -3.277954423e-15 0)
(3 -2.641524879e-15 0)
(3 -1.568956693e-15 0)
(3 -1.764696632e-15 0)
(3 -1.25126307e-15 0)
(3 1.213800501e-15 0)
(3 4.455629727e-15 0)
(3 8.021876825e-15 0)
(3 8.00459048e-15 0)
(3 7.792942846e-15 0)
(3 5.339543295e-15 0)
(3 1.314468529e-15 0)
(3 -2.13918923e-15 0)
(3 -2.076394972e-15 0)
(3 -2.459756365e-15 0)
(3 -4.254485643e-15 0)
(3 -5.097643907e-15 0)
(3 -4.983717425e-15 0)
(3 -4.228962499e-15 0)
(3 -3.831086928e-15 0)
(3 -2.022997713e-15 0)
(3 1.319641379e-16 0)
(3 1.026482533e-15 0)
(3 9.94594381e-16 0)
(3 -1.986196773e-16 0)
(3 -8.57167923e-16 0)
(3 -5.938533058e-17 0)
(3 1.654760826e-15 0)
(3 4.491502828e-15 0)
(3 3.927228173e-15 0)
(3 2.352969464e-15 0)
(3 7.181734433e-17 0)
(3 -1.060022734e-15 0)
(3 -1.389457823e-15 0)
(3 -1.055112132e-15 0)
(3 3.337098832e-17 0)
(3 -5.631560509e-17 0)
(3 -4.703641327e-16 0)
(3 -2.220518046e-16 0)
(3 -1.362146787e-15 0)
(3 -8.320605514e-16 0)
(3 -6.10973092e-16 0)
(3 -1.047134651e-15 0)
(3 -2.458166611e-15 0)
(3 -2.403506581e-15 0)
(3 -1.478964574e-15 0)
(3 -9.662598091e-16 0)
(3 -4.32132006e-16 0)
(3 6.750070759e-16 0)
(3 1.293131105e-15 0)
(3 1.828861041e-15 0)
(3 1.044116526e-15 0)
(3 8.984743592e-16 0)
(3 1.028238212e-15 0)
(3 1.745128755e-16 0)
(3 7.92940077e-16 0)
(3 2.976909829e-16 0)
(3 -2.457313649e-16 0)
(3 -2.007426104e-15 0)
(3 -2.418231605e-15 0)
(3 -1.605423991e-15 0)
(3 -5.354853153e-17 0)
(3 1.978952793e-15 0)
(3 1.069174884e-15 0)
(3 -4.736849296e-16 0)
(3 -1.900928105e-15 0)
(3 -2.164277312e-15 0)
(3 -1.660526596e-15 0)
(3 -1.511194665e-15 0)
(3 -1.030473048e-15 0)
(3 -4.214069661e-16 0)
(3 -2.936634113e-16 0)
(3 5.554885972e-16 0)
(3 2.490642562e-15 0)
(3 5.385006912e-15 0)
(3 6.057804553e-15 0)
(3 4.390948633e-15 0)
(3 1.750010026e-15 0)
(3 5.284342749e-16 0)
(3 -1.236278368e-15 0)
(3 -2.961683521e-15 0)
(3 -2.277089637e-15 0)
(3 -9.498644576e-16 0)
(3 -7.974595985e-16 0)
(3 -1.423816855e-15 0)
(3 -7.598819683e-16 0)
(3 8.633213961e-16 0)
(3 1.630931388e-15 0)
(3 3.162478824e-15 0)
(3 3.303212516e-15 0)
(3 2.847231745e-15 0)
(3 8.894406621e-16 0)
(3 1.391581959e-15 0)
(3 2.517283948e-15 0)
(3 3.234972245e-15 0)
(3 3.016789956e-15 0)
(3 1.156363057e-15 0)
(3 -2.289519769e-15 0)
(3 -4.833711464e-15 0)
(3 -4.405978722e-15 0)
(3 -3.32296836e-15 0)
(3 8.800036945e-17 0)
(3 -3.430362362e-16 0)
(3 -9.750101139e-16 0)
(3 -6.48434885e-16 0)
(3 -6.223748568e-16 0)
(3 5.449561544e-16 0)
(3 3.639705932e-16 0)
(3 1.30973884e-16 0)
(3 3.854728986e-17 0)
(3 1.933457513e-16 0)
(3 3.996954527e-16 0)
(3 3.639620751e-16 0)
(3 1.159915872e-15 0)
(3 1.728951063e-15 0)
(3 1.704386592e-15 0)
(3 1.567468661e-15 0)
(3 -9.726895977e-16 0)
(3 -1.11320506e-15 0)
(3 -1.167047065e-15 0)
(3 -1.928980849e-15 0)
(3 -1.492037262e-15 0)
(3 -1.884459151e-15 0)
(3 -2.207347992e-15 0)
(3 -3.353000705e-15 0)
(3 -5.366920021e-15 0)
(3 -3.746646242e-15 0)
(3 -2.57032245e-15 0)
(3 -1.886611321e-15 0)
(3 -4.845951442e-16 0)
(3 -1.595315954e-16 0)
(3 -5.474384422e-16 0)
(3 -1.395524246e-15 0)
(3 -2.320809236e-15 0)
(3 -1.972842836e-15 0)
(3 1.306046488e-15 0)
(3 3.051952587e-15 0)
(3 2.288302016e-15 0)
(3 7.126974675e-16 0)
(3 6.778483423e-16 0)
(3 1.859313063e-15 0)
(3 1.261253616e-15 0)
(3 3.047630819e-15 0)
(3 2.210500265e-15 0)
(3 4.403237078e-16 0)
(3 -5.876338322e-16 0)
(3 -7.488553862e-16 0)
(3 -4.748497336e-16 0)
(3 2.042974632e-16 0)
(3 1.223385223e-15 0)
(3 1.542590497e-15 0)
(3 3.678276355e-15 0)
(3 2.193316567e-15 0)
(3 2.042850858e-15 0)
(3 2.61853532e-15 0)
(3 3.005039833e-15 0)
(3 3.533658635e-15 0)
(3 3.749229635e-15 0)
(3 2.44146471e-15 0)
(3 1.404248844e-15 0)
(3 1.614447734e-15 0)
(3 2.306153198e-15 0)
(3 1.74367774e-15 0)
(3 -7.596675481e-16 0)
(3 -3.762831474e-15 0)
(3 -3.846940469e-15 0)
(3 -4.480315943e-15 0)
(3 3.688697026e-16 0)
(3 3.564387252e-16 0)
(3 1.248429661e-15 0)
(3 1.231628349e-15 0)
(3 1.481862698e-15 0)
(3 8.584406627e-16 0)
(3 5.967470089e-16 0)
(3 2.152634526e-17 0)
(3 1.99974126e-15 0)
(3 3.011217331e-15 0)
(3 2.397732103e-15 0)
(3 1.545182694e-15 0)
(3 4.387639226e-16 0)
(3 -1.497444266e-16 0)
(3 -7.485720722e-17 0)
(3 -1.254269137e-15 0)
(3 -1.113627705e-15 0)
(3 -5.274806634e-16 0)
(3 -8.276449028e-16 0)
(3 -1.330803055e-15 0)
(3 -2.236667099e-15 0)
(3 -2.630865736e-15 0)
(3 -2.901953974e-15 0)
(3 -3.41213436e-15 0)
(3 -2.187200186e-15 0)
(3 -8.812258603e-16 0)
(3 -3.502781086e-16 0)
(3 -3.683286414e-16 0)
(3 -7.316485897e-16 0)
(3 -3.628666093e-16 0)
(3 -6.140988406e-17 0)
(3 -3.254413451e-16 0)
(3 -1.303112142e-15 0)
(3 -1.308428093e-15 0)
(3 4.052839634e-16 0)
(3 1.335116736e-15 0)
(3 1.02151689e-15 0)
(3 5.493851193e-16 0)
(3 -9.601289304e-16 0)
(3 -2.276843982e-15 0)
(3 -2.908414703e-15 0)
(3 -1.739613879e-15 0)
(3 -1.331092967e-15 0)
(3 -1.610575212e-15 0)
(3 -1.74597438e-15 0)
(3 -1.442468215e-15 0)
(3 -1.501509623e-15 0)
(3 -1.941759634e-15 0)
(3 -1.718762093e-15 0)
(3 -4.766304267e-16 0)
(3 -2.43020215e-16 0)
(3 -9.541347549e-16 0)
(3 8.748813273e-16 0)
(3 1.280028006e-15 0)
(3 3.118491543e-15 0)
(3 4.968274569e-15 0)
(3 6.35629053e-15 0)
(3 4.847571471e-15 0)
(3 2.641098475e-15 0)
(3 2.091235619e-15 0)
(3 2.439271599e-15 0)
(3 2.736115946e-15 0)
(3 -3.476566866e-16 0)
(3 -2.746764228e-15 0)
(3 -3.227173847e-15 0)
(3 -4.067941261e-15 0)
(3 -3.51822881e-16 0)
(3 1.681927263e-16 0)
(3 1.263935382e-15 0)
(3 5.889879918e-16 0)
(3 9.034023298e-16 0)
(3 8.258162624e-16 0)
(3 1.09534722e-15 0)
(3 2.350901757e-15 0)
(3 1.980545664e-15 0)
(3 1.641542134e-15 0)
(3 -1.978881305e-16 0)
(3 -5.480074322e-16 0)
(3 -5.896855416e-16 0)
(3 -5.875272819e-16 0)
(3 2.029332598e-16 0)
(3 2.309344126e-16 0)
(3 6.000990242e-16 0)
(3 -3.152162168e-16 0)
(3 -4.374532421e-16 0)
(3 4.12908775e-16 0)
(3 4.10572914e-18 0)
(3 -2.426129256e-16 0)
(3 -1.409258384e-15 0)
(3 -2.119019352e-15 0)
(3 -1.708754063e-15 0)
(3 -1.478065931e-15 0)
(3 -2.137689715e-15 0)
(3 2.360828176e-16 0)
(3 1.204901832e-15 0)
(3 1.682935041e-15 0)
(3 8.282140183e-16 0)
(3 1.214657862e-15 0)
(3 1.877299463e-15 0)
(3 1.405431943e-15 0)
(3 6.973412593e-16 0)
(3 6.215745568e-16 0)
(3 1.44171441e-15 0)
(3 1.793360769e-15 0)
(3 9.20436703e-16 0)
(3 -7.571542888e-16 0)
(3 -7.635586621e-16 0)
(3 -2.237952629e-15 0)
(3 -2.20214226e-15 0)
(3 -1.863575344e-15 0)
(3 -8.269975887e-16 0)
(3 2.794711331e-16 0)
(3 1.609512108e-16 0)
(3 -1.569059894e-15 0)
(3 -1.205334774e-15 0)
(3 -1.232164582e-15 0)
(3 -2.295219491e-15 0)
(3 1.130841834e-16 0)
(3 2.017104145e-15 0)
(3 4.914824387e-15 0)
(3 6.411233813e-15 0)
(3 7.627628098e-15 0)
(3 7.476139778e-15 0)
(3 6.683775187e-15 0)
(3 5.431602818e-15 0)
(3 1.505195652e-15 0)
(3 -2.07318611e-15 0)
(3 -2.605014392e-15 0)
(3 -3.143938755e-15 0)
(3 -2.926251785e-15 0)
(3 -2.352065161e-15 0)
(3 -2.167290157e-15 0)
(3 -1.79177365e-16 0)
(3 -2.588039815e-16 0)
(3 -4.090403432e-16 0)
(3 -4.200473216e-16 0)
(3 -4.684800649e-16 0)
(3 -3.63607755e-16 0)
(3 -6.741894245e-16 0)
(3 -3.923770073e-16 0)
(3 -9.422032154e-16 0)
(3 -1.170814863e-15 0)
(3 -1.313240013e-15 0)
(3 -2.080605334e-15 0)
(3 -1.46085321e-15 0)
(3 1.531867451e-16 0)
(3 -1.903711517e-18 0)
(3 2.034550637e-18 0)
(3 -1.81353205e-16 0)
(3 -6.760391644e-17 0)
(3 2.400979046e-16 0)
(3 7.957754946e-16 0)
(3 5.947121908e-16 0)
(3 5.839852341e-16 0)
(3 5.32631115e-16 0)
(3 2.933588175e-17 0)
(3 -1.969002256e-15 0)
(3 -3.120939823e-15 0)
(3 -3.025631243e-15 0)
(3 -1.193466558e-15 0)
(3 4.764249023e-16 0)
(3 1.78682239e-15 0)
(3 1.520955668e-16 0)
(3 1.145214251e-15 0)
(3 2.732447243e-15 0)
(3 2.678041176e-15 0)
(3 1.215146207e-15 0)
(3 2.097490404e-16 0)
(3 -9.75004492e-16 0)
(3 -1.838017864e-15 0)
(3 -2.498539699e-15 0)
(3 -3.294232389e-15 0)
(3 -2.959589118e-15 0)
(3 -2.562688167e-15 0)
(3 -1.521907991e-15 0)
(3 -1.151661992e-15 0)
(3 -1.93064077e-15 0)
(3 6.037857146e-16 0)
(3 1.657868243e-16 0)
(3 5.988131358e-16 0)
(3 9.616699665e-16 0)
(3 -1.538938623e-15 0)
(3 -2.304763261e-15 0)
(3 -2.377620281e-16 0)
(3 1.494588469e-15 0)
(3 3.976677797e-15 0)
(3 3.104593702e-15 0)
(3 3.558727984e-15 0)
(3 4.841680651e-15 0)
(3 5.169203446e-15 0)
(3 2.811865233e-15 0)
(3 1.766750516e-16 0)
(3 -2.001605135e-15 0)
(3 -2.87403543e-15 0)
(3 -2.240206378e-15 0)
(3 -1.119175291e-15 0)
(3 -8.915682359e-16 0)
(3 -5.934890474e-16 0)
(3 1.067756163e-15 0)
(3 -2.861082564e-16 0)
(3 -5.743382429e-16 0)
(3 -2.661522556e-16 0)
(3 -4.515905483e-16 0)
(3 1.683270526e-16 0)
(3 -4.610357376e-16 0)
(3 -1.355724952e-15 0)
(3 -2.308089547e-15 0)
(3 -2.446442725e-15 0)
(3 -2.149164029e-15 0)
(3 -1.68372046e-15 0)
(3 -1.291064925e-15 0)
(3 -1.342362464e-15 0)
(3 -1.791340902e-15 0)
(3 -2.027730158e-15 0)
(3 -1.280706335e-15 0)
(3 -3.902036826e-16 0)
(3 2.316291095e-16 0)
(3 4.062857895e-16 0)
(3 6.111979667e-16 0)
(3 -1.250235436e-15 0)
(3 -7.472042038e-16 0)
(3 -2.25297348e-16 0)
(3 -7.000794249e-16 0)
(3 -2.624166592e-15 0)
(3 -5.966644443e-16 0)
(3 -2.034235876e-16 0)
(3 8.771914721e-16 0)
(3 1.54965157e-15 0)
(3 2.228072515e-15 0)
(3 2.5419611e-15 0)
(3 3.305763893e-15 0)
(3 3.654243364e-15 0)
(3 2.137849597e-15 0)
(3 1.639543612e-16 0)
(3 -1.879034996e-16 0)
(3 -1.100846259e-15 0)
(3 -1.371796442e-15 0)
(3 -2.072981103e-15 0)
(3 -2.003917562e-15 0)
(3 -1.009548362e-15 0)
(3 9.144511771e-16 0)
(3 8.343972044e-16 0)
(3 -2.619696701e-16 0)
(3 -7.970870275e-16 0)
(3 3.377577606e-16 0)
(3 1.029391598e-15 0)
(3 4.202421444e-16 0)
(3 -1.024105778e-15 0)
(3 -1.200471232e-15 0)
(3 1.342106756e-15 0)
(3 1.981090427e-15 0)
(3 2.634518654e-15 0)
(3 2.860033417e-15 0)
(3 2.533507013e-15 0)
(3 2.283164142e-15 0)
(3 2.468929205e-15 0)
(3 1.088909817e-15 0)
(3 -1.488719414e-16 0)
(3 -1.023476626e-16 0)
(3 -3.882870091e-16 0)
(3 4.318175754e-17 0)
(3 -1.052337517e-15 0)
(3 -1.665360952e-16 0)
(3 -1.408746397e-16 0)
(3 2.27849011e-17 0)
(3 2.271998256e-16 0)
(3 -2.268833473e-16 0)
(3 -1.331571555e-16 0)
(3 4.769308538e-16 0)
(3 7.367455108e-16 0)
(3 2.020364205e-15 0)
(3 1.479852644e-15 0)
(3 6.051853449e-17 0)
(3 -7.066209839e-16 0)
(3 -1.662914078e-16 0)
(3 -5.046649301e-17 0)
(3 7.95118555e-17 0)
(3 -2.475557425e-16 0)
(3 -1.094442393e-15 0)
(3 -1.170319535e-15 0)
(3 -1.624613402e-15 0)
(3 -2.485259241e-15 0)
(3 -3.626630408e-15 0)
(3 -2.618657295e-15 0)
(3 -4.138807611e-16 0)
(3 7.029221837e-17 0)
(3 -8.858616136e-17 0)
(3 -6.144243945e-16 0)
(3 9.62398593e-16 0)
(3 1.07082392e-15 0)
(3 6.577827926e-16 0)
(3 2.570091551e-16 0)
(3 -8.225878322e-16 0)
(3 -1.387081754e-15 0)
(3 2.314721268e-15 0)
(3 3.986337675e-15 0)
(3 3.289938392e-15 0)
(3 2.186177503e-15 0)
(3 1.713806384e-15 0)
(3 3.440205593e-16 0)
(3 6.375809625e-16 0)
(3 1.236579768e-15 0)
(3 1.722978832e-15 0)
(3 2.036625818e-15 0)
(3 1.927555425e-15 0)
(3 1.750193313e-15 0)
(3 2.073713466e-15 0)
(3 3.059452217e-15 0)
(3 4.171948626e-15 0)
(3 1.477215263e-15 0)
(3 -7.919873727e-16 0)
(3 -6.282560434e-16 0)
(3 -6.40077621e-16 0)
(3 -1.194940221e-16 0)
(3 1.560656149e-15 0)
(3 2.2779794e-15 0)
(3 3.784746736e-16 0)
(3 -1.083343266e-15 0)
(3 6.368126584e-16 0)
(3 1.968023053e-15 0)
(3 1.253476216e-15 0)
(3 1.029045519e-15 0)
(3 9.878157435e-16 0)
(3 2.407751855e-15 0)
(3 1.704009019e-15 0)
(3 6.496949162e-16 0)
(3 1.649999883e-15 0)
(3 1.294527159e-15 0)
(3 9.948594927e-16 0)
(3 2.380966996e-15 0)
(3 -5.766764837e-16 0)
(3 6.703232002e-17 0)
(3 4.058554049e-16 0)
(3 6.353507641e-16 0)
(3 1.010234572e-15 0)
(3 1.639263337e-15 0)
(3 1.92623507e-15 0)
(3 1.12950677e-15 0)
(3 1.149877112e-15 0)
(3 8.960031025e-16 0)
(3 1.148909593e-15 0)
(3 1.334785736e-15 0)
(3 3.240566064e-16 0)
(3 -1.218524909e-15 0)
(3 -2.246678139e-15 0)
(3 -2.594219882e-15 0)
(3 -3.068297072e-15 0)
(3 -5.013474395e-15 0)
(3 -6.435516201e-15 0)
(3 -6.313152386e-15 0)
(3 -3.727641733e-15 0)
(3 7.458925059e-16 0)
(3 1.58365108e-15 0)
(3 1.480166104e-15 0)
(3 3.230180699e-15 0)
(3 4.545684713e-15 0)
(3 2.448890351e-15 0)
(3 3.414937873e-16 0)
(3 -1.466946228e-15 0)
(3 -2.328377979e-15 0)
(3 -8.449309986e-17 0)
(3 1.46209214e-15 0)
(3 4.64371368e-16 0)
(3 3.620819024e-16 0)
(3 8.240690139e-16 0)
(3 9.315732428e-16 0)
(3 6.217118755e-16 0)
(3 1.202227836e-15 0)
(3 1.688678959e-15 0)
(3 1.333178735e-15 0)
(3 8.879183859e-16 0)
(3 6.038320824e-16 0)
(3 6.201138482e-16 0)
(3 2.16852103e-15 0)
(3 3.073916863e-15 0)
(3 3.096707516e-15 0)
(3 2.576308884e-15 0)
(3 2.554610624e-15 0)
(3 3.031442832e-15 0)
(3 2.351064202e-15 0)
(3 2.461220342e-15 0)
(3 2.476480749e-15 0)
(3 1.830287549e-15 0)
(3 4.297484846e-17 0)
(3 2.308296991e-16 0)
(3 4.305314634e-16 0)
(3 4.289167686e-17 0)
(3 4.363414152e-16 0)
(3 1.559497241e-15 0)
(3 3.920166154e-15 0)
(3 4.640330475e-15 0)
(3 5.792750315e-15 0)
(3 5.163215034e-15 0)
(3 5.93115908e-15 0)
(3 6.029766184e-15 0)
(3 5.627935462e-15 0)
(3 1.700487692e-16 0)
(3 -4.177053394e-16 0)
(3 1.196032044e-16 0)
(3 7.512954521e-16 0)
(3 1.220446902e-15 0)
(3 1.648134011e-15 0)
(3 9.679340066e-16 0)
(3 -4.187183534e-17 0)
(3 -2.04199713e-16 0)
(3 -6.377855899e-16 0)
(3 -7.060129615e-16 0)
(3 -9.346004279e-16 0)
(3 -2.086139802e-15 0)
(3 -3.198191863e-15 0)
(3 -4.255689122e-15 0)
(3 -4.832951722e-15 0)
(3 -4.323569585e-15 0)
(3 -3.193610386e-15 0)
(3 -1.804584617e-15 0)
(3 -1.831773555e-15 0)
(3 -3.236215711e-15 0)
(3 -2.707403804e-15 0)
(3 -2.072874723e-15 0)
(3 6.249169126e-16 0)
(3 6.806854352e-16 0)
(3 2.031567632e-15 0)
(3 2.160953192e-15 0)
(3 2.601965853e-15 0)
(3 1.399058623e-15 0)
(3 1.30680386e-15 0)
(3 -2.501465849e-16 0)
(3 -1.361270383e-15 0)
(3 -3.033734786e-15 0)
(3 -2.726152926e-15 0)
(3 -6.896724807e-16 0)
(3 1.016889642e-15 0)
(3 5.812361217e-16 0)
(3 7.745758592e-16 0)
(3 -4.814151848e-17 0)
(3 -5.903431367e-16 0)
(3 1.800652788e-16 0)
(3 2.361912895e-15 0)
(3 3.939181518e-15 0)
(3 4.238836888e-15 0)
(3 3.780187565e-15 0)
(3 3.312418666e-15 0)
(3 3.795950225e-15 0)
(3 2.963032675e-15 0)
(3 3.248205507e-15 0)
(3 3.563609328e-15 0)
(3 2.767360836e-15 0)
(3 2.359999173e-15 0)
(3 3.004718452e-15 0)
(3 2.516963565e-15 0)
(3 7.792934131e-16 0)
(3 -1.594846465e-15 0)
(3 -3.200705044e-15 0)
(3 -2.832907285e-15 0)
(3 -1.999119508e-15 0)
(3 -1.154392134e-15 0)
(3 1.320146077e-15 0)
(3 4.606099955e-15 0)
(3 5.958743159e-15 0)
(3 6.130433616e-15 0)
(3 5.059490585e-15 0)
(3 3.26852951e-15 0)
(3 4.94862675e-16 0)
(3 8.789179495e-17 0)
(3 7.32176593e-16 0)
(3 5.536478293e-16 0)
(3 3.695709006e-16 0)
(3 -9.495886116e-16 0)
(3 -9.77092739e-16 0)
(3 -1.106655084e-15 0)
(3 -1.870900961e-15 0)
(3 -2.417798879e-15 0)
(3 -2.633513945e-15 0)
(3 -2.505596062e-15 0)
(3 -2.719809008e-15 0)
(3 -2.445515908e-15 0)
(3 -1.401527609e-15 0)
(3 -8.610099036e-16 0)
(3 -5.673548565e-16 0)
(3 1.248017091e-16 0)
(3 1.073264528e-15 0)
(3 8.230112577e-16 0)
(3 -7.696519539e-16 0)
(3 -3.350475435e-15 0)
(3 -4.168840879e-15 0)
(3 -2.842474476e-15 0)
(3 -1.354852965e-15 0)
(3 -1.145742869e-15 0)
(3 -5.275694354e-16 0)
(3 -1.207964887e-15 0)
(3 -5.676404245e-16 0)
(3 4.996725415e-16 0)
(3 1.3652512e-15 0)
(3 7.733363116e-16 0)
(3 -9.449722585e-16 0)
(3 -2.173026736e-15 0)
(3 -6.842714605e-16 0)
(3 1.240477214e-16 0)
(3 1.005336817e-16 0)
(3 -2.418996751e-16 0)
(3 -1.384998945e-15 0)
(3 -3.61056238e-16 0)
(3 8.166412769e-16 0)
(3 2.373797582e-15 0)
(3 3.875343151e-15 0)
(3 4.371257387e-15 0)
(3 3.992293971e-15 0)
(3 2.641994309e-15 0)
(3 2.215099796e-15 0)
(3 2.191154326e-15 0)
(3 2.29284652e-15 0)
(3 3.383262347e-15 0)
(3 2.796856461e-15 0)
(3 2.178523832e-15 0)
(3 2.407085156e-15 0)
(3 5.896510468e-16 0)
(3 1.082544905e-16 0)
(3 3.523015766e-16 0)
(3 7.389059568e-16 0)
(3 1.690230153e-15 0)
(3 1.172926016e-15 0)
(3 1.197384086e-15 0)
(3 2.236380828e-15 0)
(3 3.283617363e-15 0)
(3 3.562271641e-15 0)
(3 2.878429713e-15 0)
(3 1.782574033e-15 0)
(3 4.059374033e-16 0)
(3 7.483257281e-17 0)
(3 9.886880495e-16 0)
(3 9.099231121e-16 0)
(3 3.690450793e-16 0)
(3 -4.315264167e-16 0)
(3 -1.324824613e-15 0)
(3 -1.48197855e-15 0)
(3 -1.629738786e-15 0)
(3 -1.01568435e-15 0)
(3 -8.873255502e-16 0)
(3 -1.565619235e-15 0)
(3 -2.0188203e-15 0)
(3 -2.300654538e-15 0)
(3 -1.779382822e-15 0)
(3 -3.437908067e-16 0)
(3 8.338337822e-16 0)
(3 1.760282411e-15 0)
(3 2.871843923e-15 0)
(3 2.992591866e-15 0)
(3 2.035613361e-15 0)
(3 9.282266345e-16 0)
(3 -9.235165401e-16 0)
(3 -2.367089764e-15 0)
(3 -2.21970802e-15 0)
(3 -9.707928331e-16 0)
(3 -1.804224951e-15 0)
(3 -3.120577355e-15 0)
(3 -3.255597914e-15 0)
(3 -1.476169347e-15 0)
(3 -3.775569923e-16 0)
(3 1.906056848e-15 0)
(3 1.886693388e-15 0)
(3 2.07866984e-15 0)
(3 1.626394224e-15 0)
(3 1.914768277e-15 0)
(3 1.202948517e-15 0)
(3 1.949264734e-15 0)
(3 1.525181011e-15 0)
(3 1.386960717e-15 0)
(3 4.733948585e-16 0)
(3 1.218689566e-15 0)
(3 8.980106984e-16 0)
(3 1.361397742e-15 0)
(3 1.476533402e-15 0)
(3 1.227515765e-15 0)
(3 9.897407232e-16 0)
(3 2.264929893e-15 0)
(3 3.103547069e-15 0)
(3 3.00856606e-15 0)
(3 3.055851333e-15 0)
(3 2.576779026e-15 0)
(3 2.64406861e-15 0)
(3 2.058670811e-15 0)
(3 2.616672939e-15 0)
(3 5.493897285e-15 0)
(3 7.693972299e-15 0)
(3 8.081761809e-15 0)
(3 6.967841759e-15 0)
(3 5.835216924e-15 0)
(3 3.618161539e-15 0)
(3 1.967895006e-15 0)
(3 1.412507102e-15 0)
(3 1.952894746e-15 0)
(3 -2.476177105e-16 0)
(3 -1.192651292e-15 0)
(3 -2.627385493e-15 0)
(3 -2.379581031e-16 0)
(3 -1.822078893e-16 0)
(3 -4.245799767e-16 0)
(3 -2.214068938e-16 0)
(3 4.045264403e-16 0)
(3 7.805569811e-16 0)
(3 -2.405537267e-16 0)
(3 -2.096332228e-16 0)
(3 1.735570676e-15 0)
(3 1.79393615e-15 0)
(3 1.03674573e-15 0)
(3 -3.141973476e-16 0)
(3 -6.713398003e-16 0)
(3 -7.465232463e-16 0)
(3 -2.012920327e-16 0)
(3 1.13733469e-15 0)
(3 1.558816755e-15 0)
(3 2.260492831e-15 0)
(3 3.070858704e-15 0)
(3 1.993691878e-15 0)
(3 1.518371672e-15 0)
(3 6.457665321e-16 0)
(3 -1.781427418e-17 0)
(3 -1.116095578e-15 0)
(3 -7.823099863e-16 0)
(3 -5.751727471e-16 0)
(3 4.495386869e-16 0)
(3 5.918274836e-16 0)
(3 8.577994315e-17 0)
(3 -3.963997838e-16 0)
(3 -5.257461801e-16 0)
(3 -1.173558514e-16 0)
(3 8.094985162e-16 0)
(3 1.071448064e-15 0)
(3 1.539421146e-15 0)
(3 3.044481823e-15 0)
(3 5.459757136e-15 0)
(3 4.84402731e-15 0)
(3 3.572882323e-15 0)
(3 2.724620928e-15 0)
(3 1.542459876e-15 0)
(3 1.436588557e-15 0)
(3 2.292216755e-15 0)
(3 2.529626793e-15 0)
(3 3.178845514e-15 0)
(3 4.165740503e-15 0)
(3 4.125651403e-15 0)
(3 3.477055601e-15 0)
(3 3.912282417e-15 0)
(3 4.801919073e-15 0)
(3 4.992143258e-15 0)
(3 4.104426145e-15 0)
(3 3.013672153e-15 0)
(3 5.113162219e-15 0)
(3 6.459892786e-15 0)
(3 7.698349472e-15 0)
(3 7.263558933e-15 0)
(3 6.00224765e-15 0)
(3 5.537103894e-15 0)
(3 3.176530212e-15 0)
(3 1.675958838e-15 0)
(3 -1.327181823e-15 0)
(3 -1.574667032e-15 0)
(3 9.890871448e-16 0)
(3 -1.701249295e-16 0)
(3 -7.994593333e-16 0)
(3 -1.019146e-16 0)
(3 6.612674805e-17 0)
(3 1.67331578e-16 0)
(3 3.788630674e-16 0)
(3 6.197989074e-16 0)
(3 1.393489004e-15 0)
(3 1.103861382e-15 0)
(3 1.284337685e-15 0)
(3 1.133857006e-15 0)
(3 5.555063023e-16 0)
(3 -1.110143212e-17 0)
(3 2.284884101e-16 0)
(3 7.632860226e-16 0)
(3 1.098854126e-15 0)
(3 1.04971173e-15 0)
(3 4.084745548e-16 0)
(3 -8.176574058e-16 0)
(3 -1.282598772e-15 0)
(3 -1.227376916e-15 0)
(3 -1.134955998e-15 0)
(3 -9.690361103e-16 0)
(3 -7.281833795e-17 0)
(3 3.605797207e-16 0)
(3 -9.10755931e-16 0)
(3 -5.949912885e-16 0)
(3 1.351292872e-15 0)
(3 3.794673875e-15 0)
(3 3.233297533e-15 0)
(3 2.469422475e-16 0)
(3 -1.486668968e-15 0)
(3 -1.996125594e-15 0)
(3 -2.625753809e-15 0)
(3 -1.862426938e-15 0)
(3 -2.943460996e-15 0)
(3 -2.07982848e-15 0)
(3 3.436110712e-16 0)
(3 3.075919808e-16 0)
(3 5.776352286e-16 0)
(3 1.29220004e-15 0)
(3 2.63039904e-15 0)
(3 3.092047562e-15 0)
(3 2.586088097e-15 0)
(3 1.2425879e-15 0)
(3 2.589966417e-15 0)
(3 3.135224987e-15 0)
(3 4.43830542e-15 0)
(3 4.681977875e-15 0)
(3 5.571388466e-15 0)
(3 6.895544256e-15 0)
(3 7.088410758e-15 0)
(3 6.541983164e-15 0)
(3 4.410050822e-15 0)
(3 3.335373778e-15 0)
(3 2.730061308e-15 0)
(3 3.188254226e-15 0)
(3 6.162990055e-15 0)
(3 8.657137085e-15 0)
(3 8.907145698e-15 0)
(3 7.724339825e-15 0)
(3 6.335953615e-15 0)
(3 3.219181548e-15 0)
(3 1.268470314e-15 0)
(3 6.812871148e-16 0)
(3 -4.042443007e-17 0)
(3 -1.019867834e-15 0)
(3 1.142836155e-17 0)
(3 2.055157135e-16 0)
(3 7.145127661e-16 0)
(3 -1.529740309e-17 0)
(3 -3.543472417e-16 0)
(3 -8.882671401e-16 0)
(3 -1.684033475e-15 0)
(3 1.959000275e-16 0)
(3 9.715430723e-17 0)
(3 -1.343067118e-15 0)
(3 -1.654693194e-15 0)
(3 -1.685476768e-15 0)
(3 -6.72252185e-16 0)
(3 1.619993454e-15 0)
(3 2.634488406e-15 0)
(3 1.555749514e-15 0)
(3 7.465622064e-17 0)
(3 -3.487141387e-16 0)
(3 -9.580892476e-16 0)
(3 -2.789368384e-15 0)
(3 -2.536840769e-15 0)
(3 -1.490669021e-15 0)
(3 2.252928294e-15 0)
(3 3.056787071e-15 0)
(3 2.761435574e-15 0)
(3 2.176647529e-15 0)
(3 2.427156075e-15 0)
(3 1.489539459e-15 0)
(3 2.349612932e-15 0)
(3 1.430053234e-15 0)
(3 9.469091926e-16 0)
(3 2.422245409e-16 0)
(3 -5.030894183e-16 0)
(3 -3.677365077e-16 0)
(3 -1.711268907e-15 0)
(3 -3.397836633e-15 0)
(3 -3.432030953e-15 0)
(3 -3.772475074e-15 0)
(3 -2.814350115e-15 0)
(3 4.358595382e-16 0)
(3 3.739877999e-15 0)
(3 4.536242479e-15 0)
(3 2.805837603e-15 0)
(3 1.571590904e-15 0)
(3 2.547664195e-15 0)
(3 5.041339101e-15 0)
(3 5.518545468e-15 0)
(3 6.714359144e-15 0)
(3 7.753216792e-15 0)
(3 7.321808054e-15 0)
(3 6.329317547e-15 0)
(3 6.145460145e-15 0)
(3 5.55528352e-15 0)
(3 5.877896835e-15 0)
(3 5.271056367e-15 0)
(3 5.967324495e-15 0)
(3 8.127911585e-15 0)
(3 1.047380671e-14 0)
(3 1.079554937e-14 0)
(3 9.632301108e-15 0)
(3 7.796119155e-15 0)
(3 6.204678751e-15 0)
(3 4.555255516e-15 0)
(3 3.19647769e-15 0)
(3 9.421264774e-16 0)
(3 1.287523773e-15 0)
(3 2.732838959e-15 0)
(3 3.569664451e-16 0)
(3 -1.067507714e-16 0)
(3 -3.082988801e-16 0)
(3 2.351785996e-17 0)
(3 -4.096834028e-16 0)
(3 -1.017015796e-15 0)
(3 -7.932005142e-16 0)
(3 -3.644790139e-16 0)
(3 -6.068618693e-16 0)
(3 -1.985575404e-15 0)
(3 -1.63880473e-15 0)
(3 -9.142517528e-16 0)
(3 7.334186285e-16 0)
(3 1.837112583e-15 0)
(3 5.55960873e-16 0)
(3 6.398377626e-16 0)
(3 9.583842465e-16 0)
(3 4.165850581e-16 0)
(3 3.573269229e-16 0)
(3 1.305855145e-15 0)
(3 3.27465434e-15 0)
(3 4.903836344e-15 0)
(3 6.089241012e-15 0)
(3 6.191421192e-15 0)
(3 5.67855914e-15 0)
(3 1.930035208e-15 0)
(3 -2.227402753e-15 0)
(3 -2.002972447e-15 0)
(3 -4.686784609e-16 0)
(3 -1.213789582e-15 0)
(3 -1.453231291e-15 0)
(3 -2.726306911e-16 0)
(3 -4.242354533e-16 0)
(3 -7.44411987e-16 0)
(3 -1.572635331e-15 0)
(3 -2.487776498e-15 0)
(3 -2.513303456e-15 0)
(3 -1.83040498e-15 0)
(3 -9.02911752e-16 0)
(3 -3.641616582e-16 0)
(3 -2.047907014e-16 0)
(3 1.389221727e-15 0)
(3 2.142459182e-15 0)
(3 4.733546177e-15 0)
(3 5.805159653e-15 0)
(3 6.55742328e-15 0)
(3 7.572731361e-15 0)
(3 8.589984264e-15 0)
(3 7.847602624e-15 0)
(3 6.249848994e-15 0)
(3 5.656122954e-15 0)
(3 8.163826478e-15 0)
(3 9.963056117e-15 0)
(3 9.622037967e-15 0)
(3 8.731993165e-15 0)
(3 6.698293339e-15 0)
(3 5.302086827e-15 0)
(3 4.224631417e-15 0)
(3 6.880654811e-15 0)
(3 6.055570565e-15 0)
(3 6.092671555e-15 0)
(3 5.340359819e-15 0)
(3 5.326144212e-15 0)
(3 5.581460261e-15 0)
(3 6.692951449e-15 0)
(3 6.795813359e-15 0)
(3 -3.572187744e-16 0)
(3 -8.580986895e-16 0)
(3 -1.1991899e-15 0)
(3 -1.058494324e-15 0)
(3 -8.566981132e-16 0)
(3 -2.208971477e-16 0)
(3 3.558533051e-16 0)
(3 6.144760958e-16 0)
(3 1.222271783e-15 0)
(3 1.019659617e-15 0)
(3 1.029461735e-15 0)
(3 3.450448231e-16 0)
(3 -1.61857002e-15 0)
(3 -8.920745391e-16 0)
(3 1.370429407e-16 0)
(3 1.18026853e-15 0)
(3 2.122095942e-15 0)
(3 2.561578845e-15 0)
(3 2.966271827e-15 0)
(3 3.35851618e-15 0)
(3 3.623052463e-15 0)
(3 3.453750111e-15 0)
(3 3.409491897e-15 0)
(3 1.940386299e-15 0)
(3 -4.22577321e-17 0)
(3 -3.554732354e-15 0)
(3 -5.537952388e-15 0)
(3 -5.023885152e-15 0)
(3 -4.587421454e-15 0)
(3 -4.100503112e-15 0)
(3 -2.859885159e-15 0)
(3 -3.974092834e-16 0)
(3 2.929056587e-16 0)
(3 2.242714642e-15 0)
(3 2.975236977e-15 0)
(3 2.40297835e-15 0)
(3 5.760654191e-16 0)
(3 -1.748588655e-15 0)
(3 -2.725295315e-15 0)
(3 -2.691948302e-15 0)
(3 -1.951038193e-15 0)
(3 3.350678377e-16 0)
(3 1.674501284e-15 0)
(3 3.926272703e-15 0)
(3 3.343188747e-15 0)
(3 3.462046974e-15 0)
(3 4.692439749e-15 0)
(3 5.137127491e-15 0)
(3 5.510943741e-15 0)
(3 5.684311566e-15 0)
(3 4.963516663e-15 0)
(3 7.804476744e-15 0)
(3 8.065267601e-15 0)
(3 7.39345212e-15 0)
(3 5.763950064e-15 0)
(3 4.155819856e-15 0)
(3 2.3047521e-15 0)
(3 -9.498326098e-16 0)
(3 -1.399424349e-15 0)
(3 1.517691854e-15 0)
(3 3.679743844e-15 0)
(3 6.556218556e-15 0)
(3 6.846742038e-15 0)
(3 7.945842471e-15 0)
(3 8.033707583e-15 0)
(3 7.325700594e-15 0)
(3 -4.069375178e-16 0)
(3 -1.63769856e-16 0)
(3 -1.222805671e-15 0)
(3 -2.513025789e-15 0)
(3 -1.079947129e-15 0)
(3 -5.752134022e-16 0)
(3 -8.007993386e-17 0)
(3 1.804318365e-17 0)
(3 1.327337963e-15 0)
(3 1.610158104e-15 0)
(3 -9.31308355e-17 0)
(3 -9.843682086e-16 0)
(3 -1.986369176e-15 0)
(3 -3.116036443e-15 0)
(3 -2.28375943e-15 0)
(3 -7.891093157e-16 0)
(3 -8.695540679e-16 0)
(3 2.927669691e-17 0)
(3 7.712562114e-16 0)
(3 1.291714619e-15 0)
(3 2.38473585e-15 0)
(3 2.949993515e-15 0)
(3 2.01345971e-15 0)
(3 9.79714869e-16 0)
(3 -6.664333517e-16 0)
(3 -3.916220523e-15 0)
(3 -7.931214289e-15 0)
(3 -8.028010559e-15 0)
(3 -6.641846713e-15 0)
(3 -2.769142091e-15 0)
(3 -5.785895352e-16 0)
(3 1.175398743e-15 0)
(3 4.626593098e-15 0)
(3 5.135150897e-15 0)
(3 3.70846989e-15 0)
(3 3.012349479e-15 0)
(3 3.879793086e-15 0)
(3 3.611352005e-15 0)
(3 2.314261551e-15 0)
(3 3.436032654e-15 0)
(3 4.817484215e-15 0)
(3 4.382911252e-15 0)
(3 2.884503276e-15 0)
(3 2.111409102e-15 0)
(3 5.426605937e-16 0)
(3 3.311749982e-16 0)
(3 -1.025563906e-17 0)
(3 -1.240992532e-15 0)
(3 8.363991143e-16 0)
(3 2.775261888e-15 0)
(3 5.006609518e-15 0)
(3 6.603012886e-15 0)
(3 5.600096866e-15 0)
(3 5.284063519e-15 0)
(3 4.505885335e-15 0)
(3 3.05889686e-15 0)
(3 1.349325345e-15 0)
(3 -1.094590615e-15 0)
(3 -1.728762424e-15 0)
(3 -2.194792726e-16 0)
(3 2.255692821e-15 0)
(3 6.657462633e-15 0)
(3 7.829900327e-15 0)
(3 6.593885836e-15 0)
(3 5.687178345e-15 0)
(3 4.978676802e-15 0)
(3 -6.712225635e-18 0)
(3 5.485475769e-17 0)
(3 3.030577757e-16 0)
(3 -5.868636032e-17 0)
(3 -6.049947063e-16 0)
(3 -8.392749732e-17 0)
(3 -4.045936409e-17 0)
(3 3.629632083e-16 0)
(3 4.13859451e-16 0)
(3 6.62515644e-16 0)
(3 2.683323164e-16 0)
(3 -5.54558911e-18 0)
(3 2.198066176e-16 0)
(3 -7.584375092e-16 0)
(3 -2.174482356e-15 0)
(3 -3.873513987e-15 0)
(3 -6.120541524e-15 0)
(3 -4.902039506e-15 0)
(3 -3.149072872e-15 0)
(3 -2.366898225e-15 0)
(3 -1.743087613e-15 0)
(3 -1.099822726e-15 0)
(3 -2.004560872e-15 0)
(3 -1.910872243e-15 0)
(3 -1.697731565e-15 0)
(3 -1.161691228e-15 0)
(3 -1.152976487e-16 0)
(3 -3.581247642e-15 0)
(3 -4.100066736e-15 0)
(3 -2.29365245e-15 0)
(3 -8.248965877e-16 0)
(3 6.492594591e-16 0)
(3 2.545131617e-15 0)
(3 4.37169049e-15 0)
(3 4.314056214e-15 0)
(3 3.955827891e-15 0)
(3 3.665279773e-15 0)
(3 2.901503909e-15 0)
(3 2.765634057e-15 0)
(3 3.028094497e-15 0)
(3 3.027666157e-15 0)
(3 1.581722063e-15 0)
(3 -3.528816636e-16 0)
(3 -1.784004268e-15 0)
(3 -8.088267874e-16 0)
(3 2.339975062e-16 0)
(3 -9.87869639e-16 0)
(3 -2.018435788e-15 0)
(3 -2.456419441e-15 0)
(3 -1.260874679e-15 0)
(3 2.926356899e-15 0)
(3 6.611787463e-15 0)
(3 7.377763118e-15 0)
(3 7.293044203e-15 0)
(3 5.48456448e-15 0)
(3 2.758544142e-15 0)
(3 -8.327704592e-16 0)
(3 -1.798941223e-15 0)
(3 -3.22342265e-15 0)
(3 -3.742690873e-15 0)
(3 -1.560140363e-15 0)
(3 -1.222108204e-15 0)
(3 2.618729353e-15 0)
(3 3.997635353e-15 0)
(3 3.602357777e-15 0)
(3 4.151869429e-15 0)
(3 -3.145649993e-16 0)
(3 -4.446773318e-16 0)
(3 -2.906500306e-16 0)
(3 8.420322429e-16 0)
(3 -5.355015626e-16 0)
(3 -4.293432138e-16 0)
(3 -6.70410286e-16 0)
(3 -4.131635579e-16 0)
(3 -8.605857202e-16 0)
(3 -5.998189009e-16 0)
(3 1.171808365e-15 0)
(3 1.205365817e-15 0)
(3 1.26690773e-15 0)
(3 5.546702584e-16 0)
(3 -1.696774509e-15 0)
(3 -3.664111764e-15 0)
(3 -3.74705591e-15 0)
(3 -3.247504608e-15 0)
(3 -2.896803182e-15 0)
(3 -2.611393294e-15 0)
(3 -2.120598182e-15 0)
(3 -2.713390911e-15 0)
(3 -1.022328644e-15 0)
(3 -2.074893643e-15 0)
(3 -2.742740096e-15 0)
(3 -6.951909908e-16 0)
(3 2.018589377e-15 0)
(3 2.022100508e-15 0)
(3 1.538683526e-15 0)
(3 1.811211224e-15 0)
(3 1.645883471e-15 0)
(3 1.475845527e-15 0)
(3 1.760439431e-15 0)
(3 3.261793878e-15 0)
(3 4.151947975e-15 0)
(3 3.15483599e-15 0)
(3 1.914358408e-15 0)
(3 1.185200138e-15 0)
(3 1.083056333e-15 0)
(3 6.037398684e-16 0)
(3 -5.490196986e-16 0)
(3 -2.149399266e-15 0)
(3 -3.017815317e-15 0)
(3 -3.441728687e-15 0)
(3 -2.704873035e-15 0)
(3 -1.864474692e-15 0)
(3 -7.160210193e-16 0)
(3 5.704700841e-16 0)
(3 8.990476075e-16 0)
(3 1.49901301e-15 0)
(3 2.709407725e-15 0)
(3 3.374848553e-15 0)
(3 5.204240372e-15 0)
(3 2.989701885e-15 0)
(3 1.840017331e-15 0)
(3 1.316291357e-15 0)
(3 4.706663702e-17 0)
(3 -2.810788046e-15 0)
(3 -3.458021128e-15 0)
(3 -4.261836677e-15 0)
(3 -4.089178988e-15 0)
(3 -4.63209928e-15 0)
(3 -3.020078951e-15 0)
(3 -9.1922544e-16 0)
(3 4.076472979e-16 0)
(3 2.25988001e-15 0)
(3 -2.190717599e-16 0)
(3 -5.703910838e-16 0)
(3 -8.340319781e-16 0)
(3 3.975490722e-16 0)
(3 7.667130019e-16 0)
(3 5.540288638e-16 0)
(3 -6.912744804e-16 0)
(3 -2.01743064e-15 0)
(3 -3.694023463e-15 0)
(3 -3.44127065e-15 0)
(3 -2.720925356e-15 0)
(3 -1.054387389e-15 0)
(3 -7.496078919e-16 0)
(3 -2.661368899e-16 0)
(3 4.89632529e-16 0)
(3 6.123065599e-16 0)
(3 1.168396627e-15 0)
(3 4.379865505e-16 0)
(3 -8.944898498e-16 0)
(3 -2.287078577e-15 0)
(3 -3.882598533e-15 0)
(3 -4.517946016e-15 0)
(3 -4.152436876e-15 0)
(3 -2.010262152e-15 0)
(3 -5.835639269e-17 0)
(3 2.014355773e-15 0)
(3 3.452042964e-15 0)
(3 3.061236778e-15 0)
(3 3.431184122e-15 0)
(3 3.301371833e-15 0)
(3 3.914446535e-15 0)
(3 4.480182348e-15 0)
(3 3.739498397e-15 0)
(3 3.359478238e-15 0)
(3 1.621709179e-15 0)
(3 1.124305711e-15 0)
(3 2.658417886e-16 0)
(3 -2.901199893e-16 0)
(3 -1.099793057e-15 0)
(3 -2.121657218e-15 0)
(3 -3.260799114e-15 0)
(3 -4.189023439e-15 0)
(3 -4.373100424e-15 0)
(3 -2.734136481e-15 0)
(3 -2.746597036e-15 0)
(3 -1.689059205e-15 0)
(3 -5.30611587e-16 0)
(3 2.28450651e-15 0)
(3 3.854841137e-15 0)
(3 2.653006515e-15 0)
(3 -9.356800486e-16 0)
(3 -2.606132544e-15 0)
(3 -2.65456161e-15 0)
(3 -4.126261358e-15 0)
(3 -4.699110471e-15 0)
(3 -3.581305562e-15 0)
(3 -3.674779183e-15 0)
(3 -5.204094235e-15 0)
(3 -2.700311562e-15 0)
(3 -2.531542371e-15 0)
(3 -4.959774946e-15 0)
(3 -5.399569535e-15 0)
(3 -5.006525694e-15 0)
(3 -3.73949386e-15 0)
(3 -9.882784653e-16 0)
(3 2.070339527e-15 0)
(3 -5.935888244e-17 0)
(3 4.076479379e-16 0)
(3 1.985214779e-16 0)
(3 7.693818405e-16 0)
(3 1.087910322e-15 0)
(3 4.430091999e-16 0)
(3 -8.366462638e-16 0)
(3 -2.022153777e-15 0)
(3 -2.493402879e-15 0)
(3 -1.617944244e-15 0)
(3 -1.29782731e-15 0)
(3 9.271137161e-16 0)
(3 2.833561354e-15 0)
(3 2.889627066e-15 0)
(3 3.385061273e-15 0)
(3 4.57961756e-15 0)
(3 3.683411092e-15 0)
(3 1.456230883e-15 0)
(3 2.292081797e-16 0)
(3 -1.144297694e-15 0)
(3 -2.921623175e-15 0)
(3 -2.906173202e-15 0)
(3 -2.30870725e-15 0)
(3 -5.041183664e-16 0)
(3 3.669105139e-15 0)
(3 6.362960158e-15 0)
(3 6.423660725e-15 0)
(3 5.968636122e-15 0)
(3 5.0535394e-15 0)
(3 3.636725654e-15 0)
(3 4.677262291e-15 0)
(3 4.992377209e-15 0)
(3 2.353023879e-15 0)
(3 1.561778818e-15 0)
(3 1.33728438e-15 0)
(3 2.466813674e-16 0)
(3 -4.772375915e-16 0)
(3 -7.736872029e-16 0)
(3 -4.692426088e-16 0)
(3 -1.229513646e-15 0)
(3 -2.28758716e-15 0)
(3 -3.992667016e-15 0)
(3 -4.243140056e-15 0)
(3 -1.490148591e-15 0)
(3 1.270496317e-15 0)
(3 3.447631569e-15 0)
(3 3.24860107e-15 0)
(3 4.248025725e-15 0)
(3 4.075315654e-15 0)
(3 1.503293156e-15 0)
(3 -2.46184462e-15 0)
(3 -5.436216014e-15 0)
(3 -6.361527218e-15 0)
(3 -4.979314647e-15 0)
(3 -5.789489072e-15 0)
(3 -5.58024793e-15 0)
(3 -5.113618615e-15 0)
(3 -4.926326314e-15 0)
(3 -4.353798132e-15 0)
(3 -3.327902664e-15 0)
(3 -4.339862626e-15 0)
(3 -4.664897639e-15 0)
(3 -4.20668672e-15 0)
(3 -3.345115832e-15 0)
(3 -1.221065926e-15 0)
(3 5.352173936e-16 0)
(3 8.608259664e-17 0)
(3 3.599948637e-16 0)
(3 4.613837375e-16 0)
(3 -3.358728428e-16 0)
(3 -6.651048281e-16 0)
(3 -5.906319743e-16 0)
(3 -6.973492191e-16 0)
(3 2.511196765e-16 0)
(3 7.119892285e-16 0)
(3 1.019337381e-15 0)
(3 1.543868788e-15 0)
(3 3.167522683e-15 0)
(3 3.852594794e-15 0)
(3 3.256471549e-15 0)
(3 2.871951654e-15 0)
(3 2.205744802e-15 0)
(3 1.469545824e-15 0)
(3 7.892630958e-16 0)
(3 1.660813471e-15 0)
(3 2.913483538e-16 0)
(3 -4.982577667e-17 0)
(3 1.59559254e-16 0)
(3 1.905082876e-15 0)
(3 3.081169034e-15 0)
(3 4.836668956e-15 0)
(3 7.725018021e-15 0)
(3 9.958279191e-15 0)
(3 1.092786436e-14 0)
(3 8.341405386e-15 0)
(3 4.158371519e-15 0)
(3 3.644730188e-15 0)
(3 2.66213276e-15 0)
(3 1.681298784e-15 0)
(3 9.540448494e-16 0)
(3 1.029662369e-15 0)
(3 1.111118845e-15 0)
(3 1.07062039e-15 0)
(3 8.444802124e-16 0)
(3 1.543719945e-15 0)
(3 1.035435468e-15 0)
(3 -1.736562553e-15 0)
(3 -3.026927131e-15 0)
(3 -2.534138539e-15 0)
(3 -2.120997422e-15 0)
(3 8.358814138e-16 0)
(3 2.396995563e-15 0)
(3 3.067492808e-15 0)
(3 1.8984314e-15 0)
(3 -1.934982096e-16 0)
(3 -1.302032255e-15 0)
(3 -2.625073145e-15 0)
(3 -5.188873854e-15 0)
(3 -5.492727503e-15 0)
(3 -4.316030516e-15 0)
(3 -5.113541331e-15 0)
(3 -7.409431728e-15 0)
(3 -5.574344659e-15 0)
(3 -3.739323726e-15 0)
(3 -3.632446884e-15 0)
(3 -2.518775912e-15 0)
(3 -4.222579005e-15 0)
(3 -4.81524107e-15 0)
(3 -5.224842515e-15 0)
(3 -4.718077057e-15 0)
(3 -3.086253215e-15 0)
(3 -1.386409538e-16 0)
(3 1.464260977e-16 0)
(3 -1.938498588e-16 0)
(3 8.041412406e-16 0)
(3 -1.868372779e-16 0)
(3 -6.039956458e-16 0)
(3 -9.950613346e-16 0)
(3 -1.222050929e-15 0)
(3 -5.237068034e-16 0)
(3 -9.844443153e-16 0)
(3 -1.816776164e-15 0)
(3 -1.079042186e-15 0)
(3 -1.174937129e-15 0)
(3 -5.877022037e-16 0)
(3 3.343938327e-16 0)
(3 -4.949442025e-17 0)
(3 -2.528496454e-17 0)
(3 7.451368727e-16 0)
(3 1.451542108e-15 0)
(3 2.556473107e-15 0)
(3 3.422457832e-15 0)
(3 3.770818018e-15 0)
(3 3.852064368e-15 0)
(3 4.539218851e-15 0)
(3 5.375459162e-15 0)
(3 4.352673612e-15 0)
(3 5.315070764e-15 0)
(3 8.083881183e-15 0)
(3 8.854177481e-15 0)
(3 7.904000815e-15 0)
(3 7.776807021e-15 0)
(3 5.35339224e-15 0)
(3 3.688526955e-15 0)
(3 4.627841845e-15 0)
(3 4.215190803e-15 0)
(3 2.792677611e-15 0)
(3 1.307153849e-15 0)
(3 1.347912787e-15 0)
(3 1.502954305e-15 0)
(3 4.165223969e-16 0)
(3 -1.496069659e-15 0)
(3 -4.677088079e-15 0)
(3 -4.901687461e-15 0)
(3 -3.256341491e-15 0)
(3 -2.502652775e-15 0)
(3 -2.403988298e-15 0)
(3 -3.130909238e-15 0)
(3 -2.70865516e-15 0)
(3 -5.101932951e-15 0)
(3 -4.758316164e-15 0)
(3 -4.815098247e-15 0)
(3 -5.284254539e-15 0)
(3 -4.866653501e-15 0)
(3 -5.83766251e-15 0)
(3 -7.052695664e-15 0)
(3 -7.505303868e-15 0)
(3 -8.905951349e-15 0)
(3 -8.049343904e-15 0)
(3 -5.199942792e-15 0)
(3 -3.44955276e-15 0)
(3 -4.04410373e-15 0)
(3 -3.191499605e-15 0)
(3 -4.869241926e-15 0)
(3 -5.578366055e-15 0)
(3 -5.667031276e-15 0)
(3 -2.668699972e-15 0)
(3 -3.866215968e-16 0)
(3 6.361008209e-17 0)
(3 -2.201405101e-16 0)
(3 -6.87441715e-16 0)
(3 3.58870335e-16 0)
(3 4.711056394e-17 0)
(3 -1.631422813e-15 0)
(3 -1.700684836e-15 0)
(3 -1.586860536e-15 0)
(3 -1.046764708e-15 0)
(3 -6.963903129e-16 0)
(3 8.886002795e-16 0)
(3 3.565274517e-16 0)
(3 5.364890492e-16 0)
(3 5.608651405e-16 0)
(3 3.87768836e-16 0)
(3 1.51944697e-15 0)
(3 1.795576136e-15 0)
(3 1.947744692e-15 0)
(3 2.602934067e-15 0)
(3 3.310489411e-15 0)
(3 3.477270791e-15 0)
(3 2.779485364e-15 0)
(3 2.753996872e-15 0)
(3 2.550252041e-15 0)
(3 2.673696296e-15 0)
(3 3.301907331e-15 0)
(3 3.413440044e-15 0)
(3 3.818349044e-15 0)
(3 4.063197447e-15 0)
(3 3.674885706e-15 0)
(3 2.515327908e-15 0)
(3 3.173594851e-15 0)
(3 2.520754815e-15 0)
(3 3.886651962e-15 0)
(3 2.86956595e-15 0)
(3 2.565826335e-15 0)
(3 2.550743711e-15 0)
(3 4.417322646e-16 0)
(3 -2.256631339e-15 0)
(3 -3.151743567e-15 0)
(3 -2.881172917e-15 0)
(3 -2.006343983e-15 0)
(3 -2.709014279e-15 0)
(3 -3.360867042e-15 0)
(3 -5.15367657e-15 0)
(3 -6.976623497e-15 0)
(3 -7.743139717e-15 0)
(3 -9.806765135e-15 0)
(3 -9.879999196e-15 0)
(3 -8.74039752e-15 0)
(3 -6.769686632e-15 0)
(3 -4.79770267e-15 0)
(3 -6.381935712e-15 0)
(3 -9.995642629e-15 0)
(3 -8.945482553e-15 0)
(3 -5.551912638e-15 0)
(3 -3.197872691e-15 0)
(3 -2.989123179e-15 0)
(3 -3.345068577e-15 0)
(3 -2.883039344e-15 0)
(3 7.504115311e-16 0)
(3 1.228299985e-15 0)
(3 4.557025902e-16 0)
(3 -1.301512185e-15 0)
(3 -2.312712139e-15 0)
(3 -1.980443422e-15 0)
(3 -1.42125427e-17 0)
(3 -1.665796102e-16 0)
(3 -2.213411041e-16 0)
(3 -1.553607343e-16 0)
(3 3.032119212e-16 0)
(3 4.335633506e-16 0)
(3 -9.09249619e-17 0)
(3 -1.361403171e-16 0)
(3 4.83945891e-16 0)
(3 1.960227456e-15 0)
(3 2.246642626e-15 0)
(3 1.112530363e-15 0)
(3 -3.149387009e-16 0)
(3 -6.297697874e-16 0)
(3 -6.432975373e-16 0)
(3 1.733300086e-16 0)
(3 -7.772537247e-16 0)
(3 -6.956928185e-16 0)
(3 4.062471795e-17 0)
(3 1.641209657e-15 0)
(3 1.961087755e-15 0)
(3 1.923116395e-15 0)
(3 6.107264109e-16 0)
(3 -1.062708401e-15 0)
(3 -7.529365937e-16 0)
(3 -1.0185199e-15 0)
(3 -2.214656249e-15 0)
(3 -2.153587497e-15 0)
(3 -1.200587228e-15 0)
(3 -2.291324517e-16 0)
(3 2.465760912e-15 0)
(3 2.545508432e-15 0)
(3 3.552143482e-16 0)
(3 7.316263384e-16 0)
(3 1.550648999e-15 0)
(3 2.066112378e-15 0)
(3 7.346953655e-16 0)
(3 -4.933065476e-16 0)
(3 -2.277306476e-15 0)
(3 -3.22475344e-15 0)
(3 -2.397431329e-15 0)
(3 -1.04325371e-15 0)
(3 -1.99312233e-15 0)
(3 -4.090559423e-15 0)
)
;

boundaryField
{
    inlet
    {
        type            fixedValue;
        value           uniform (3 0 0);
    }
    outlet
    {
        type            inletOutlet;
        inletValue      nonuniform 0();
        value           nonuniform 0();
    }
    bottom
    {
        type            slip;
    }
    top
    {
        type            slip;
    }
    obstacle
    {
        type            slip;
    }
    defaultFaces
    {
        type            empty;
    }
    procBoundary0to1
    {
        type            processor;
        value           nonuniform List<vector> 
33
(
(3 -1.648965776e-15 0)
(3 -4.781432678e-15 0)
(3 -7.615927741e-15 0)
(3 -5.035094394e-15 0)
(3 3.100079373e-16 0)
(3 2.595106991e-15 0)
(3 1.37662438e-15 0)
(3 2.203526394e-15 0)
(3 -4.6457452e-16 0)
(3 -2.03831494e-15 0)
(3 -3.897413148e-15 0)
(3 -4.376945612e-15 0)
(3 -2.414108393e-15 0)
(3 1.070117456e-15 0)
(3 8.797111499e-16 0)
(3 4.054677102e-15 0)
(3 4.469074703e-15 0)
(3 2.083008877e-15 0)
(3 -1.150452273e-15 0)
(3 -4.199329008e-15 0)
(3 -1.953851797e-15 0)
(3 4.456918883e-16 0)
(3 1.833469902e-15 0)
(3 6.152764845e-15 0)
(3 7.917844391e-15 0)
(3 5.332978666e-15 0)
(3 3.513154303e-15 0)
(3 2.936938113e-15 0)
(3 3.756602528e-15 0)
(3 3.03937882e-15 0)
(3 9.154000772e-16 0)
(3 -2.163631746e-15 0)
(3 -2.108492302e-15 0)
)
;
    }
    procBoundary0to6
    {
        type            processor;
        value           nonuniform List<vector> 
67
(
(3 -5.828563271e-15 0)
(3 -5.924014774e-15 0)
(3 -8.210803824e-15 0)
(3 -1.008398004e-14 0)
(3 -1.100197807e-14 0)
(3 -9.966739362e-15 0)
(3 -9.776107799e-15 0)
(3 -6.905843747e-15 0)
(3 -5.088032229e-15 0)
(3 -5.267102667e-15 0)
(3 -4.072217665e-15 0)
(3 -1.622635481e-15 0)
(3 1.727737096e-15 0)
(3 3.829038093e-15 0)
(3 4.488995997e-15 0)
(3 5.126973555e-15 0)
(3 4.692365301e-15 0)
(3 5.610350307e-15 0)
(3 6.316825303e-15 0)
(3 6.051906472e-15 0)
(3 3.09422589e-15 0)
(3 -1.298553862e-15 0)
(3 -1.942174938e-16 0)
(3 6.132028844e-16 0)
(3 4.257573217e-16 0)
(3 -7.11409303e-16 0)
(3 -2.58917404e-16 0)
(3 1.095922597e-16 0)
(3 -3.926736143e-16 0)
(3 -1.110466466e-15 0)
(3 -2.36265679e-16 0)
(3 3.609841759e-16 0)
(3 -1.241371784e-15 0)
(3 -2.875799354e-15 0)
(3 -3.42768439e-15 0)
(3 -3.293925915e-15 0)
(3 -2.670562226e-15 0)
(3 -2.656990679e-15 0)
(3 -2.597098388e-15 0)
(3 -3.089246461e-15 0)
(3 -3.476954024e-15 0)
(3 -1.419624746e-15 0)
(3 -1.501691007e-16 0)
(3 -3.454270633e-17 0)
(3 -1.038533996e-16 0)
(3 -9.804944963e-16 0)
(3 -4.558147106e-15 0)
(3 -4.713257606e-15 0)
(3 -4.612303222e-15 0)
(3 -3.992390717e-15 0)
(3 -1.613399288e-15 0)
(3 2.223828312e-15 0)
(3 4.572509259e-15 0)
(3 3.319849677e-15 0)
(3 3.249831195e-15 0)
(3 1.657645193e-15 0)
(3 2.581309171e-15 0)
(3 3.610255084e-16 0)
(3 -1.039833661e-15 0)
(3 -2.717706036e-15 0)
(3 -4.520360647e-15 0)
(3 -4.899462656e-15 0)
(3 -3.045141819e-15 0)
(3 -1.695181766e-15 0)
(3 -1.840899038e-15 0)
(3 -5.828563271e-15 0)
(3 -3.31680603e-15 0)
)
;
    }
}


// ************************************************************************* //
