/*--------------------------------*- C++ -*----------------------------------*\
  =========                 |
  \\      /  F ield         | OpenFOAM: The Open Source CFD Toolbox
   \\    /   O peration     | Website:  https://openfoam.org
    \\  /    A nd           | Version:  7
     \\/     M anipulation  |
\*---------------------------------------------------------------------------*/
FoamFile
{
    version     2.0;
    format      ascii;
    class       volVectorField;
    location    "2.8";
    object      U;
}
// * * * * * * * * * * * * * * * * * * * * * * * * * * * * * * * * * * * * * //

dimensions      [0 1 -1 0 0 0 0];

internalField   nonuniform List<vector> 
2222
(
(3 -7.837100097e-15 0)
(3 -7.841152749e-15 0)
(3 -7.568477809e-15 0)
(3 -8.848908901e-15 0)
(3 -1.16496115e-14 0)
(3 -1.109546637e-14 0)
(3 -1.056679631e-14 0)
(3 -8.698945944e-15 0)
(3 -3.707652056e-15 0)
(3 -3.625484116e-16 0)
(3 3.867430316e-17 0)
(3 3.664314e-15 0)
(3 5.289322382e-15 0)
(3 4.023376219e-15 0)
(3 4.093215807e-15 0)
(3 4.854230485e-15 0)
(3 2.384493814e-15 0)
(3 -9.728843153e-18 0)
(3 -1.558676443e-15 0)
(3 -5.520518517e-15 0)
(3 -1.127443284e-14 0)
(3 -1.418921829e-14 0)
(3 -1.556126651e-14 0)
(3 -9.01136175e-16 0)
(3 -3.048346395e-15 0)
(3 -3.280077434e-15 0)
(3 -2.682942483e-15 0)
(3 1.553956863e-15 0)
(3 2.894764475e-15 0)
(3 2.378696219e-15 0)
(3 4.710118368e-16 0)
(3 -1.442534277e-16 0)
(3 -1.550135881e-15 0)
(3 -4.361948006e-15 0)
(3 -9.079275503e-15 0)
(3 -9.533261174e-15 0)
(3 -9.987954973e-15 0)
(3 -1.017846791e-14 0)
(3 -7.292659694e-15 0)
(3 -8.55927501e-15 0)
(3 -7.377028372e-15 0)
(3 -5.58847949e-15 0)
(3 -1.768452054e-15 0)
(3 3.519949616e-15 0)
(3 9.023139834e-15 0)
(3 1.146870084e-14 0)
(3 9.98442895e-15 0)
(3 9.25997973e-15 0)
(3 7.717043069e-15 0)
(3 9.136460343e-15 0)
(3 7.091931423e-15 0)
(3 5.42704487e-15 0)
(3 4.713588036e-15 0)
(3 1.67958211e-15 0)
(3 8.646983046e-16 0)
(3 2.103331471e-16 0)
(3 5.346007932e-16 0)
(3 -1.896106526e-15 0)
(3 -5.952334584e-15 0)
(3 -7.429574893e-15 0)
(3 -1.569049659e-14 0)
(3 -1.907858461e-14 0)
(3 -1.61978573e-14 0)
(3 -1.316827515e-14 0)
(3 -1.179629331e-14 0)
(3 -1.326847175e-14 0)
(3 -1.228254861e-14 0)
(3 -9.666852871e-15 0)
(3 -6.967315758e-15 0)
(3 -8.095980117e-15 0)
(3 -6.134379013e-15 0)
(3 -6.312387176e-15 0)
(3 -1.213514618e-14 0)
(3 -1.421976505e-14 0)
(3 -1.186680969e-14 0)
(3 -3.174082579e-15 0)
(3 4.159024382e-15 0)
(3 5.043251495e-15 0)
(3 6.028899335e-15 0)
(3 4.980168593e-15 0)
(3 2.399984994e-15 0)
(3 -5.46060481e-15 0)
(3 -5.61774435e-15 0)
(3 -6.639338407e-15 0)
(3 -5.447598551e-15 0)
(3 -3.726639663e-15 0)
(3 -3.558748403e-15 0)
(3 -6.97249681e-15 0)
(3 -1.235468918e-14 0)
(3 -1.680138211e-14 0)
(3 4.37665778e-16 0)
(3 -4.025530353e-17 0)
(3 -1.480694221e-15 0)
(3 -1.582555735e-15 0)
(3 -4.713829814e-16 0)
(3 -2.449765738e-16 0)
(3 -1.919163939e-15 0)
(3 -4.241036231e-15 0)
(3 -6.086834907e-15 0)
(3 -6.638168122e-15 0)
(3 -8.522530477e-15 0)
(3 -8.617867295e-15 0)
(3 -1.049418051e-14 0)
(3 -9.694760588e-15 0)
(3 -8.487754309e-15 0)
(3 -9.11335053e-15 0)
(3 -8.043612734e-15 0)
(3 -6.668004755e-15 0)
(3 -6.741547015e-15 0)
(3 -4.924406204e-15 0)
(3 -2.812639124e-16 0)
(3 2.867570449e-15 0)
(3 -7.183138848e-16 0)
(3 -2.031201942e-15 0)
(3 -1.936177893e-15 0)
(3 9.373116671e-16 0)
(3 3.250924816e-15 0)
(3 3.943286012e-15 0)
(3 5.901874478e-15 0)
(3 5.479249768e-15 0)
(3 4.509597998e-15 0)
(3 2.332571975e-15 0)
(3 3.989084222e-15 0)
(3 7.058266202e-15 0)
(3 8.555467641e-15 0)
(3 5.69374078e-15 0)
(3 3.746673622e-15 0)
(3 -1.315679134e-15 0)
(3 -7.680170859e-15 0)
(3 -5.567546776e-15 0)
(3 -4.094144265e-15 0)
(3 -5.095308531e-15 0)
(3 -5.750758376e-15 0)
(3 -8.465886596e-15 0)
(3 -1.04200424e-14 0)
(3 -1.025706328e-14 0)
(3 -7.917226778e-15 0)
(3 -1.567007239e-15 0)
(3 2.220423663e-15 0)
(3 1.059030383e-15 0)
(3 -3.212060421e-16 0)
(3 -2.754802477e-15 0)
(3 -5.256810805e-15 0)
(3 -3.820567082e-15 0)
(3 -2.732090035e-15 0)
(3 -2.156384943e-15 0)
(3 -6.492786409e-15 0)
(3 -8.353442146e-15 0)
(3 -1.558216446e-14 0)
(3 -1.950000461e-14 0)
(3 -2.271139617e-14 0)
(3 -2.070275208e-14 0)
(3 -1.581278285e-14 0)
(3 -8.164203891e-15 0)
(3 -3.638818558e-15 0)
(3 -4.92216143e-15 0)
(3 -1.475316134e-14 0)
(3 1.66587528e-16 0)
(3 2.423091534e-15 0)
(3 2.530227587e-15 0)
(3 2.170122554e-15 0)
(3 8.199923818e-16 0)
(3 -2.931634236e-16 0)
(3 -8.128903118e-16 0)
(3 -1.689594109e-15 0)
(3 -3.054568867e-15 0)
(3 -2.762083418e-15 0)
(3 -1.062842829e-15 0)
(3 -9.152699058e-16 0)
(3 -1.726599063e-15 0)
(3 -2.947806182e-15 0)
(3 -3.435940598e-15 0)
(3 -3.22702741e-15 0)
(3 -2.090151813e-15 0)
(3 -1.197320654e-15 0)
(3 -2.575176132e-15 0)
(3 -3.996473873e-15 0)
(3 -6.448882261e-15 0)
(3 -1.138706521e-14 0)
(3 -1.222814334e-14 0)
(3 -1.309502164e-14 0)
(3 -1.250661311e-14 0)
(3 -1.099165511e-14 0)
(3 -1.348285865e-14 0)
(3 -1.180260227e-14 0)
(3 -9.522925406e-15 0)
(3 -8.022455332e-15 0)
(3 -4.852962404e-15 0)
(3 -2.791430627e-15 0)
(3 -9.757084202e-16 0)
(3 4.012456816e-15 0)
(3 1.027908318e-14 0)
(3 1.338802222e-14 0)
(3 1.464832287e-14 0)
(3 1.326647092e-14 0)
(3 1.185873448e-14 0)
(3 5.647127035e-15 0)
(3 5.920893754e-16 0)
(3 3.731962712e-15 0)
(3 5.386868351e-15 0)
(3 3.135384286e-15 0)
(3 1.603245706e-15 0)
(3 3.204360523e-15 0)
(3 4.790216772e-15 0)
(3 3.007398488e-15 0)
(3 3.997001655e-15 0)
(3 4.74449374e-15 0)
(3 3.711494693e-15 0)
(3 4.033645413e-15 0)
(3 4.606712603e-16 0)
(3 -3.538239335e-15 0)
(3 -8.623726193e-15 0)
(3 -9.887489204e-15 0)
(3 -1.56414055e-14 0)
(3 -2.366828843e-14 0)
(3 -2.56251818e-14 0)
(3 -2.439881767e-14 0)
(3 -2.39215751e-14 0)
(3 -2.324924817e-14 0)
(3 -1.740687334e-14 0)
(3 -1.390159184e-14 0)
(3 -1.281287155e-14 0)
(3 -1.615349245e-14 0)
(3 -2.241315186e-14 0)
(3 -4.954891781e-17 0)
(3 4.132255912e-17 0)
(3 4.856695717e-16 0)
(3 7.972321208e-16 0)
(3 3.591694063e-16 0)
(3 5.246043085e-17 0)
(3 2.780517295e-15 0)
(3 4.110318712e-15 0)
(3 4.664265521e-15 0)
(3 5.044215604e-15 0)
(3 5.480179961e-15 0)
(3 4.812658475e-15 0)
(3 3.962192454e-15 0)
(3 1.672600951e-15 0)
(3 -1.383503658e-15 0)
(3 -1.704181598e-15 0)
(3 -3.642481331e-15 0)
(3 -3.66666147e-15 0)
(3 -3.445237711e-15 0)
(3 -3.062946264e-15 0)
(3 -4.147179297e-15 0)
(3 -6.206855012e-15 0)
(3 -8.503959962e-15 0)
(3 -1.144287055e-14 0)
(3 -1.637971974e-14 0)
(3 -1.99244054e-14 0)
(3 -1.994739505e-14 0)
(3 -1.74987114e-14 0)
(3 -1.413799781e-14 0)
(3 -8.785626416e-15 0)
(3 -3.365142288e-15 0)
(3 3.192908542e-15 0)
(3 4.437351403e-15 0)
(3 5.670274121e-15 0)
(3 8.654073281e-15 0)
(3 1.354627954e-14 0)
(3 1.493643471e-14 0)
(3 1.634882069e-14 0)
(3 1.653198783e-14 0)
(3 1.556566055e-14 0)
(3 1.24432567e-14 0)
(3 1.137876588e-14 0)
(3 1.348122852e-14 0)
(3 1.369623018e-14 0)
(3 1.496016552e-14 0)
(3 1.963718559e-14 0)
(3 1.793003294e-14 0)
(3 1.117446551e-14 0)
(3 4.339800493e-15 0)
(3 2.292883187e-16 0)
(3 -5.029833762e-15 0)
(3 -6.502101779e-15 0)
(3 -1.130898138e-14 0)
(3 -2.069104901e-14 0)
(3 -2.270600264e-14 0)
(3 -2.282307107e-14 0)
(3 -2.137469748e-14 0)
(3 -2.029037143e-14 0)
(3 -1.996585291e-14 0)
(3 -1.924790525e-14 0)
(3 -1.927662506e-14 0)
(3 -1.547089e-14 0)
(3 -1.601308937e-14 0)
(3 -1.899460736e-14 0)
(3 -2.511711461e-14 0)
(3 -2.549875962e-14 0)
(3 -2.321329302e-14 0)
(3 2.482028568e-16 0)
(3 -1.420186912e-15 0)
(3 -1.402797562e-15 0)
(3 -2.125123558e-16 0)
(3 -2.148063548e-16 0)
(3 -1.829616117e-15 0)
(3 9.157751475e-16 0)
(3 4.963456285e-15 0)
(3 6.674512574e-15 0)
(3 7.60749096e-15 0)
(3 8.583250506e-15 0)
(3 7.157188746e-15 0)
(3 6.277481482e-15 0)
(3 5.73961013e-15 0)
(3 3.922740279e-15 0)
(3 4.290277097e-15 0)
(3 2.019289727e-15 0)
(3 8.905668303e-17 0)
(3 -5.390582931e-16 0)
(3 -1.509216564e-15 0)
(3 -2.025054112e-15 0)
(3 -2.821565919e-15 0)
(3 -4.373258913e-15 0)
(3 -5.398794209e-15 0)
(3 -6.834274171e-15 0)
(3 -3.728278392e-15 0)
(3 -3.152402524e-15 0)
(3 -2.215141189e-15 0)
(3 -1.401945865e-15 0)
(3 4.63503411e-16 0)
(3 1.14883654e-15 0)
(3 2.808586382e-15 0)
(3 3.99771829e-15 0)
(3 5.553643882e-15 0)
(3 7.421776022e-15 0)
(3 9.999236565e-15 0)
(3 1.235755395e-14 0)
(3 1.748688572e-14 0)
(3 1.972812772e-14 0)
(3 1.947353439e-14 0)
(3 1.69067118e-14 0)
(3 1.511154894e-14 0)
(3 1.491093686e-14 0)
(3 1.383964058e-14 0)
(3 1.205257468e-14 0)
(3 1.27175786e-14 0)
(3 1.284944666e-14 0)
(3 1.18545606e-14 0)
(3 9.699369357e-15 0)
(3 8.364930662e-15 0)
(3 7.735020698e-15 0)
(3 1.366591381e-15 0)
(3 -6.187090638e-15 0)
(3 -9.937110481e-15 0)
(3 -1.255025826e-14 0)
(3 -1.370044117e-14 0)
(3 -1.406251227e-14 0)
(3 -1.407996262e-14 0)
(3 -1.127919482e-14 0)
(3 -1.336139011e-14 0)
(3 -1.566752237e-14 0)
(3 -1.700510719e-14 0)
(3 -1.947936936e-14 0)
(3 -2.574516452e-14 0)
(3 -3.021634403e-14 0)
(3 -2.692316317e-14 0)
(3 -2.184682431e-14 0)
(3 4.053923134e-17 0)
(3 6.669804114e-16 0)
(3 1.595231196e-15 0)
(3 2.809495721e-15 0)
(3 2.011881485e-15 0)
(3 6.807742908e-16 0)
(3 -6.177401676e-16 0)
(3 -7.560414738e-16 0)
(3 -3.690274886e-16 0)
(3 1.014950795e-15 0)
(3 3.67914221e-15 0)
(3 3.457122906e-15 0)
(3 4.878707777e-15 0)
(3 5.763142634e-15 0)
(3 6.963535526e-15 0)
(3 5.439630629e-15 0)
(3 4.986817703e-15 0)
(3 2.527707399e-15 0)
(3 -4.758590591e-16 0)
(3 -5.131373263e-15 0)
(3 -8.083674804e-15 0)
(3 -7.362952255e-15 0)
(3 -6.75351418e-15 0)
(3 -2.371739275e-15 0)
(3 2.26033717e-15 0)
(3 9.433675988e-15 0)
(3 1.291060796e-14 0)
(3 1.184999058e-14 0)
(3 1.442172329e-14 0)
(3 1.419446543e-14 0)
(3 1.302056873e-14 0)
(3 1.27861137e-14 0)
(3 1.343430449e-14 0)
(3 1.271275113e-14 0)
(3 1.239759747e-14 0)
(3 1.263680118e-14 0)
(3 1.413165585e-14 0)
(3 1.913681638e-14 0)
(3 1.587060701e-14 0)
(3 1.54041811e-14 0)
(3 1.417908814e-14 0)
(3 1.625484208e-14 0)
(3 1.865805217e-14 0)
(3 1.871447572e-14 0)
(3 1.837105347e-14 0)
(3 1.735256006e-14 0)
(3 1.656424031e-14 0)
(3 1.376694169e-14 0)
(3 1.173546186e-14 0)
(3 8.122725931e-15 0)
(3 -1.756925366e-16 0)
(3 -7.423432722e-15 0)
(3 -9.711034054e-15 0)
(3 -9.418442565e-15 0)
(3 -9.884233471e-15 0)
(3 -9.257833648e-15 0)
(3 -9.099493333e-15 0)
(3 -7.078707177e-15 0)
(3 -4.585666957e-15 0)
(3 -3.111895532e-15 0)
(3 -5.702339249e-15 0)
(3 -1.415419216e-14 0)
(3 -1.822266932e-14 0)
(3 -1.89907206e-14 0)
(3 -1.975946736e-14 0)
(3 -2.063086432e-14 0)
(3 -2.134438837e-14 0)
(3 1.844873159e-16 0)
(3 1.220950413e-15 0)
(3 8.267438179e-16 0)
(3 -1.39321938e-15 0)
(3 -1.07192143e-15 0)
(3 -1.035290083e-16 0)
(3 -2.175873982e-15 0)
(3 -4.449044885e-15 0)
(3 -4.606611723e-15 0)
(3 -4.898937342e-15 0)
(3 -6.032126383e-15 0)
(3 -5.903960627e-15 0)
(3 -4.020751227e-15 0)
(3 -2.862321041e-15 0)
(3 -2.670341577e-15 0)
(3 -3.589547163e-15 0)
(3 -3.490758114e-15 0)
(3 -4.599104619e-15 0)
(3 -5.063136637e-15 0)
(3 -3.772621165e-15 0)
(3 -3.240101939e-15 0)
(3 -6.058574817e-15 0)
(3 -1.155175623e-15 0)
(3 3.672076532e-15 0)
(3 6.5054079e-15 0)
(3 6.355639455e-15 0)
(3 7.495375513e-15 0)
(3 9.157421793e-15 0)
(3 1.302107545e-14 0)
(3 1.499027414e-14 0)
(3 1.88972617e-14 0)
(3 1.906889523e-14 0)
(3 2.117060322e-14 0)
(3 2.263031673e-14 0)
(3 2.073824714e-14 0)
(3 1.623642946e-14 0)
(3 1.454404302e-14 0)
(3 1.396520939e-14 0)
(3 1.050640099e-14 0)
(3 1.067760125e-14 0)
(3 1.244521293e-14 0)
(3 1.539157738e-14 0)
(3 1.749330272e-14 0)
(3 2.043193173e-14 0)
(3 2.204346993e-14 0)
(3 1.926308825e-14 0)
(3 1.557326334e-14 0)
(3 7.341837233e-15 0)
(3 2.313921047e-15 0)
(3 -2.171280418e-15 0)
(3 -7.628474001e-15 0)
(3 -1.228588512e-14 0)
(3 -1.409370573e-14 0)
(3 -1.458878399e-14 0)
(3 -1.433647226e-14 0)
(3 -1.203176973e-14 0)
(3 -7.316458154e-15 0)
(3 -3.564076735e-15 0)
(3 1.243594121e-15 0)
(3 6.80399118e-16 0)
(3 -1.856737416e-15 0)
(3 -7.948771414e-15 0)
(3 -1.402238681e-14 0)
(3 -1.497136487e-14 0)
(3 -1.895916893e-14 0)
(3 -2.24153083e-14 0)
(3 -2.114263683e-14 0)
(3 -5.109877061e-16 0)
(3 -1.43162682e-15 0)
(3 -2.12449209e-15 0)
(3 -2.347542071e-15 0)
(3 -1.702970613e-15 0)
(3 -3.231297969e-15 0)
(3 -3.430961193e-15 0)
(3 -1.996239289e-15 0)
(3 -4.411627716e-15 0)
(3 -4.151233942e-15 0)
(3 -5.176246665e-15 0)
(3 -6.249664729e-15 0)
(3 -9.397470908e-15 0)
(3 -1.14200503e-14 0)
(3 -1.120774783e-14 0)
(3 -9.403102347e-15 0)
(3 -6.57824106e-15 0)
(3 -3.096888493e-15 0)
(3 8.364719137e-16 0)
(3 3.861185878e-15 0)
(3 5.013022035e-15 0)
(3 5.182543449e-15 0)
(3 5.662823204e-15 0)
(3 5.089748033e-15 0)
(3 5.439095885e-15 0)
(3 4.24324692e-15 0)
(3 4.187852675e-15 0)
(3 5.610989834e-15 0)
(3 8.886168394e-15 0)
(3 1.396466351e-14 0)
(3 1.43686995e-14 0)
(3 1.128814329e-14 0)
(3 8.447327966e-15 0)
(3 6.319188375e-15 0)
(3 1.595185127e-15 0)
(3 1.404107417e-16 0)
(3 2.37918734e-15 0)
(3 4.064567106e-15 0)
(3 6.089150789e-15 0)
(3 7.922334055e-15 0)
(3 1.16606835e-14 0)
(3 1.437302263e-14 0)
(3 1.65707534e-14 0)
(3 1.870132466e-14 0)
(3 1.937370816e-14 0)
(3 1.332441193e-14 0)
(3 9.689854236e-15 0)
(3 3.413230147e-15 0)
(3 -4.30306832e-15 0)
(3 -1.150615025e-14 0)
(3 -1.573220134e-14 0)
(3 -2.048060454e-14 0)
(3 -2.097488919e-14 0)
(3 -2.159712374e-14 0)
(3 -2.047665332e-14 0)
(3 -2.067097564e-14 0)
(3 -1.828544574e-14 0)
(3 -1.163131186e-14 0)
(3 -2.540162944e-15 0)
(3 6.051461224e-16 0)
(3 -6.762180646e-16 0)
(3 -4.851525506e-15 0)
(3 -8.438151318e-15 0)
(3 -7.737028751e-15 0)
(3 -9.794301935e-15 0)
(3 -1.351904724e-14 0)
(3 -1.589395924e-14 0)
(3 -9.170322045e-16 0)
(3 -2.337502866e-15 0)
(3 -6.492015414e-16 0)
(3 8.367715256e-16 0)
(3 7.800757337e-16 0)
(3 -2.543885983e-16 0)
(3 2.302317386e-16 0)
(3 -7.881918216e-16 0)
(3 1.262402468e-16 0)
(3 -4.084942708e-16 0)
(3 -2.082681778e-15 0)
(3 -3.111364829e-15 0)
(3 -3.786204619e-15 0)
(3 -7.159366793e-15 0)
(3 -7.201401975e-15 0)
(3 -4.725322672e-15 0)
(3 -3.760459997e-15 0)
(3 8.590017458e-16 0)
(3 5.133840504e-15 0)
(3 6.941350445e-15 0)
(3 8.384130019e-15 0)
(3 1.072234164e-14 0)
(3 8.689973698e-15 0)
(3 7.016200993e-15 0)
(3 7.518225297e-15 0)
(3 1.031399233e-14 0)
(3 1.294116244e-14 0)
(3 1.23202187e-14 0)
(3 9.598300087e-15 0)
(3 8.490167065e-15 0)
(3 8.641934868e-15 0)
(3 1.145539761e-14 0)
(3 1.093124633e-14 0)
(3 6.53601712e-15 0)
(3 3.279977831e-15 0)
(3 6.899802617e-16 0)
(3 8.038600903e-16 0)
(3 5.242517237e-15 0)
(3 8.871886708e-15 0)
(3 1.142926464e-14 0)
(3 1.360568538e-14 0)
(3 1.661111134e-14 0)
(3 1.897160856e-14 0)
(3 1.757650254e-14 0)
(3 1.147562435e-14 0)
(3 8.700236175e-15 0)
(3 3.498888568e-15 0)
(3 1.699467365e-15 0)
(3 1.381602026e-15 0)
(3 1.44243311e-15 0)
(3 -3.034721468e-15 0)
(3 -4.368847035e-15 0)
(3 -7.297499033e-16 0)
(3 -1.391973464e-15 0)
(3 -4.889245277e-15 0)
(3 -5.341312399e-15 0)
(3 -5.06041476e-15 0)
(3 -3.948440027e-15 0)
(3 -2.795158421e-15 0)
(3 -3.941824907e-15 0)
(3 -7.162128352e-15 0)
(3 -1.244571965e-14 0)
(3 -1.16378397e-14 0)
(3 -6.499832657e-15 0)
(3 -2.533406739e-15 0)
(3 6.750465584e-16 0)
(3 -4.972142539e-15 0)
(3 -4.747045847e-16 0)
(3 1.515718487e-16 0)
(3 4.258025454e-16 0)
(3 -1.341839396e-16 0)
(3 7.601294074e-16 0)
(3 3.402067761e-15 0)
(3 3.667618362e-15 0)
(3 2.837122722e-15 0)
(3 1.122435866e-15 0)
(3 -7.013832679e-16 0)
(3 -3.889651042e-15 0)
(3 -5.291410243e-15 0)
(3 -2.405117051e-15 0)
(3 1.432669899e-15 0)
(3 4.159758685e-15 0)
(3 4.740215018e-15 0)
(3 4.635995079e-15 0)
(3 5.956783255e-15 0)
(3 6.731563706e-15 0)
(3 9.890503389e-15 0)
(3 1.241957323e-14 0)
(3 1.307445462e-14 0)
(3 1.242378051e-14 0)
(3 9.782581223e-15 0)
(3 5.44100508e-15 0)
(3 6.577525967e-15 0)
(3 8.56718686e-15 0)
(3 8.25537409e-15 0)
(3 5.87949575e-15 0)
(3 7.227401405e-16 0)
(3 8.077344708e-16 0)
(3 1.385732295e-15 0)
(3 6.648472795e-16 0)
(3 4.68695485e-16 0)
(3 1.621100625e-15 0)
(3 1.700909233e-15 0)
(3 9.84888644e-16 0)
(3 3.119960639e-15 0)
(3 5.41748533e-15 0)
(3 6.105065538e-15 0)
(3 8.548310139e-15 0)
(3 1.102406434e-14 0)
(3 8.265851381e-15 0)
(3 4.889703676e-15 0)
(3 6.379867118e-15 0)
(3 6.9917552e-15 0)
(3 6.668532251e-15 0)
(3 4.227903678e-15 0)
(3 8.23137127e-15 0)
(3 8.515072674e-15 0)
(3 6.927064571e-15 0)
(3 4.956657457e-15 0)
(3 8.987566127e-15 0)
(3 6.1045499e-15 0)
(3 3.870013948e-15 0)
(3 4.325477959e-15 0)
(3 5.371678769e-16 0)
(3 -3.101902034e-15 0)
(3 -7.16589954e-15 0)
(3 -1.27502865e-14 0)
(3 -1.560779442e-14 0)
(3 -1.466601032e-14 0)
(3 -1.316854685e-14 0)
(3 -9.567541646e-15 0)
(3 -2.518339967e-15 0)
(3 6.690679225e-15 0)
(3 8.891534884e-15 0)
(3 6.551944687e-16 0)
(3 5.278295744e-16 0)
(3 4.075114763e-17 0)
(3 1.366237075e-15 0)
(3 3.129162992e-15 0)
(3 5.837439007e-15 0)
(3 6.232390508e-15 0)
(3 6.147198456e-15 0)
(3 1.520438829e-15 0)
(3 1.391147052e-16 0)
(3 1.582587298e-16 0)
(3 1.195328495e-15 0)
(3 4.428739091e-15 0)
(3 9.713458377e-15 0)
(3 1.277728695e-14 0)
(3 1.302191315e-14 0)
(3 1.185396477e-14 0)
(3 9.416069127e-15 0)
(3 1.109390078e-14 0)
(3 1.040772342e-14 0)
(3 1.08579708e-14 0)
(3 1.000629276e-14 0)
(3 6.48732732e-15 0)
(3 1.358624056e-15 0)
(3 -1.22187194e-16 0)
(3 -1.031183382e-16 0)
(3 -1.968339374e-15 0)
(3 -2.52299946e-15 0)
(3 -3.904047928e-15 0)
(3 -5.584575497e-15 0)
(3 -6.008634863e-15 0)
(3 -6.119580625e-15 0)
(3 -3.847826073e-15 0)
(3 -2.513119396e-15 0)
(3 -7.369199605e-16 0)
(3 2.49761936e-15 0)
(3 2.248112494e-15 0)
(3 1.114416411e-15 0)
(3 8.989521187e-16 0)
(3 -7.536129442e-16 0)
(3 -2.321552171e-15 0)
(3 -4.627739205e-15 0)
(3 -8.614669552e-15 0)
(3 -7.815397472e-15 0)
(3 -5.894952572e-15 0)
(3 -1.086984904e-15 0)
(3 1.155504971e-15 0)
(3 5.712871018e-15 0)
(3 7.065047427e-15 0)
(3 7.962975876e-15 0)
(3 8.390436819e-15 0)
(3 9.842403833e-15 0)
(3 7.895348604e-15 0)
(3 4.511284675e-15 0)
(3 3.026648598e-15 0)
(3 -2.77955816e-16 0)
(3 -5.440131261e-15 0)
(3 -1.528584914e-14 0)
(3 -1.925889823e-14 0)
(3 -1.927837149e-14 0)
(3 -1.47719821e-14 0)
(3 -9.587879851e-15 0)
(3 -7.513554499e-15 0)
(3 -3.370927183e-15 0)
(3 6.158315608e-15 0)
(3 1.409708365e-14 0)
(3 1.914834117e-14 0)
(3 1.010204082e-15 0)
(3 7.721270868e-16 0)
(3 1.969172261e-15 0)
(3 3.11495793e-15 0)
(3 4.015375589e-15 0)
(3 3.359273656e-15 0)
(3 2.714036624e-15 0)
(3 2.138199349e-15 0)
(3 2.114973087e-15 0)
(3 3.207344528e-15 0)
(3 7.456821858e-15 0)
(3 1.216061883e-14 0)
(3 1.278563857e-14 0)
(3 1.109582453e-14 0)
(3 1.126159207e-14 0)
(3 8.818700012e-15 0)
(3 9.648437055e-15 0)
(3 1.150584296e-14 0)
(3 1.196947358e-14 0)
(3 8.654271758e-15 0)
(3 6.567920202e-15 0)
(3 7.596085338e-16 0)
(3 -3.634095282e-15 0)
(3 -6.220680131e-15 0)
(3 -5.891538166e-15 0)
(3 -4.577080589e-15 0)
(3 -7.194164266e-15 0)
(3 -7.675866319e-15 0)
(3 -1.240584707e-14 0)
(3 -1.18319695e-14 0)
(3 -1.279999436e-14 0)
(3 -1.211375797e-14 0)
(3 -1.073250394e-14 0)
(3 -9.959390141e-15 0)
(3 -7.257953938e-15 0)
(3 -3.430529421e-15 0)
(3 -2.133684016e-15 0)
(3 -6.307651982e-16 0)
(3 -4.869048508e-16 0)
(3 -3.275275807e-15 0)
(3 -7.365377976e-15 0)
(3 -1.284516842e-14 0)
(3 -1.502244414e-14 0)
(3 -1.323240713e-14 0)
(3 -1.12401482e-14 0)
(3 -9.030724545e-15 0)
(3 -7.427030296e-15 0)
(3 6.096786272e-16 0)
(3 4.47928201e-15 0)
(3 6.766382997e-15 0)
(3 9.594626713e-15 0)
(3 1.16118654e-14 0)
(3 8.405307584e-15 0)
(3 6.10150132e-15 0)
(3 1.080330835e-15 0)
(3 -7.37536129e-15 0)
(3 -1.916195789e-14 0)
(3 -2.338328696e-14 0)
(3 -2.218118818e-14 0)
(3 -1.76871426e-14 0)
(3 -1.363581981e-14 0)
(3 -1.047894949e-14 0)
(3 -4.200621656e-15 0)
(3 4.095155885e-15 0)
(3 1.56973187e-14 0)
(3 2.072483982e-14 0)
(3 2.058819483e-14 0)
(3 1.032497878e-16 0)
(3 1.431570093e-15 0)
(3 1.32103631e-15 0)
(3 -7.767062246e-16 0)
(3 -1.470799122e-15 0)
(3 -4.232601528e-15 0)
(3 -6.124097045e-15 0)
(3 -5.883463849e-15 0)
(3 -5.078939034e-15 0)
(3 -4.516340971e-15 0)
(3 -3.782667404e-15 0)
(3 -1.028029777e-15 0)
(3 8.320290663e-16 0)
(3 2.315306247e-15 0)
(3 1.580920656e-15 0)
(3 1.619937579e-15 0)
(3 1.58528256e-15 0)
(3 2.811393849e-15 0)
(3 -2.106363655e-15 0)
(3 -2.922089519e-15 0)
(3 -4.696847167e-15 0)
(3 -7.007155979e-15 0)
(3 -7.791400604e-15 0)
(3 -6.005860823e-15 0)
(3 -6.755193999e-15 0)
(3 -8.648934e-15 0)
(3 -1.263190889e-14 0)
(3 -1.793182201e-14 0)
(3 -1.986162357e-14 0)
(3 -2.042062098e-14 0)
(3 -2.012946385e-14 0)
(3 -1.886800844e-14 0)
(3 -1.705578427e-14 0)
(3 -1.480117673e-14 0)
(3 -1.130135561e-14 0)
(3 -8.303583735e-15 0)
(3 -3.551852903e-15 0)
(3 4.488621056e-16 0)
(3 1.014982111e-15 0)
(3 1.045476465e-15 0)
(3 -1.101873578e-15 0)
(3 -5.761406792e-15 0)
(3 -9.294414728e-15 0)
(3 -9.97663381e-15 0)
(3 -9.232259192e-15 0)
(3 -8.085017252e-15 0)
(3 -7.758511942e-15 0)
(3 -3.637168874e-15 0)
(3 -1.214069922e-15 0)
(3 2.610192184e-15 0)
(3 7.933623334e-15 0)
(3 1.170937792e-14 0)
(3 6.911764771e-15 0)
(3 -4.517919875e-17 0)
(3 -6.194144498e-15 0)
(3 -1.321907485e-14 0)
(3 -1.937353138e-14 0)
(3 -2.27879263e-14 0)
(3 -2.415004957e-14 0)
(3 -1.622449969e-14 0)
(3 -1.019117855e-14 0)
(3 3.34570876e-16 0)
(3 7.130941347e-15 0)
(3 1.052116402e-14 0)
(3 1.411994336e-14 0)
(3 1.448707157e-14 0)
(3 1.443282194e-14 0)
(3 -1.162184017e-16 0)
(3 -2.726970114e-16 0)
(3 -2.009563929e-15 0)
(3 -2.664802511e-15 0)
(3 -5.421201243e-15 0)
(3 -5.916106563e-15 0)
(3 -5.515867049e-15 0)
(3 -4.733102912e-15 0)
(3 -4.131623156e-15 0)
(3 -4.980355776e-15 0)
(3 -4.896984002e-15 0)
(3 -4.886062798e-15 0)
(3 -5.95646858e-15 0)
(3 -3.201006639e-15 0)
(3 -2.950460092e-15 0)
(3 -2.762352737e-15 0)
(3 -5.767626306e-15 0)
(3 -1.084208684e-14 0)
(3 -1.238254361e-14 0)
(3 -1.224043889e-14 0)
(3 -1.0768412e-14 0)
(3 -7.8294652e-15 0)
(3 -7.162871522e-15 0)
(3 -6.963023917e-15 0)
(3 -8.104870657e-15 0)
(3 -1.087707984e-14 0)
(3 -1.201536867e-14 0)
(3 -1.361381992e-14 0)
(3 -1.415074076e-14 0)
(3 -1.746235976e-14 0)
(3 -1.768326325e-14 0)
(3 -1.7398691e-14 0)
(3 -1.497786652e-14 0)
(3 -1.202102746e-14 0)
(3 -9.91248627e-15 0)
(3 -4.510168835e-15 0)
(3 3.589174552e-16 0)
(3 4.234149007e-15 0)
(3 7.203821257e-15 0)
(3 9.219473664e-15 0)
(3 7.407107061e-15 0)
(3 3.986094177e-15 0)
(3 4.915863871e-15 0)
(3 1.750260242e-15 0)
(3 1.569198875e-16 0)
(3 -1.376436951e-15 0)
(3 -2.542732532e-15 0)
(3 -5.574494682e-15 0)
(3 -2.780719449e-15 0)
(3 8.512124491e-16 0)
(3 1.385779409e-15 0)
(3 -7.42030666e-16 0)
(3 -3.060904223e-15 0)
(3 -6.592880802e-15 0)
(3 -1.271784406e-14 0)
(3 -1.698164044e-14 0)
(3 -1.71812024e-14 0)
(3 -1.978920965e-14 0)
(3 -2.144351457e-14 0)
(3 -1.397512677e-14 0)
(3 -1.651476199e-15 0)
(3 8.219191083e-15 0)
(3 1.039233449e-14 0)
(3 1.545220548e-14 0)
(3 1.695361598e-14 0)
(3 2.018861873e-14 0)
(3 2.228690423e-14 0)
(3 -5.271259729e-17 0)
(3 -8.933381873e-16 0)
(3 -3.006517203e-16 0)
(3 -2.269317294e-17 0)
(3 -1.378575926e-16 0)
(3 -1.305010737e-16 0)
(3 1.583609808e-15 0)
(3 1.941931667e-15 0)
(3 2.796178926e-15 0)
(3 2.809539753e-15 0)
(3 2.528608563e-15 0)
(3 -1.93591839e-16 0)
(3 -4.19289067e-15 0)
(3 -7.125918118e-15 0)
(3 -8.552626609e-15 0)
(3 -9.698408021e-15 0)
(3 -1.058228239e-14 0)
(3 -1.134656205e-14 0)
(3 -8.456278262e-15 0)
(3 -6.084111211e-15 0)
(3 -3.139650847e-15 0)
(3 -3.360368296e-15 0)
(3 -4.166245259e-15 0)
(3 -5.274062115e-15 0)
(3 -8.314553872e-15 0)
(3 -9.995551527e-15 0)
(3 -9.554712575e-15 0)
(3 -7.739947018e-15 0)
(3 -8.968607408e-15 0)
(3 -9.429725095e-15 0)
(3 -9.693489882e-15 0)
(3 -1.086681475e-14 0)
(3 -1.133508697e-14 0)
(3 -1.100274703e-14 0)
(3 -1.004435374e-14 0)
(3 -5.479368458e-15 0)
(3 -6.017731603e-15 0)
(3 -3.745638156e-15 0)
(3 7.633711473e-16 0)
(3 6.084827286e-15 0)
(3 7.291817401e-15 0)
(3 5.992751739e-15 0)
(3 4.859016176e-15 0)
(3 2.805021804e-15 0)
(3 -8.53360284e-17 0)
(3 -4.769280549e-15 0)
(3 -6.254943374e-15 0)
(3 -6.024549759e-15 0)
(3 -5.097804767e-15 0)
(3 -4.895124079e-15 0)
(3 -9.335528083e-15 0)
(3 -1.12710751e-14 0)
(3 -7.769355518e-15 0)
(3 -6.323541599e-15 0)
(3 -9.752845054e-15 0)
(3 -1.35654236e-14 0)
(3 -1.343654859e-14 0)
(3 -1.352122744e-14 0)
(3 -9.601736428e-15 0)
(3 -1.962890155e-15 0)
(3 8.409509724e-15 0)
(3 9.067176912e-15 0)
(3 1.073280338e-14 0)
(3 1.21719812e-14 0)
(3 1.175890909e-14 0)
(3 1.424886287e-14 0)
(3 1.731165983e-14 0)
(3 -3.950973117e-16 0)
(3 1.600256953e-15 0)
(3 1.685568766e-15 0)
(3 1.573530839e-15 0)
(3 1.325573475e-15 0)
(3 1.574679765e-15 0)
(3 2.080089794e-15 0)
(3 2.542020429e-15 0)
(3 1.72656331e-15 0)
(3 1.773381288e-15 0)
(3 4.799360873e-16 0)
(3 -1.721106557e-15 0)
(3 -4.89684288e-15 0)
(3 -9.066074485e-15 0)
(3 -1.122961141e-14 0)
(3 -1.103452349e-14 0)
(3 -9.039486553e-15 0)
(3 -5.643720882e-15 0)
(3 -2.199194194e-15 0)
(3 -1.144008372e-15 0)
(3 5.822040435e-16 0)
(3 -1.569710538e-15 0)
(3 -3.545041207e-15 0)
(3 -3.957537496e-15 0)
(3 -4.061756415e-15 0)
(3 -5.293120823e-15 0)
(3 -4.666881358e-15 0)
(3 -2.958115124e-15 0)
(3 -2.00933408e-15 0)
(3 -3.447730508e-15 0)
(3 -6.632470642e-15 0)
(3 -7.542111357e-15 0)
(3 -7.185595124e-15 0)
(3 -7.046927419e-15 0)
(3 -6.439991366e-15 0)
(3 -7.258647953e-15 0)
(3 -1.044704646e-14 0)
(3 -8.848482597e-15 0)
(3 -4.215824566e-15 0)
(3 3.665619468e-15 0)
(3 7.327291125e-15 0)
(3 3.529422159e-15 0)
(3 -6.405414618e-16 0)
(3 -4.6853368e-15 0)
(3 -8.406890983e-15 0)
(3 -1.206484356e-14 0)
(3 -1.100667885e-14 0)
(3 -8.970992428e-15 0)
(3 -8.056414708e-15 0)
(3 -7.166106491e-15 0)
(3 -6.599587348e-15 0)
(3 -5.541421236e-15 0)
(3 -5.171166642e-15 0)
(3 -3.510661262e-15 0)
(3 -1.115248712e-15 0)
(3 -3.389265842e-15 0)
(3 -4.375966151e-15 0)
(3 -4.998122666e-15 0)
(3 -4.484634012e-15 0)
(3 -1.420450344e-15 0)
(3 2.357738161e-15 0)
(3 6.326976328e-15 0)
(3 8.778116199e-15 0)
(3 7.438639893e-15 0)
(3 9.013182035e-15 0)
(3 8.96889532e-15 0)
(3 8.957752351e-15 0)
(3 7.993970582e-17 0)
(3 1.594031552e-15 0)
(3 1.679738735e-15 0)
(3 1.476940874e-15 0)
(3 1.59683909e-15 0)
(3 1.973415842e-15 0)
(3 9.907090427e-17 0)
(3 -2.242331222e-15 0)
(3 -5.662046632e-15 0)
(3 -6.262577825e-15 0)
(3 -7.044906629e-15 0)
(3 -6.199478359e-15 0)
(3 -5.445364012e-15 0)
(3 -5.23034149e-15 0)
(3 -5.743891802e-15 0)
(3 -5.282494353e-15 0)
(3 -3.72308885e-15 0)
(3 -2.23867727e-15 0)
(3 -3.415277073e-15 0)
(3 -6.932464252e-15 0)
(3 -9.001798394e-15 0)
(3 -1.107733074e-14 0)
(3 -8.611783029e-15 0)
(3 -5.860119885e-15 0)
(3 -4.769193093e-16 0)
(3 2.10643449e-15 0)
(3 2.400380201e-15 0)
(3 6.435877645e-16 0)
(3 8.692530227e-16 0)
(3 -5.259083373e-16 0)
(3 -8.973436184e-17 0)
(3 -3.083930053e-15 0)
(3 -1.396217585e-15 0)
(3 -4.458664549e-15 0)
(3 -7.476907167e-15 0)
(3 -7.392820039e-15 0)
(3 -6.220112676e-15 0)
(3 -3.003432681e-15 0)
(3 -6.300081811e-16 0)
(3 1.828833878e-15 0)
(3 5.776736748e-15 0)
(3 1.453853469e-15 0)
(3 -2.362566578e-15 0)
(3 -7.14237881e-15 0)
(3 -9.328977646e-15 0)
(3 -1.129128293e-14 0)
(3 -1.000005604e-14 0)
(3 -8.573925736e-15 0)
(3 -8.999484446e-15 0)
(3 -7.553742089e-15 0)
(3 -6.709186907e-15 0)
(3 -5.992822501e-15 0)
(3 -6.884446861e-15 0)
(3 -6.688425371e-15 0)
(3 -5.941777723e-15 0)
(3 -2.585938174e-15 0)
(3 3.196512828e-15 0)
(3 5.676012137e-15 0)
(3 6.242215568e-15 0)
(3 6.351841179e-15 0)
(3 2.667647993e-15 0)
(3 1.523858735e-15 0)
(3 -2.521697591e-15 0)
(3 -4.746095655e-15 0)
(3 -6.69402163e-15 0)
(3 -5.227553585e-15 0)
(3 -1.101822527e-15 0)
(3 -2.028353073e-16 0)
(3 1.841947052e-16 0)
(3 6.308625121e-16 0)
(3 4.340818216e-16 0)
(3 -1.601253853e-15 0)
(3 -3.128850637e-15 0)
(3 -6.267898187e-15 0)
(3 -8.151300565e-15 0)
(3 -8.177726236e-15 0)
(3 -7.377336883e-15 0)
(3 -5.095278833e-15 0)
(3 -2.935285585e-15 0)
(3 -2.077499679e-15 0)
(3 -5.913205609e-16 0)
(3 -2.85162701e-16 0)
(3 -8.707354491e-16 0)
(3 -1.938058454e-15 0)
(3 -2.434191018e-15 0)
(3 -5.026344967e-15 0)
(3 -6.144364517e-15 0)
(3 -7.637844398e-15 0)
(3 -1.152701171e-14 0)
(3 -1.218618226e-14 0)
(3 -1.128677675e-14 0)
(3 -1.004282265e-14 0)
(3 -7.071960339e-15 0)
(3 -4.657558535e-15 0)
(3 -3.781667952e-15 0)
(3 -4.516789971e-15 0)
(3 -1.953945643e-15 0)
(3 3.484315772e-15 0)
(3 2.514267207e-15 0)
(3 3.514151313e-15 0)
(3 3.630569219e-16 0)
(3 -4.78649431e-16 0)
(3 -4.507361064e-15 0)
(3 -7.032744223e-15 0)
(3 -7.82242874e-15 0)
(3 -8.490508123e-15 0)
(3 -1.232473289e-14 0)
(3 -7.939503117e-15 0)
(3 2.313385913e-15 0)
(3 3.213078118e-15 0)
(3 -2.053739426e-15 0)
(3 -5.224919547e-15 0)
(3 -3.694554245e-15 0)
(3 -3.768029873e-16 0)
(3 6.10236325e-18 0)
(3 1.677085414e-15 0)
(3 2.279426955e-15 0)
(3 1.420312126e-15 0)
(3 2.456561328e-15 0)
(3 4.033761488e-15 0)
(3 6.391320682e-15 0)
(3 7.977944226e-15 0)
(3 1.034419547e-14 0)
(3 1.15849066e-14 0)
(3 1.245258835e-14 0)
(3 1.180472407e-14 0)
(3 8.89431261e-15 0)
(3 5.315137566e-15 0)
(3 6.593818098e-16 0)
(3 -5.783437347e-15 0)
(3 -1.226290403e-14 0)
(3 -1.528435525e-14 0)
(3 -1.512597336e-14 0)
(3 -9.925301254e-15 0)
(3 3.775515273e-16 0)
(3 -1.149842578e-15 0)
(3 -1.744340519e-15 0)
(3 -3.547483775e-15 0)
(3 -5.214126148e-15 0)
(3 -5.469392478e-15 0)
(3 -5.293106736e-15 0)
(3 -4.300024267e-15 0)
(3 -2.398712447e-15 0)
(3 -9.837601195e-16 0)
(3 8.663505641e-16 0)
(3 2.324264208e-15 0)
(3 4.879719846e-15 0)
(3 4.19887887e-15 0)
(3 3.132104334e-15 0)
(3 -1.843893019e-15 0)
(3 -3.519673381e-15 0)
(3 -5.786476244e-15 0)
(3 -4.9274911e-15 0)
(3 -4.966167357e-15 0)
(3 -3.581369853e-15 0)
(3 -3.084992038e-15 0)
(3 -4.710871588e-15 0)
(3 -9.72768462e-15 0)
(3 -1.613971088e-14 0)
(3 -1.649333996e-14 0)
(3 -1.472408716e-14 0)
(3 -1.238098993e-14 0)
(3 -1.086562814e-14 0)
(3 -7.507012779e-15 0)
(3 -8.817272186e-16 0)
(3 6.619650544e-15 0)
(3 6.99321185e-15 0)
(3 7.891317422e-15 0)
(3 8.639290522e-15 0)
(3 7.011954856e-15 0)
(3 7.554829769e-16 0)
(3 -5.992306193e-15 0)
(3 -1.293084549e-14 0)
(3 -1.490935669e-14 0)
(3 -1.508850891e-14 0)
(3 -1.004517507e-14 0)
(3 -2.462669053e-15 0)
(3 1.022529654e-15 0)
(3 3.109835503e-15 0)
(3 5.109106478e-15 0)
(3 5.23627108e-15 0)
(3 4.863818388e-15 0)
(3 5.978058175e-15 0)
(3 7.996236197e-15 0)
(3 9.447822728e-15 0)
(3 1.103769839e-14 0)
(3 1.543993097e-14 0)
(3 2.03243676e-14 0)
(3 1.982406358e-14 0)
(3 1.637766395e-14 0)
(3 1.4714967e-14 0)
(3 1.428779359e-14 0)
(3 1.389624753e-14 0)
(3 1.183386652e-14 0)
(3 1.134301492e-14 0)
(3 9.078775004e-15 0)
(3 7.008170871e-15 0)
(3 3.917868881e-15 0)
(3 -4.129766035e-15 0)
(3 -9.153874571e-15 0)
(3 -1.17821932e-14 0)
(3 1.706765014e-16 0)
(3 1.97978358e-16 0)
(3 2.878750427e-17 0)
(3 -1.151497262e-15 0)
(3 -8.301465493e-16 0)
(3 -1.4567636e-15 0)
(3 1.588731311e-15 0)
(3 1.943891059e-15 0)
(3 1.590839963e-15 0)
(3 1.656485712e-15 0)
(3 1.09693564e-15 0)
(3 1.597752198e-15 0)
(3 2.825232313e-15 0)
(3 6.198604716e-15 0)
(3 5.156547832e-15 0)
(3 2.001360443e-15 0)
(3 -7.318365146e-16 0)
(3 -3.150324119e-15 0)
(3 -3.305067001e-15 0)
(3 -4.238175693e-15 0)
(3 -2.346907409e-15 0)
(3 -4.563746336e-16 0)
(3 6.392884422e-16 0)
(3 -2.703096999e-15 0)
(3 -5.630571609e-15 0)
(3 -6.71708699e-15 0)
(3 -8.037382922e-15 0)
(3 -8.325794509e-15 0)
(3 -6.218779748e-15 0)
(3 -3.92724708e-15 0)
(3 -9.36184318e-16 0)
(3 4.036463891e-15 0)
(3 8.461301628e-15 0)
(3 8.92254608e-15 0)
(3 8.238387571e-15 0)
(3 8.895143367e-15 0)
(3 7.495016861e-15 0)
(3 1.637603116e-15 0)
(3 -9.19060764e-15 0)
(3 -1.232728467e-14 0)
(3 -1.189541945e-14 0)
(3 -1.160531589e-14 0)
(3 -1.275213438e-14 0)
(3 -7.025195769e-15 0)
(3 -3.760435265e-15 0)
(3 8.725737886e-16 0)
(3 8.031033478e-16 0)
(3 2.956583512e-15 0)
(3 3.764324115e-15 0)
(3 4.260470519e-15 0)
(3 7.801137476e-15 0)
(3 9.412309607e-15 0)
(3 9.793227523e-15 0)
(3 1.146597539e-14 0)
(3 1.259229793e-14 0)
(3 1.52012096e-14 0)
(3 1.584007952e-14 0)
(3 1.634422714e-14 0)
(3 1.794089658e-14 0)
(3 1.913866714e-14 0)
(3 1.686805635e-14 0)
(3 1.138928069e-14 0)
(3 8.437216184e-15 0)
(3 6.661512384e-15 0)
(3 1.877533013e-15 0)
(3 -1.87899835e-15 0)
(3 -6.309474814e-15 0)
(3 6.568760893e-17 0)
(3 2.636835605e-16 0)
(3 -1.059461254e-15 0)
(3 -9.75670925e-16 0)
(3 -4.772558498e-16 0)
(3 1.081709007e-16 0)
(3 9.486372403e-16 0)
(3 2.455818616e-15 0)
(3 1.543342123e-15 0)
(3 6.32193905e-16 0)
(3 6.215653675e-16 0)
(3 1.352834317e-15 0)
(3 -8.741823534e-16 0)
(3 6.956100414e-16 0)
(3 6.832632469e-16 0)
(3 6.704210005e-16 0)
(3 -1.506067123e-15 0)
(3 -2.958572776e-16 0)
(3 -1.674223411e-15 0)
(3 -3.605098967e-15 0)
(3 -2.723314866e-15 0)
(3 -9.991007281e-16 0)
(3 2.299408887e-15 0)
(3 3.912911679e-15 0)
(3 2.472952593e-15 0)
(3 -2.574897353e-16 0)
(3 -7.960417107e-16 0)
(3 -5.433663399e-18 0)
(3 3.111354844e-17 0)
(3 8.036375217e-16 0)
(3 -2.11279258e-15 0)
(3 -2.75191189e-15 0)
(3 1.547775097e-16 0)
(3 4.952171419e-15 0)
(3 2.364651481e-15 0)
(3 9.845366941e-16 0)
(3 6.936161603e-16 0)
(3 -2.000994168e-15 0)
(3 -5.460748435e-15 0)
(3 -3.669579464e-15 0)
(3 -4.180479502e-15 0)
(3 -3.845448601e-15 0)
(3 -5.55075251e-15 0)
(3 -6.662408134e-15 0)
(3 -4.815846714e-15 0)
(3 -2.648069359e-15 0)
(3 3.629003981e-16 0)
(3 3.341999048e-15 0)
(3 2.51247003e-15 0)
(3 -1.570709179e-15 0)
(3 -4.981063911e-15 0)
(3 -6.013461188e-15 0)
(3 -6.992185508e-15 0)
(3 -4.745487018e-15 0)
(3 -6.08776871e-16 0)
(3 9.684617685e-15 0)
(3 1.154679684e-14 0)
(3 1.368608524e-14 0)
(3 1.398848484e-14 0)
(3 1.386771768e-14 0)
(3 9.081830624e-15 0)
(3 4.005665791e-15 0)
(3 2.719289745e-15 0)
(3 4.8450701e-16 0)
(3 -6.553736577e-16 0)
(3 -1.499559459e-15 0)
(3 -3.665338104e-15 0)
(3 -6.457829687e-17 0)
(3 -6.862860478e-16 0)
(3 -8.373697805e-16 0)
(3 6.006334855e-17 0)
(3 3.125394175e-15 0)
(3 3.646279742e-15 0)
(3 3.949534578e-15 0)
(3 4.246266259e-15 0)
(3 4.347562973e-15 0)
(3 3.527401162e-15 0)
(3 2.771784153e-15 0)
(3 1.700641868e-15 0)
(3 -9.064866805e-16 0)
(3 -3.658839586e-15 0)
(3 -3.056590548e-15 0)
(3 -1.654885122e-15 0)
(3 -2.013946725e-15 0)
(3 -2.045547498e-15 0)
(3 1.858771575e-15 0)
(3 2.619934963e-15 0)
(3 1.644724767e-15 0)
(3 2.452549911e-15 0)
(3 3.860509188e-15 0)
(3 5.273723746e-15 0)
(3 5.365864517e-15 0)
(3 5.09503653e-15 0)
(3 5.106463893e-15 0)
(3 6.203988212e-15 0)
(3 4.814448234e-15 0)
(3 1.961270526e-15 0)
(3 2.099711061e-15 0)
(3 4.586063412e-16 0)
(3 -1.280006608e-15 0)
(3 8.281474222e-16 0)
(3 1.046871268e-16 0)
(3 7.827309765e-16 0)
(3 2.450193809e-15 0)
(3 3.761479452e-15 0)
(3 4.152866424e-15 0)
(3 9.677600175e-16 0)
(3 -2.299756104e-15 0)
(3 -2.037746635e-15 0)
(3 1.293284516e-15 0)
(3 3.820432929e-15 0)
(3 6.014142522e-15 0)
(3 6.742867861e-15 0)
(3 6.573565317e-15 0)
(3 3.20694103e-15 0)
(3 1.655287986e-15 0)
(3 -2.882081372e-15 0)
(3 -7.724942565e-15 0)
(3 -1.037057826e-14 0)
(3 -1.273398734e-14 0)
(3 -7.172439411e-15 0)
(3 -3.542241274e-15 0)
(3 1.803662647e-15 0)
(3 6.643630414e-15 0)
(3 9.531374039e-15 0)
(3 8.547027056e-15 0)
(3 6.868462501e-15 0)
(3 1.709957103e-15 0)
(3 -5.461043725e-16 0)
(3 -3.400305558e-15 0)
(3 -4.718293996e-15 0)
(3 -4.718107802e-15 0)
(3 -6.162389085e-15 0)
(3 -1.103659687e-14 0)
(3 -5.626011675e-16 0)
(3 -1.198225344e-15 0)
(3 1.792099339e-15 0)
(3 4.067891548e-15 0)
(3 5.482182216e-15 0)
(3 4.570002852e-15 0)
(3 3.878330954e-15 0)
(3 2.148395126e-15 0)
(3 2.180917824e-15 0)
(3 2.697230718e-15 0)
(3 2.441655453e-15 0)
(3 1.651611927e-15 0)
(3 1.779220873e-15 0)
(3 -4.748737005e-16 0)
(3 -3.714071626e-16 0)
(3 1.046185536e-15 0)
(3 2.495656556e-15 0)
(3 2.771982377e-15 0)
(3 3.812483083e-15 0)
(3 5.6026908e-15 0)
(3 7.354900213e-15 0)
(3 7.782373436e-15 0)
(3 8.207522667e-15 0)
(3 9.290020694e-15 0)
(3 9.428810156e-15 0)
(3 8.623969477e-15 0)
(3 7.475573164e-15 0)
(3 5.298647809e-15 0)
(3 3.461489219e-15 0)
(3 9.987654207e-16 0)
(3 -8.81235046e-16 0)
(3 -5.339483647e-15 0)
(3 -6.204117782e-15 0)
(3 -6.907491788e-15 0)
(3 -5.7568429e-15 0)
(3 -2.81082061e-15 0)
(3 -7.942613124e-16 0)
(3 3.716782492e-15 0)
(3 6.256775898e-15 0)
(3 5.282523812e-15 0)
(3 3.461437113e-15 0)
(3 3.033947254e-15 0)
(3 8.651734312e-15 0)
(3 1.420539471e-14 0)
(3 1.651659842e-14 0)
(3 1.662320746e-14 0)
(3 1.345178634e-14 0)
(3 1.123302807e-14 0)
(3 7.275803628e-15 0)
(3 4.488863739e-15 0)
(3 -2.575445311e-15 0)
(3 -6.970588239e-15 0)
(3 -5.239414118e-15 0)
(3 -2.441177468e-16 0)
(3 5.781167682e-15 0)
(3 6.63526381e-15 0)
(3 6.519834854e-15 0)
(3 5.765859356e-15 0)
(3 1.106186617e-15 0)
(3 -3.752892141e-17 0)
(3 -1.831896216e-15 0)
(3 -4.311087953e-15 0)
(3 -5.540606518e-15 0)
(3 -7.220877969e-15 0)
(3 -9.021115792e-15 0)
(3 -1.041959397e-14 0)
(3 -1.146416061e-14 0)
(3 -1.03465807e-17 0)
(3 1.509722828e-16 0)
(3 8.005170607e-16 0)
(3 1.51515537e-16 0)
(3 -2.834170459e-15 0)
(3 -4.965318107e-15 0)
(3 -8.579278759e-15 0)
(3 -7.851977119e-15 0)
(3 -5.976851471e-15 0)
(3 -4.038160756e-15 0)
(3 -3.053900194e-15 0)
(3 -2.097935496e-15 0)
(3 -7.768843005e-16 0)
(3 -7.337256434e-16 0)
(3 -1.33263855e-15 0)
(3 -1.138854907e-15 0)
(3 2.13138452e-15 0)
(3 2.368962953e-15 0)
(3 6.171916952e-16 0)
(3 1.109166716e-15 0)
(3 3.091475899e-15 0)
(3 5.528008029e-15 0)
(3 6.158333479e-15 0)
(3 8.008087481e-15 0)
(3 9.383004996e-15 0)
(3 9.113668298e-15 0)
(3 7.109267139e-15 0)
(3 4.394432793e-15 0)
(3 2.00350294e-15 0)
(3 -5.533740527e-16 0)
(3 -5.854195587e-15 0)
(3 -8.545447983e-15 0)
(3 -9.966250867e-15 0)
(3 -1.070264699e-14 0)
(3 -1.036467559e-14 0)
(3 -1.044535475e-14 0)
(3 -7.049798078e-15 0)
(3 -2.287389477e-15 0)
(3 1.156815579e-15 0)
(3 3.216491053e-15 0)
(3 5.611477128e-15 0)
(3 1.046290815e-14 0)
(3 1.077200244e-14 0)
(3 1.022337419e-14 0)
(3 8.095438071e-15 0)
(3 4.862077991e-15 0)
(3 4.535278558e-15 0)
(3 7.325582206e-15 0)
(3 9.348960368e-15 0)
(3 8.121243295e-15 0)
(3 5.702939349e-15 0)
(3 4.846295653e-15 0)
(3 5.322828983e-15 0)
(3 3.63694993e-15 0)
(3 3.97964721e-15 0)
(3 5.204410615e-15 0)
(3 5.307700782e-15 0)
(3 8.82455322e-16 0)
(3 -4.282549525e-15 0)
(3 -6.645402049e-15 0)
(3 -6.015042626e-15 0)
(3 -3.043368299e-15 0)
(3 -7.717863183e-16 0)
(3 -1.061926619e-15 0)
(3 -4.441544297e-15 0)
(3 -4.759688887e-15 0)
(3 -6.028402809e-15 0)
(3 -2.920609577e-16 0)
(3 -1.18327393e-15 0)
(3 -3.94517779e-15 0)
(3 -5.997556724e-15 0)
(3 -7.611155498e-15 0)
(3 -7.139785443e-15 0)
(3 -5.853067378e-15 0)
(3 -6.342430177e-15 0)
(3 -6.55733225e-15 0)
(3 -6.596764698e-15 0)
(3 -6.280842935e-15 0)
(3 -7.95575692e-15 0)
(3 -7.459525423e-15 0)
(3 -5.764945598e-15 0)
(3 -4.545426639e-15 0)
(3 -2.268772021e-15 0)
(3 -9.252931534e-16 0)
(3 -1.331527707e-15 0)
(3 -1.856500827e-15 0)
(3 -5.384088626e-16 0)
(3 -5.041536192e-16 0)
(3 1.241081147e-15 0)
(3 2.305761996e-15 0)
(3 4.933013061e-15 0)
(3 8.341906131e-15 0)
(3 1.030816892e-14 0)
(3 1.006826372e-14 0)
(3 9.526331938e-15 0)
(3 8.498350836e-15 0)
(3 5.409510043e-15 0)
(3 3.576536993e-15 0)
(3 6.933265759e-16 0)
(3 -8.035865593e-16 0)
(3 -2.915634755e-15 0)
(3 -5.036876038e-15 0)
(3 -5.82454706e-15 0)
(3 -8.822830521e-15 0)
(3 -8.948020639e-15 0)
(3 -9.461437607e-15 0)
(3 -7.397495243e-15 0)
(3 -2.953304695e-15 0)
(3 2.321807162e-15 0)
(3 5.553727069e-15 0)
(3 5.223422594e-15 0)
(3 7.722586055e-15 0)
(3 8.877832241e-15 0)
(3 1.048049013e-14 0)
(3 1.372751313e-14 0)
(3 1.278752818e-14 0)
(3 1.305690259e-14 0)
(3 1.413204723e-14 0)
(3 1.398924476e-14 0)
(3 9.028163292e-15 0)
(3 7.814655031e-15 0)
(3 1.828092041e-15 0)
(3 1.594492386e-15 0)
(3 7.111189001e-17 0)
(3 2.406801659e-16 0)
(3 -1.473037121e-15 0)
(3 -3.983188366e-15 0)
(3 -4.655268987e-15 0)
(3 -1.82386193e-15 0)
(3 1.464634037e-15 0)
(3 4.807621153e-15 0)
(3 4.166339292e-15 0)
(3 3.033299401e-15 0)
(3 1.894075902e-15 0)
(3 -1.810126668e-16 0)
(3 -1.559634707e-15 0)
(3 -2.724025492e-15 0)
(3 -1.874731383e-15 0)
(3 -1.470668016e-16 0)
(3 2.371311684e-15 0)
(3 2.868653679e-15 0)
(3 2.240410308e-15 0)
(3 8.09697112e-16 0)
(3 -9.786707954e-16 0)
(3 -4.072759705e-15 0)
(3 -4.626944334e-15 0)
(3 -6.613818381e-15 0)
(3 -6.392287225e-15 0)
(3 -5.044148904e-15 0)
(3 -3.068716318e-15 0)
(3 -1.866668457e-15 0)
(3 -1.911839229e-15 0)
(3 -3.837761419e-16 0)
(3 2.949551546e-15 0)
(3 2.470135337e-15 0)
(3 4.988414907e-16 0)
(3 6.457211759e-16 0)
(3 1.803832215e-15 0)
(3 4.568383523e-15 0)
(3 7.799885956e-15 0)
(3 1.229468386e-14 0)
(3 1.431152683e-14 0)
(3 1.435760302e-14 0)
(3 1.621232686e-14 0)
(3 1.923837142e-14 0)
(3 1.53235926e-14 0)
(3 1.243040856e-14 0)
(3 7.977519668e-15 0)
(3 1.886432687e-15 0)
(3 -3.414159993e-15 0)
(3 -1.00730025e-14 0)
(3 -1.574109789e-14 0)
(3 -1.349670403e-14 0)
(3 -9.120134956e-15 0)
(3 -6.791755281e-15 0)
(3 -3.345600547e-15 0)
(3 1.137965089e-15 0)
(3 3.539799061e-15 0)
(3 6.900009403e-15 0)
(3 1.215576391e-14 0)
(3 1.704262928e-14 0)
(3 1.670698475e-14 0)
(3 1.661310325e-14 0)
(3 1.836647872e-14 0)
(3 1.840724125e-14 0)
(3 1.679185311e-14 0)
(3 1.667318901e-14 0)
(3 1.416685082e-14 0)
(3 9.429879114e-15 0)
(3 1.054129709e-14 0)
(3 7.478108097e-15 0)
(3 8.173012531e-15 0)
(3 6.572322652e-15 0)
(3 4.553341452e-15 0)
(3 3.80411537e-15 0)
(3 3.612694672e-15 0)
(3 -1.069948179e-15 0)
(3 4.13644059e-16 0)
(3 6.237390354e-15 0)
(3 5.503098156e-15 0)
(3 3.545869482e-15 0)
(3 1.422530964e-15 0)
(3 1.386701932e-15 0)
(3 2.314295659e-15 0)
(3 1.492711616e-15 0)
(3 1.269615815e-15 0)
(3 -9.585591063e-16 0)
(3 1.689475269e-15 0)
(3 2.83687015e-15 0)
(3 3.227777777e-15 0)
(3 3.509457356e-15 0)
(3 2.426092575e-15 0)
(3 7.647412501e-16 0)
(3 -2.076574209e-15 0)
(3 -2.184292249e-15 0)
(3 -8.863182988e-16 0)
(3 7.70723253e-17 0)
(3 -1.073154303e-15 0)
(3 -5.710662155e-16 0)
(3 1.951400845e-15 0)
(3 9.796597143e-16 0)
(3 3.128187936e-15 0)
(3 3.413869322e-15 0)
(3 3.287297909e-15 0)
(3 2.492096299e-15 0)
(3 3.664780843e-15 0)
(3 6.202565046e-15 0)
(3 1.123187411e-14 0)
(3 1.474277735e-14 0)
(3 1.594705545e-14 0)
(3 1.749569003e-14 0)
(3 1.9223456e-14 0)
(3 1.713626204e-14 0)
(3 1.078569934e-14 0)
(3 7.641951188e-15 0)
(3 5.450843384e-15 0)
(3 1.899281377e-15 0)
(3 -1.787729061e-15 0)
(3 -6.366385e-15 0)
(3 -6.897305032e-15 0)
(3 -5.151528484e-15 0)
(3 -2.077982435e-15 0)
(3 -2.603934812e-15 0)
(3 -2.768526362e-15 0)
(3 4.479211171e-16 0)
(3 3.215366522e-15 0)
(3 6.006595368e-15 0)
(3 8.467497498e-15 0)
(3 1.111290243e-14 0)
(3 1.280500129e-14 0)
(3 1.509922057e-14 0)
(3 1.978619044e-14 0)
(3 2.550355226e-14 0)
(3 2.726142091e-14 0)
(3 2.510779104e-14 0)
(3 2.310224107e-14 0)
(3 2.117305535e-14 0)
(3 1.827790852e-14 0)
(3 1.350226415e-14 0)
(3 9.99489713e-15 0)
(3 6.655540368e-15 0)
(3 3.269284763e-15 0)
(3 2.126145278e-15 0)
(3 9.582188302e-17 0)
(3 -9.82114696e-16 0)
(3 1.350168242e-15 0)
(3 4.241139164e-15 0)
(3 5.297210299e-15 0)
(3 7.400907594e-17 0)
(3 4.637172712e-16 0)
(3 -3.045423555e-17 0)
(3 -6.273713205e-16 0)
(3 -1.462258049e-15 0)
(3 -1.830280144e-15 0)
(3 -7.972971363e-16 0)
(3 -9.835373658e-16 0)
(3 -1.159095509e-15 0)
(3 -3.637809371e-15 0)
(3 -3.373800712e-15 0)
(3 -4.34015355e-15 0)
(3 -4.015335803e-15 0)
(3 -3.195975751e-15 0)
(3 -3.832956501e-15 0)
(3 -4.479708575e-15 0)
(3 -2.934171551e-15 0)
(3 -2.816756306e-15 0)
(3 -3.207692504e-15 0)
(3 -3.583143465e-15 0)
(3 -2.057578016e-15 0)
(3 4.454894891e-15 0)
(3 8.446707872e-15 0)
(3 1.065163839e-14 0)
(3 1.01285102e-14 0)
(3 1.063848073e-14 0)
(3 1.273369653e-14 0)
(3 1.484280709e-14 0)
(3 1.657046446e-14 0)
(3 1.626173428e-14 0)
(3 1.206796136e-14 0)
(3 1.096162668e-14 0)
(3 1.015734581e-14 0)
(3 9.962466836e-15 0)
(3 7.725077904e-15 0)
(3 8.480396445e-15 0)
(3 4.18437302e-15 0)
(3 1.275368311e-15 0)
(3 -6.707266343e-17 0)
(3 -1.938833905e-15 0)
(3 -2.107808639e-15 0)
(3 -2.292482089e-15 0)
(3 -3.253851515e-15 0)
(3 -3.231009558e-15 0)
(3 -2.237059395e-15 0)
(3 -3.069191529e-15 0)
(3 -1.135425368e-15 0)
(3 2.213129145e-15 0)
(3 4.791729262e-15 0)
(3 7.37449097e-15 0)
(3 1.151272518e-14 0)
(3 1.277211178e-14 0)
(3 1.481690481e-14 0)
(3 1.291466635e-14 0)
(3 1.16697894e-14 0)
(3 6.432527434e-15 0)
(3 1.494987382e-15 0)
(3 -2.052492446e-15 0)
(3 -2.374316612e-15 0)
(3 -9.905108299e-16 0)
(3 3.511005686e-16 0)
(3 -8.080141673e-16 0)
(3 1.033652172e-15 0)
(3 -7.207519175e-17 0)
(3 -1.653706553e-16 0)
(3 3.478462988e-15 0)
(3 1.225953571e-14 0)
(3 -6.23615732e-16 0)
(3 -3.287233131e-16 0)
(3 5.940878785e-17 0)
(3 5.118957128e-16 0)
(3 1.004285057e-15 0)
(3 1.465151396e-15 0)
(3 3.30862364e-17 0)
(3 -3.029443433e-15 0)
(3 -4.822451866e-15 0)
(3 -6.679751478e-15 0)
(3 -5.829277516e-15 0)
(3 -4.196909996e-15 0)
(3 -3.362181106e-15 0)
(3 -4.288862954e-15 0)
(3 -6.75304432e-15 0)
(3 -6.468148991e-15 0)
(3 -4.493232252e-15 0)
(3 -5.075624711e-15 0)
(3 -6.93530506e-15 0)
(3 -6.701249979e-15 0)
(3 -4.23422697e-15 0)
(3 4.810982443e-16 0)
(3 5.089147377e-15 0)
(3 5.015572737e-15 0)
(3 1.394829647e-15 0)
(3 -6.483117607e-18 0)
(3 -2.365158651e-16 0)
(3 1.38633588e-15 0)
(3 1.568139023e-15 0)
(3 8.530745526e-16 0)
(3 6.477362231e-16 0)
(3 2.258279941e-15 0)
(3 3.292171959e-15 0)
(3 4.165590774e-15 0)
(3 7.140803707e-15 0)
(3 8.19921887e-15 0)
(3 5.381210686e-15 0)
(3 4.050914276e-15 0)
(3 2.956452406e-15 0)
(3 -9.496948027e-16 0)
(3 -1.583964609e-15 0)
(3 -1.360808863e-15 0)
(3 -4.656333798e-16 0)
(3 -9.370619122e-17 0)
(3 -1.2908648e-15 0)
(3 -1.831287637e-15 0)
(3 1.34710253e-15 0)
(3 3.125721716e-15 0)
(3 4.241498857e-15 0)
(3 6.779901567e-15 0)
(3 6.201369034e-15 0)
(3 6.432886536e-15 0)
(3 6.807573187e-15 0)
(3 6.572824879e-15 0)
(3 1.63667395e-15 0)
(3 -2.454863419e-15 0)
(3 -7.757802508e-15 0)
(3 -7.154665738e-15 0)
(3 -3.416303093e-15 0)
(3 -1.642939624e-15 0)
(3 -1.035741828e-16 0)
(3 -1.836516268e-15 0)
(3 2.721921229e-16 0)
(3 1.033013912e-15 0)
(3 8.244424709e-16 0)
(3 1.943895074e-15 0)
(3 8.193627268e-15 0)
(3 -9.646360857e-16 0)
(3 5.532140064e-16 0)
(3 2.472664877e-15 0)
(3 3.303464945e-15 0)
(3 5.205050313e-15 0)
(3 4.071071874e-15 0)
(3 2.914389255e-15 0)
(3 1.936594456e-15 0)
(3 8.988224702e-16 0)
(3 3.596848453e-15 0)
(3 4.423034314e-15 0)
(3 6.229843738e-15 0)
(3 7.166975902e-15 0)
(3 6.18606543e-15 0)
(3 3.67803917e-15 0)
(3 3.474449487e-15 0)
(3 1.917056809e-15 0)
(3 2.111241863e-15 0)
(3 7.793246879e-16 0)
(3 5.875366892e-16 0)
(3 2.184964388e-16 0)
(3 -1.160306395e-17 0)
(3 3.148925586e-15 0)
(3 -2.534889747e-15 0)
(3 -5.326280513e-15 0)
(3 -9.269992838e-15 0)
(3 -1.216405796e-14 0)
(3 -1.157551372e-14 0)
(3 -8.595014687e-15 0)
(3 -3.622359647e-15 0)
(3 -1.236217972e-15 0)
(3 7.108779687e-16 0)
(3 3.082911786e-15 0)
(3 5.718576016e-15 0)
(3 1.330710762e-14 0)
(3 1.610761406e-14 0)
(3 1.625091573e-14 0)
(3 1.533246214e-14 0)
(3 1.284770983e-14 0)
(3 8.855623809e-15 0)
(3 1.136418185e-15 0)
(3 -3.563044685e-15 0)
(3 -3.478522062e-15 0)
(3 -3.206063171e-15 0)
(3 -2.61957881e-15 0)
(3 3.583190319e-16 0)
(3 1.378671169e-15 0)
(3 1.053617016e-15 0)
(3 1.705391272e-16 0)
(3 7.899503089e-16 0)
(3 -8.728665256e-16 0)
(3 -2.621007448e-15 0)
(3 -5.440933314e-15 0)
(3 -5.701753369e-15 0)
(3 -4.472539071e-15 0)
(3 -7.146660071e-16 0)
(3 -1.355767404e-15 0)
(3 2.959571821e-15 0)
(3 4.601600054e-15 0)
(3 3.633244053e-15 0)
(3 2.545410705e-15 0)
(3 2.156349203e-15 0)
(3 -1.13731332e-15 0)
(3 -4.612056929e-16 0)
(3 6.178364111e-16 0)
(3 2.611486227e-15 0)
(3 6.851535823e-15 0)
(3 -8.229255325e-16 0)
(3 -4.67242002e-16 0)
(3 -5.676703613e-16 0)
(3 1.263441144e-15 0)
(3 2.567407251e-15 0)
(3 2.22323412e-15 0)
(3 2.659951751e-15 0)
(3 5.613530633e-15 0)
(3 8.046817407e-15 0)
(3 1.179040119e-14 0)
(3 1.215162442e-14 0)
(3 1.274945741e-14 0)
(3 1.305395413e-14 0)
(3 1.218590828e-14 0)
(3 1.137419881e-14 0)
(3 8.5658779e-15 0)
(3 6.601824639e-15 0)
(3 6.434612773e-15 0)
(3 6.659749117e-15 0)
(3 6.031697854e-15 0)
(3 2.698794286e-15 0)
(3 -3.926824459e-15 0)
(3 -1.019835052e-14 0)
(3 -1.0138457e-14 0)
(3 -1.189389903e-14 0)
(3 -1.340565057e-14 0)
(3 -1.342918551e-14 0)
(3 -1.296465429e-14 0)
(3 -1.056397755e-14 0)
(3 -7.814775929e-15 0)
(3 -6.794076178e-15 0)
(3 -1.563457602e-15 0)
(3 3.999017738e-15 0)
(3 9.9729483e-15 0)
(3 1.457668183e-14 0)
(3 1.852177039e-14 0)
(3 2.190604821e-14 0)
(3 2.123612176e-14 0)
(3 1.992066346e-14 0)
(3 1.722729239e-14 0)
(3 9.250999414e-15 0)
(3 4.612260048e-15 0)
(3 -3.669306187e-16 0)
(3 -2.170290485e-15 0)
(3 -3.130605969e-15 0)
(3 -5.076741135e-16 0)
(3 1.243193014e-15 0)
(3 9.663768752e-16 0)
(3 -9.794679185e-16 0)
(3 -2.949052896e-15 0)
(3 -4.631108546e-15 0)
(3 -8.236632003e-15 0)
(3 -9.663586394e-15 0)
(3 -8.873930342e-15 0)
(3 -6.372721463e-15 0)
(3 -2.163030094e-15 0)
(3 7.699552926e-15 0)
(3 1.042468836e-14 0)
(3 1.162949142e-14 0)
(3 1.045065906e-14 0)
(3 5.151409305e-15 0)
(3 4.650165816e-15 0)
(3 2.009106428e-15 0)
(3 1.544752771e-15 0)
(3 2.303421931e-15 0)
(3 4.883299859e-15 0)
(3 7.828306831e-15 0)
(3 -6.690451843e-18 0)
(3 -4.508411267e-16 0)
(3 -5.270621201e-16 0)
(3 9.559890935e-16 0)
(3 1.585415159e-15 0)
(3 2.579150244e-15 0)
(3 3.811372419e-15 0)
(3 4.485938326e-15 0)
(3 4.49017868e-15 0)
(3 4.000064543e-15 0)
(3 3.985666503e-15 0)
(3 4.88712171e-15 0)
(3 4.08657091e-15 0)
(3 4.025473544e-15 0)
(3 5.982051651e-15 0)
(3 4.451267826e-15 0)
(3 4.622253686e-15 0)
(3 3.064734031e-15 0)
(3 4.899695836e-15 0)
(3 3.810415061e-15 0)
(3 2.497314734e-15 0)
(3 3.276833622e-16 0)
(3 -2.361275369e-15 0)
(3 1.539954822e-15 0)
(3 2.998784273e-15 0)
(3 5.376522604e-15 0)
(3 4.502165168e-15 0)
(3 2.716190494e-15 0)
(3 -4.199996119e-17 0)
(3 -1.405734227e-15 0)
(3 -2.660161242e-15 0)
(3 1.898626426e-15 0)
(3 6.997869847e-15 0)
(3 6.858358093e-15 0)
(3 6.44075828e-15 0)
(3 6.932403054e-15 0)
(3 1.061736539e-14 0)
(3 1.457199503e-14 0)
(3 1.526017483e-14 0)
(3 1.316899558e-14 0)
(3 1.094998177e-14 0)
(3 9.137764814e-15 0)
(3 4.827509514e-15 0)
(3 -1.138409992e-16 0)
(3 -2.152083147e-15 0)
(3 -5.626003827e-15 0)
(3 -6.245122297e-15 0)
(3 -5.144640094e-15 0)
(3 -5.752303699e-15 0)
(3 -5.386154862e-15 0)
(3 -3.962296963e-15 0)
(3 -3.756602133e-15 0)
(3 -2.734665039e-15 0)
(3 -1.256215709e-15 0)
(3 2.455398233e-15 0)
(3 4.050547564e-15 0)
(3 4.417865897e-15 0)
(3 4.619760247e-15 0)
(3 4.057688578e-15 0)
(3 3.404540279e-15 0)
(3 4.162661528e-15 0)
(3 3.46875923e-15 0)
(3 5.586814052e-15 0)
(3 7.851355773e-15 0)
(3 1.043966815e-14 0)
(3 1.037930395e-14 0)
(3 1.269687139e-14 0)
(3 3.026482654e-16 0)
(3 9.985982605e-17 0)
(3 -6.299230381e-16 0)
(3 -9.579453555e-16 0)
(3 -7.701998918e-17 0)
(3 8.163013599e-16 0)
(3 3.540821089e-16 0)
(3 -4.799359877e-16 0)
(3 -3.133614815e-15 0)
(3 -7.31410793e-15 0)
(3 -7.816749653e-15 0)
(3 -6.459150628e-15 0)
(3 -3.372909533e-15 0)
(3 -2.008839486e-15 0)
(3 1.371131495e-15 0)
(3 4.080232031e-15 0)
(3 5.526934114e-15 0)
(3 5.962811273e-15 0)
(3 7.085672353e-15 0)
(3 8.941750366e-15 0)
(3 9.803893102e-15 0)
(3 1.124502238e-14 0)
(3 1.289986826e-14 0)
(3 1.589239802e-14 0)
(3 1.625683815e-14 0)
(3 1.713304813e-14 0)
(3 1.520656135e-14 0)
(3 1.253682609e-14 0)
(3 9.57096617e-15 0)
(3 6.774827822e-15 0)
(3 4.844366038e-15 0)
(3 3.534424311e-15 0)
(3 2.80642704e-15 0)
(3 2.948028439e-15 0)
(3 1.292745577e-17 0)
(3 -3.013017359e-15 0)
(3 -9.860752628e-16 0)
(3 3.659364636e-15 0)
(3 5.579213953e-15 0)
(3 3.850660946e-15 0)
(3 3.996511374e-15 0)
(3 3.883916584e-15 0)
(3 3.603388122e-15 0)
(3 -6.024532074e-16 0)
(3 -2.664208927e-15 0)
(3 -7.852059728e-15 0)
(3 -1.469038723e-14 0)
(3 -1.707984657e-14 0)
(3 -1.663499731e-14 0)
(3 -1.515629592e-14 0)
(3 -1.394738635e-14 0)
(3 -1.271755702e-14 0)
(3 -9.39679907e-15 0)
(3 -1.665322691e-15 0)
(3 1.727365198e-15 0)
)
;

boundaryField
{
    inlet
    {
        type            fixedValue;
        value           uniform (3 0 0);
    }
    outlet
    {
        type            inletOutlet;
        inletValue      nonuniform 0();
        value           nonuniform 0();
    }
    bottom
    {
        type            slip;
    }
    top
    {
        type            slip;
    }
    obstacle
    {
        type            slip;
    }
    defaultFaces
    {
        type            empty;
    }
    procBoundary24to18
    {
        type            processor;
        value           nonuniform List<vector> 
68
(
(3 -6.360145233e-15 0)
(3 -1.228563459e-14 0)
(3 -1.34675332e-14 0)
(3 -1.099493556e-14 0)
(3 -8.904706727e-15 0)
(3 -5.627479781e-15 0)
(3 2.894503547e-16 0)
(3 2.091753164e-15 0)
(3 2.379268761e-15 0)
(3 7.801062356e-15 0)
(3 9.129582762e-15 0)
(3 1.210901991e-14 0)
(3 1.272118557e-14 0)
(3 1.086144849e-14 0)
(3 7.967677734e-15 0)
(3 9.30590968e-15 0)
(3 1.071266961e-14 0)
(3 8.542416212e-15 0)
(3 6.107465844e-15 0)
(3 -2.372923945e-16 0)
(3 -2.944164026e-15 0)
(3 -5.83037374e-15 0)
(3 -8.557679083e-15 0)
(3 -3.174433654e-16 0)
(3 -1.523974328e-16 0)
(3 1.179396749e-15 0)
(3 2.16646216e-15 0)
(3 1.872443288e-15 0)
(3 1.03605694e-15 0)
(3 1.137977319e-15 0)
(3 -4.06839908e-16 0)
(3 4.388852475e-16 0)
(3 -9.458210924e-16 0)
(3 -1.041093925e-16 0)
(3 -4.69780955e-16 0)
(3 -1.400252665e-15 0)
(3 -1.754039223e-15 0)
(3 -3.224584169e-16 0)
(3 -1.527270345e-16 0)
(3 -2.622176647e-16 0)
(3 2.33780641e-16 0)
(3 1.377207787e-15 0)
(3 3.353919419e-15 0)
(3 6.872214912e-15 0)
(3 7.718400937e-15 0)
(3 1.048105482e-14 0)
(3 1.415601203e-14 0)
(3 1.39346113e-14 0)
(3 1.1442504e-14 0)
(3 8.614649677e-15 0)
(3 2.449005e-15 0)
(3 -2.349048187e-15 0)
(3 -1.245585525e-14 0)
(3 -1.447115889e-14 0)
(3 -1.066620922e-14 0)
(3 -9.080374156e-15 0)
(3 -1.026554442e-14 0)
(3 -9.305217553e-15 0)
(3 -1.017046541e-14 0)
(3 -1.429841814e-14 0)
(3 -2.396065143e-14 0)
(3 -2.530271865e-14 0)
(3 -2.565523501e-14 0)
(3 -2.312972031e-14 0)
(3 -1.756823811e-14 0)
(3 -1.054149174e-14 0)
(3 -7.471837869e-15 0)
(3 -7.471837869e-15 0)
)
;
    }
    procBoundary24to19
    {
        type            processor;
        value           uniform (3 -1.843266203e-14 0);
    }
    procBoundary24to25
    {
        type            processor;
        value           nonuniform List<vector> 
32
(
(3 -2.438358916e-14 0)
(3 -2.396710609e-14 0)
(3 -2.60429684e-14 0)
(3 -2.133385789e-14 0)
(3 -1.937212788e-14 0)
(3 -1.982935455e-14 0)
(3 -1.527655426e-14 0)
(3 -1.752957801e-14 0)
(3 -9.757781069e-15 0)
(3 7.462160497e-15 0)
(3 1.713325177e-14 0)
(3 1.589333674e-14 0)
(3 1.377255054e-14 0)
(3 2.187308752e-14 0)
(3 2.237894944e-14 0)
(3 1.497643007e-14 0)
(3 5.672666531e-15 0)
(3 -4.861552623e-15 0)
(3 -1.144807634e-14 0)
(3 -8.631176007e-15 0)
(3 -7.611062542e-15 0)
(3 -1.465067791e-14 0)
(3 -1.537360947e-14 0)
(3 -9.927976154e-15 0)
(3 -1.078497034e-15 0)
(3 2.416491796e-15 0)
(3 7.178978992e-15 0)
(3 1.591985993e-14 0)
(3 1.313650273e-14 0)
(3 1.052794954e-14 0)
(3 1.19048847e-14 0)
(3 1.313769717e-14 0)
)
;
    }
    procBoundary24to30
    {
        type            processor;
        value           nonuniform List<vector> 
68
(
(3 4.152562806e-15 0)
(3 2.631541366e-15 0)
(3 2.022293621e-15 0)
(3 -2.979548446e-15 0)
(3 -5.812438404e-15 0)
(3 -5.861497841e-15 0)
(3 -1.681764718e-15 0)
(3 2.216010585e-15 0)
(3 1.011809707e-14 0)
(3 1.952526195e-14 0)
(3 2.045441428e-14 0)
(3 2.123294448e-14 0)
(3 5.15123451e-16 0)
(3 8.08839979e-17 0)
(3 -2.370373717e-15 0)
(3 -3.623764905e-15 0)
(3 -4.998604576e-15 0)
(3 -4.996413508e-15 0)
(3 -4.792022273e-15 0)
(3 -4.907626839e-15 0)
(3 -5.070467648e-15 0)
(3 -7.152690913e-15 0)
(3 -6.671157609e-15 0)
(3 -5.134493576e-15 0)
(3 -2.524979885e-15 0)
(3 2.136639067e-15 0)
(3 6.493052764e-15 0)
(3 9.547056969e-15 0)
(3 1.283171384e-14 0)
(3 1.438956551e-14 0)
(3 1.376546204e-14 0)
(3 1.189605888e-14 0)
(3 1.162825207e-14 0)
(3 1.225328812e-14 0)
(3 1.289536082e-14 0)
(3 1.150144274e-14 0)
(3 1.01409365e-14 0)
(3 8.53174422e-15 0)
(3 7.88354811e-15 0)
(3 7.498489059e-15 0)
(3 7.316878421e-15 0)
(3 6.734774223e-15 0)
(3 5.613480461e-15 0)
(3 4.319735365e-15 0)
(3 3.715244287e-15 0)
(3 -2.841296101e-16 0)
(3 -4.772263988e-15 0)
(3 -8.197682805e-15 0)
(3 -9.703692203e-15 0)
(3 -9.96147555e-15 0)
(3 -7.419387062e-15 0)
(3 -3.31091192e-15 0)
(3 -1.486371653e-15 0)
(3 3.065470762e-15 0)
(3 4.254659065e-15 0)
(3 -1.763562841e-15 0)
(3 -5.982984061e-15 0)
(3 -8.743343028e-15 0)
(3 -1.282077826e-14 0)
(3 -1.467784271e-14 0)
(3 -1.437241691e-14 0)
(3 -1.458746831e-14 0)
(3 -1.417098166e-14 0)
(3 -1.186459571e-14 0)
(3 -9.261635777e-15 0)
(3 -5.777708308e-15 0)
(3 4.152562806e-15 0)
(3 -6.620696026e-15 0)
)
;
    }
}


// ************************************************************************* //
