/*--------------------------------*- C++ -*----------------------------------*\
  =========                 |
  \\      /  F ield         | OpenFOAM: The Open Source CFD Toolbox
   \\    /   O peration     | Website:  https://openfoam.org
    \\  /    A nd           | Version:  7
     \\/     M anipulation  |
\*---------------------------------------------------------------------------*/
FoamFile
{
    version     2.0;
    format      ascii;
    class       volScalarField;
    location    "4";
    object      rho;
}
// * * * * * * * * * * * * * * * * * * * * * * * * * * * * * * * * * * * * * //

dimensions      [1 -3 0 0 0 0 0];

internalField   nonuniform List<scalar> 
2222
(
1.40000504
1.40000504
1.40000504
1.40000504
1.40000504
1.40000504
1.40000504
1.40000504
1.40000504
1.40000504
1.40000504
1.40000504
1.40000504
1.40000504
1.40000504
1.40000504
1.40000504
1.40000504
1.40000504
1.40000504
1.40000504
1.40000504
1.40000504
1.40000504
1.40000504
1.40000504
1.40000504
1.40000504
1.40000504
1.40000504
1.40000504
1.40000504
1.40000504
1.40000504
1.40000504
1.40000504
1.40000504
1.40000504
1.40000504
1.40000504
1.40000504
1.40000504
1.40000504
1.40000504
1.40000504
1.40000504
1.40000504
1.40000504
1.40000504
1.40000504
1.40000504
1.40000504
1.40000504
1.40000504
1.40000504
1.40000504
1.40000504
1.40000504
1.40000504
1.40000504
1.40000504
1.40000504
1.40000504
1.40000504
1.40000504
1.40000504
1.40000504
1.40000504
1.40000504
1.40000504
1.40000504
1.40000504
1.40000504
1.40000504
1.40000504
1.40000504
1.40000504
1.40000504
1.40000504
1.40000504
1.40000504
1.40000504
1.40000504
1.40000504
1.40000504
1.40000504
1.40000504
1.40000504
1.40000504
1.40000504
1.40000504
1.40000504
1.40000504
1.40000504
1.40000504
1.40000504
1.40000504
1.40000504
1.40000504
1.40000504
1.40000504
1.40000504
1.40000504
1.40000504
1.40000504
1.40000504
1.40000504
1.40000504
1.40000504
1.40000504
1.40000504
1.40000504
1.40000504
1.40000504
1.40000504
1.40000504
1.40000504
1.40000504
1.40000504
1.40000504
1.40000504
1.40000504
1.40000504
1.40000504
1.40000504
1.40000504
1.40000504
1.40000504
1.40000504
1.40000504
1.40000504
1.40000504
1.40000504
1.40000504
1.40000504
1.40000504
1.40000504
1.40000504
1.40000504
1.40000504
1.40000504
1.40000504
1.40000504
1.40000504
1.40000504
1.40000504
1.40000504
1.40000504
1.40000504
1.40000504
1.40000504
1.40000504
1.40000504
1.40000504
1.40000504
1.40000504
1.40000504
1.40000504
1.40000504
1.40000504
1.40000504
1.40000504
1.40000504
1.40000504
1.40000504
1.40000504
1.40000504
1.40000504
1.40000504
1.40000504
1.40000504
1.40000504
1.40000504
1.40000504
1.40000504
1.40000504
1.40000504
1.40000504
1.40000504
1.40000504
1.40000504
1.40000504
1.40000504
1.40000504
1.40000504
1.40000504
1.40000504
1.40000504
1.40000504
1.40000504
1.40000504
1.40000504
1.40000504
1.40000504
1.40000504
1.40000504
1.40000504
1.40000504
1.40000504
1.40000504
1.40000504
1.40000504
1.40000504
1.40000504
1.40000504
1.40000504
1.40000504
1.40000504
1.40000504
1.40000504
1.40000504
1.40000504
1.40000504
1.40000504
1.40000504
1.40000504
1.40000504
1.40000504
1.40000504
1.40000504
1.40000504
1.40000504
1.40000504
1.40000504
1.40000504
1.40000504
1.40000504
1.40000504
1.40000504
1.40000504
1.40000504
1.40000504
1.40000504
1.40000504
1.40000504
1.40000504
1.40000504
1.40000504
1.40000504
1.40000504
1.40000504
1.40000504
1.40000504
1.40000504
1.40000504
1.40000504
1.40000504
1.40000504
1.40000504
1.40000504
1.40000504
1.40000504
1.40000504
1.40000504
1.40000504
1.40000504
1.40000504
1.40000504
1.40000504
1.40000504
1.40000504
1.40000504
1.40000504
1.40000504
1.40000504
1.40000504
1.40000504
1.40000504
1.40000504
1.40000504
1.40000504
1.40000504
1.40000504
1.40000504
1.40000504
1.40000504
1.40000504
1.40000504
1.40000504
1.40000504
1.40000504
1.40000504
1.40000504
1.40000504
1.40000504
1.40000504
1.40000504
1.40000504
1.40000504
1.40000504
1.40000504
1.40000504
1.40000504
1.40000504
1.40000504
1.40000504
1.40000504
1.40000504
1.40000504
1.40000504
1.40000504
1.40000504
1.40000504
1.40000504
1.40000504
1.40000504
1.40000504
1.40000504
1.40000504
1.40000504
1.40000504
1.40000504
1.40000504
1.40000504
1.40000504
1.40000504
1.40000504
1.40000504
1.40000504
1.40000504
1.40000504
1.40000504
1.40000504
1.40000504
1.40000504
1.40000504
1.40000504
1.40000504
1.40000504
1.40000504
1.40000504
1.40000504
1.40000504
1.40000504
1.40000504
1.40000504
1.40000504
1.40000504
1.40000504
1.40000504
1.40000504
1.40000504
1.40000504
1.40000504
1.40000504
1.40000504
1.40000504
1.40000504
1.40000504
1.40000504
1.40000504
1.40000504
1.40000504
1.40000504
1.40000504
1.40000504
1.40000504
1.40000504
1.40000504
1.40000504
1.40000504
1.40000504
1.40000504
1.40000504
1.40000504
1.40000504
1.40000504
1.40000504
1.40000504
1.40000504
1.40000504
1.40000504
1.40000504
1.40000504
1.40000504
1.40000504
1.40000504
1.40000504
1.40000504
1.40000504
1.40000504
1.40000504
1.40000504
1.40000504
1.40000504
1.40000504
1.40000504
1.40000504
1.40000504
1.40000504
1.40000504
1.40000504
1.40000504
1.40000504
1.40000504
1.40000504
1.40000504
1.40000504
1.40000504
1.40000504
1.40000504
1.40000504
1.40000504
1.40000504
1.40000504
1.40000504
1.40000504
1.40000504
1.40000504
1.40000504
1.40000504
1.40000504
1.40000504
1.40000504
1.40000504
1.40000504
1.40000504
1.40000504
1.40000504
1.40000504
1.40000504
1.40000504
1.40000504
1.40000504
1.40000504
1.40000504
1.40000504
1.40000504
1.40000504
1.40000504
1.40000504
1.40000504
1.40000504
1.40000504
1.40000504
1.40000504
1.40000504
1.40000504
1.40000504
1.40000504
1.40000504
1.40000504
1.40000504
1.40000504
1.40000504
1.40000504
1.40000504
1.40000504
1.40000504
1.40000504
1.40000504
1.40000504
1.40000504
1.40000504
1.40000504
1.40000504
1.40000504
1.40000504
1.40000504
1.40000504
1.40000504
1.40000504
1.40000504
1.40000504
1.40000504
1.40000504
1.40000504
1.40000504
1.40000504
1.40000504
1.40000504
1.40000504
1.40000504
1.40000504
1.40000504
1.40000504
1.40000504
1.40000504
1.40000504
1.40000504
1.40000504
1.40000504
1.40000504
1.40000504
1.40000504
1.40000504
1.40000504
1.40000504
1.40000504
1.40000504
1.40000504
1.40000504
1.40000504
1.40000504
1.40000504
1.40000504
1.40000504
1.40000504
1.40000504
1.40000504
1.40000504
1.40000504
1.40000504
1.40000504
1.40000504
1.40000504
1.40000504
1.40000504
1.40000504
1.40000504
1.40000504
1.40000504
1.40000504
1.40000504
1.40000504
1.40000504
1.40000504
1.40000504
1.40000504
1.40000504
1.40000504
1.40000504
1.40000504
1.40000504
1.40000504
1.40000504
1.40000504
1.40000504
1.40000504
1.40000504
1.40000504
1.40000504
1.40000504
1.40000504
1.40000504
1.40000504
1.40000504
1.40000504
1.40000504
1.40000504
1.40000504
1.40000504
1.40000504
1.40000504
1.40000504
1.40000504
1.40000504
1.40000504
1.40000504
1.40000504
1.40000504
1.40000504
1.40000504
1.40000504
1.40000504
1.40000504
1.40000504
1.40000504
1.40000504
1.40000504
1.40000504
1.40000504
1.40000504
1.40000504
1.40000504
1.40000504
1.40000504
1.40000504
1.40000504
1.40000504
1.40000504
1.40000504
1.40000504
1.40000504
1.40000504
1.40000504
1.40000504
1.40000504
1.40000504
1.40000504
1.40000504
1.40000504
1.40000504
1.40000504
1.40000504
1.40000504
1.40000504
1.40000504
1.40000504
1.40000504
1.40000504
1.40000504
1.40000504
1.40000504
1.40000504
1.40000504
1.40000504
1.40000504
1.40000504
1.40000504
1.40000504
1.40000504
1.40000504
1.40000504
1.40000504
1.40000504
1.40000504
1.40000504
1.40000504
1.40000504
1.40000504
1.40000504
1.40000504
1.40000504
1.40000504
1.40000504
1.40000504
1.40000504
1.40000504
1.40000504
1.40000504
1.40000504
1.40000504
1.40000504
1.40000504
1.40000504
1.40000504
1.40000504
1.40000504
1.40000504
1.40000504
1.40000504
1.40000504
1.40000504
1.40000504
1.40000504
1.40000504
1.40000504
1.40000504
1.40000504
1.40000504
1.40000504
1.40000504
1.40000504
1.40000504
1.40000504
1.40000504
1.40000504
1.40000504
1.40000504
1.40000504
1.40000504
1.40000504
1.40000504
1.40000504
1.40000504
1.40000504
1.40000504
1.40000504
1.40000504
1.40000504
1.40000504
1.40000504
1.40000504
1.40000504
1.40000504
1.40000504
1.40000504
1.40000504
1.40000504
1.40000504
1.40000504
1.40000504
1.40000504
1.40000504
1.40000504
1.40000504
1.40000504
1.40000504
1.40000504
1.40000504
1.40000504
1.40000504
1.40000504
1.40000504
1.40000504
1.40000504
1.40000504
1.40000504
1.40000504
1.40000504
1.40000504
1.40000504
1.40000504
1.40000504
1.40000504
1.40000504
1.40000504
1.40000504
1.40000504
1.40000504
1.40000504
1.40000504
1.40000504
1.40000504
1.40000504
1.40000504
1.40000504
1.40000504
1.40000504
1.40000504
1.40000504
1.40000504
1.40000504
1.40000504
1.40000504
1.40000504
1.40000504
1.40000504
1.40000504
1.40000504
1.40000504
1.40000504
1.40000504
1.40000504
1.40000504
1.40000504
1.40000504
1.40000504
1.40000504
1.40000504
1.40000504
1.40000504
1.40000504
1.40000504
1.40000504
1.40000504
1.40000504
1.40000504
1.40000504
1.40000504
1.40000504
1.40000504
1.40000504
1.40000504
1.40000504
1.40000504
1.40000504
1.40000504
1.40000504
1.40000504
1.40000504
1.40000504
1.40000504
1.40000504
1.40000504
1.40000504
1.40000504
1.40000504
1.40000504
1.40000504
1.40000504
1.40000504
1.40000504
1.40000504
1.40000504
1.40000504
1.40000504
1.40000504
1.40000504
1.40000504
1.40000504
1.40000504
1.40000504
1.40000504
1.40000504
1.40000504
1.40000504
1.40000504
1.40000504
1.40000504
1.40000504
1.40000504
1.40000504
1.40000504
1.40000504
1.40000504
1.40000504
1.40000504
1.40000504
1.40000504
1.40000504
1.40000504
1.40000504
1.40000504
1.40000504
1.40000504
1.40000504
1.40000504
1.40000504
1.40000504
1.40000504
1.40000504
1.40000504
1.40000504
1.40000504
1.40000504
1.40000504
1.40000504
1.40000504
1.40000504
1.40000504
1.40000504
1.40000504
1.40000504
1.40000504
1.40000504
1.40000504
1.40000504
1.40000504
1.40000504
1.40000504
1.40000504
1.40000504
1.40000504
1.40000504
1.40000504
1.40000504
1.40000504
1.40000504
1.40000504
1.40000504
1.40000504
1.40000504
1.40000504
1.40000504
1.40000504
1.40000504
1.40000504
1.40000504
1.40000504
1.40000504
1.40000504
1.40000504
1.40000504
1.40000504
1.40000504
1.40000504
1.40000504
1.40000504
1.40000504
1.40000504
1.40000504
1.40000504
1.40000504
1.40000504
1.40000504
1.40000504
1.40000504
1.40000504
1.40000504
1.40000504
1.40000504
1.40000504
1.40000504
1.40000504
1.40000504
1.40000504
1.40000504
1.40000504
1.40000504
1.40000504
1.40000504
1.40000504
1.40000504
1.40000504
1.40000504
1.40000504
1.40000504
1.40000504
1.40000504
1.40000504
1.40000504
1.40000504
1.40000504
1.40000504
1.40000504
1.40000504
1.40000504
1.40000504
1.40000504
1.40000504
1.40000504
1.40000504
1.40000504
1.40000504
1.40000504
1.40000504
1.40000504
1.40000504
1.40000504
1.40000504
1.40000504
1.40000504
1.40000504
1.40000504
1.40000504
1.40000504
1.40000504
1.40000504
1.40000504
1.40000504
1.40000504
1.40000504
1.40000504
1.40000504
1.40000504
1.40000504
1.40000504
1.40000504
1.40000504
1.40000504
1.40000504
1.40000504
1.40000504
1.40000504
1.40000504
1.40000504
1.40000504
1.40000504
1.40000504
1.40000504
1.40000504
1.40000504
1.40000504
1.40000504
1.40000504
1.40000504
1.40000504
1.40000504
1.40000504
1.40000504
1.40000504
1.40000504
1.40000504
1.40000504
1.40000504
1.40000504
1.40000504
1.40000504
1.40000504
1.40000504
1.40000504
1.40000504
1.40000504
1.40000504
1.40000504
1.40000504
1.40000504
1.40000504
1.40000504
1.40000504
1.40000504
1.40000504
1.40000504
1.40000504
1.40000504
1.40000504
1.40000504
1.40000504
1.40000504
1.40000504
1.40000504
1.40000504
1.40000504
1.40000504
1.40000504
1.40000504
1.40000504
1.40000504
1.40000504
1.40000504
1.40000504
1.40000504
1.40000504
1.40000504
1.40000504
1.40000504
1.40000504
1.40000504
1.40000504
1.40000504
1.40000504
1.40000504
1.40000504
1.40000504
1.40000504
1.40000504
1.40000504
1.40000504
1.40000504
1.40000504
1.40000504
1.40000504
1.40000504
1.40000504
1.40000504
1.40000504
1.40000504
1.40000504
1.40000504
1.40000504
1.40000504
1.40000504
1.40000504
1.40000504
1.40000504
1.40000504
1.40000504
1.40000504
1.40000504
1.40000504
1.40000504
1.40000504
1.40000504
1.40000504
1.40000504
1.40000504
1.40000504
1.40000504
1.40000504
1.40000504
1.40000504
1.40000504
1.40000504
1.40000504
1.40000504
1.40000504
1.40000504
1.40000504
1.40000504
1.40000504
1.40000504
1.40000504
1.40000504
1.40000504
1.40000504
1.40000504
1.40000504
1.40000504
1.40000504
1.40000504
1.40000504
1.40000504
1.40000504
1.40000504
1.40000504
1.40000504
1.40000504
1.40000504
1.40000504
1.40000504
1.40000504
1.40000504
1.40000504
1.40000504
1.40000504
1.40000504
1.40000504
1.40000504
1.40000504
1.40000504
1.40000504
1.40000504
1.40000504
1.40000504
1.40000504
1.40000504
1.40000504
1.40000504
1.40000504
1.40000504
1.40000504
1.40000504
1.40000504
1.40000504
1.40000504
1.40000504
1.40000504
1.40000504
1.40000504
1.40000504
1.40000504
1.40000504
1.40000504
1.40000504
1.40000504
1.40000504
1.40000504
1.40000504
1.40000504
1.40000504
1.40000504
1.40000504
1.40000504
1.40000504
1.40000504
1.40000504
1.40000504
1.40000504
1.40000504
1.40000504
1.40000504
1.40000504
1.40000504
1.40000504
1.40000504
1.40000504
1.40000504
1.40000504
1.40000504
1.40000504
1.40000504
1.40000504
1.40000504
1.40000504
1.40000504
1.40000504
1.40000504
1.40000504
1.40000504
1.40000504
1.40000504
1.40000504
1.40000504
1.40000504
1.40000504
1.40000504
1.40000504
1.40000504
1.40000504
1.40000504
1.40000504
1.40000504
1.40000504
1.40000504
1.40000504
1.40000504
1.40000504
1.40000504
1.40000504
1.40000504
1.40000504
1.40000504
1.40000504
1.40000504
1.40000504
1.40000504
1.40000504
1.40000504
1.40000504
1.40000504
1.40000504
1.40000504
1.40000504
1.40000504
1.40000504
1.40000504
1.40000504
1.40000504
1.40000504
1.40000504
1.40000504
1.40000504
1.40000504
1.40000504
1.40000504
1.40000504
1.40000504
1.40000504
1.40000504
1.40000504
1.40000504
1.40000504
1.40000504
1.40000504
1.40000504
1.40000504
1.40000504
1.40000504
1.40000504
1.40000504
1.40000504
1.40000504
1.40000504
1.40000504
1.40000504
1.40000504
1.40000504
1.40000504
1.40000504
1.40000504
1.40000504
1.40000504
1.40000504
1.40000504
1.40000504
1.40000504
1.40000504
1.40000504
1.40000504
1.40000504
1.40000504
1.40000504
1.40000504
1.40000504
1.40000504
1.40000504
1.40000504
1.40000504
1.40000504
1.40000504
1.40000504
1.40000504
1.40000504
1.40000504
1.40000504
1.40000504
1.40000504
1.40000504
1.40000504
1.40000504
1.40000504
1.40000504
1.40000504
1.40000504
1.40000504
1.40000504
1.40000504
1.40000504
1.40000504
1.40000504
1.40000504
1.40000504
1.40000504
1.40000504
1.40000504
1.40000504
1.40000504
1.40000504
1.40000504
1.40000504
1.40000504
1.40000504
1.40000504
1.40000504
1.40000504
1.40000504
1.40000504
1.40000504
1.40000504
1.40000504
1.40000504
1.40000504
1.40000504
1.40000504
1.40000504
1.40000504
1.40000504
1.40000504
1.40000504
1.40000504
1.40000504
1.40000504
1.40000504
1.40000504
1.40000504
1.40000504
1.40000504
1.40000504
1.40000504
1.40000504
1.40000504
1.40000504
1.40000504
1.40000504
1.40000504
1.40000504
1.40000504
1.40000504
1.40000504
1.40000504
1.40000504
1.40000504
1.40000504
1.40000504
1.40000504
1.40000504
1.40000504
1.40000504
1.40000504
1.40000504
1.40000504
1.40000504
1.40000504
1.40000504
1.40000504
1.40000504
1.40000504
1.40000504
1.40000504
1.40000504
1.40000504
1.40000504
1.40000504
1.40000504
1.40000504
1.40000504
1.40000504
1.40000504
1.40000504
1.40000504
1.40000504
1.40000504
1.40000504
1.40000504
1.40000504
1.40000504
1.40000504
1.40000504
1.40000504
1.40000504
1.40000504
1.40000504
1.40000504
1.40000504
1.40000504
1.40000504
1.40000504
1.40000504
1.40000504
1.40000504
1.40000504
1.40000504
1.40000504
1.40000504
1.40000504
1.40000504
1.40000504
1.40000504
1.40000504
1.40000504
1.40000504
1.40000504
1.40000504
1.40000504
1.40000504
1.40000504
1.40000504
1.40000504
1.40000504
1.40000504
1.40000504
1.40000504
1.40000504
1.40000504
1.40000504
1.40000504
1.40000504
1.40000504
1.40000504
1.40000504
1.40000504
1.40000504
1.40000504
1.40000504
1.40000504
1.40000504
1.40000504
1.40000504
1.40000504
1.40000504
1.40000504
1.40000504
1.40000504
1.40000504
1.40000504
1.40000504
1.40000504
1.40000504
1.40000504
1.40000504
1.40000504
1.40000504
1.40000504
1.40000504
1.40000504
1.40000504
1.40000504
1.40000504
1.40000504
1.40000504
1.40000504
1.40000504
1.40000504
1.40000504
1.40000504
1.40000504
1.40000504
1.40000504
1.40000504
1.40000504
1.40000504
1.40000504
1.40000504
1.40000504
1.40000504
1.40000504
1.40000504
1.40000504
1.40000504
1.40000504
1.40000504
1.40000504
1.40000504
1.40000504
1.40000504
1.40000504
1.40000504
1.40000504
1.40000504
1.40000504
1.40000504
1.40000504
1.40000504
1.40000504
1.40000504
1.40000504
1.40000504
1.40000504
1.40000504
1.40000504
1.40000504
1.40000504
1.40000504
1.40000504
1.40000504
1.40000504
1.40000504
1.40000504
1.40000504
1.40000504
1.40000504
1.40000504
1.40000504
1.40000504
1.40000504
1.40000504
1.40000504
1.40000504
1.40000504
1.40000504
1.40000504
1.40000504
1.40000504
1.40000504
1.40000504
1.40000504
1.40000504
1.40000504
1.40000504
1.40000504
1.40000504
1.40000504
1.40000504
1.40000504
1.40000504
1.40000504
1.40000504
1.40000504
1.40000504
1.40000504
1.40000504
1.40000504
1.40000504
1.40000504
1.40000504
1.40000504
1.40000504
1.40000504
1.40000504
1.40000504
1.40000504
1.40000504
1.40000504
1.40000504
1.40000504
1.40000504
1.40000504
1.40000504
1.40000504
1.40000504
1.40000504
1.40000504
1.40000504
1.40000504
1.40000504
1.40000504
1.40000504
1.40000504
1.40000504
1.40000504
1.40000504
1.40000504
1.40000504
1.40000504
1.40000504
1.40000504
1.40000504
1.40000504
1.40000504
1.40000504
1.40000504
1.40000504
1.40000504
1.40000504
1.40000504
1.40000504
1.40000504
1.40000504
1.40000504
1.40000504
1.40000504
1.40000504
1.40000504
1.40000504
1.40000504
1.40000504
1.40000504
1.40000504
1.40000504
1.40000504
1.40000504
1.40000504
1.40000504
1.40000504
1.40000504
1.40000504
1.40000504
1.40000504
1.40000504
1.40000504
1.40000504
1.40000504
1.40000504
1.40000504
1.40000504
1.40000504
1.40000504
1.40000504
1.40000504
1.40000504
1.40000504
1.40000504
1.40000504
1.40000504
1.40000504
1.40000504
1.40000504
1.40000504
1.40000504
1.40000504
1.40000504
1.40000504
1.40000504
1.40000504
1.40000504
1.40000504
1.40000504
1.40000504
1.40000504
1.40000504
1.40000504
1.40000504
1.40000504
1.40000504
1.40000504
1.40000504
1.40000504
1.40000504
1.40000504
1.40000504
1.40000504
1.40000504
1.40000504
1.40000504
1.40000504
1.40000504
1.40000504
1.40000504
1.40000504
1.40000504
1.40000504
1.40000504
1.40000504
1.40000504
1.40000504
1.40000504
1.40000504
1.40000504
1.40000504
1.40000504
1.40000504
1.40000504
1.40000504
1.40000504
1.40000504
1.40000504
1.40000504
1.40000504
1.40000504
1.40000504
1.40000504
1.40000504
1.40000504
1.40000504
1.40000504
1.40000504
1.40000504
1.40000504
1.40000504
1.40000504
1.40000504
1.40000504
1.40000504
1.40000504
1.40000504
1.40000504
1.40000504
1.40000504
1.40000504
1.40000504
1.40000504
1.40000504
1.40000504
1.40000504
1.40000504
1.40000504
1.40000504
1.40000504
1.40000504
1.40000504
1.40000504
1.40000504
1.40000504
1.40000504
1.40000504
1.40000504
1.40000504
1.40000504
1.40000504
1.40000504
1.40000504
1.40000504
1.40000504
1.40000504
1.40000504
1.40000504
1.40000504
1.40000504
1.40000504
1.40000504
1.40000504
1.40000504
1.40000504
1.40000504
1.40000504
1.40000504
1.40000504
1.40000504
1.40000504
1.40000504
1.40000504
1.40000504
1.40000504
1.40000504
1.40000504
1.40000504
1.40000504
1.40000504
1.40000504
1.40000504
1.40000504
1.40000504
1.40000504
1.40000504
1.40000504
1.40000504
1.40000504
1.40000504
1.40000504
1.40000504
1.40000504
1.40000504
1.40000504
1.40000504
1.40000504
1.40000504
1.40000504
1.40000504
1.40000504
1.40000504
1.40000504
1.40000504
1.40000504
1.40000504
1.40000504
1.40000504
1.40000504
1.40000504
1.40000504
1.40000504
1.40000504
1.40000504
1.40000504
1.40000504
1.40000504
1.40000504
1.40000504
1.40000504
1.40000504
1.40000504
1.40000504
1.40000504
1.40000504
1.40000504
1.40000504
1.40000504
1.40000504
1.40000504
1.40000504
1.40000504
1.40000504
1.40000504
1.40000504
1.40000504
1.40000504
1.40000504
1.40000504
1.40000504
1.40000504
1.40000504
1.40000504
1.40000504
1.40000504
1.40000504
1.40000504
1.40000504
1.40000504
1.40000504
1.40000504
1.40000504
1.40000504
1.40000504
1.40000504
1.40000504
1.40000504
1.40000504
1.40000504
1.40000504
1.40000504
1.40000504
1.40000504
1.40000504
1.40000504
1.40000504
1.40000504
1.40000504
1.40000504
1.40000504
1.40000504
1.40000504
1.40000504
1.40000504
1.40000504
1.40000504
1.40000504
1.40000504
1.40000504
1.40000504
1.40000504
1.40000504
1.40000504
1.40000504
1.40000504
1.40000504
1.40000504
1.40000504
1.40000504
1.40000504
1.40000504
1.40000504
1.40000504
1.40000504
1.40000504
1.40000504
1.40000504
1.40000504
1.40000504
1.40000504
1.40000504
1.40000504
1.40000504
1.40000504
1.40000504
1.40000504
1.40000504
1.40000504
1.40000504
1.40000504
1.40000504
1.40000504
1.40000504
1.40000504
1.40000504
1.40000504
1.40000504
1.40000504
1.40000504
1.40000504
1.40000504
1.40000504
1.40000504
1.40000504
1.40000504
1.40000504
1.40000504
1.40000504
1.40000504
1.40000504
1.40000504
1.40000504
1.40000504
1.40000504
1.400005038
1.40000504
1.40000504
1.40000504
1.40000504
1.40000504
1.40000504
1.40000504
1.40000504
1.40000504
1.40000504
1.40000504
1.40000504
1.40000504
1.40000504
1.40000504
1.40000504
1.40000504
1.40000504
1.40000504
1.40000504
1.40000504
1.40000504
1.40000504
1.40000504
1.40000504
1.40000504
1.40000504
1.40000504
1.40000504
1.400005039
1.400005037
1.400005045
1.400005021
1.40000504
1.40000504
1.40000504
1.40000504
1.40000504
1.40000504
1.40000504
1.40000504
1.40000504
1.40000504
1.40000504
1.40000504
1.40000504
1.40000504
1.40000504
1.40000504
1.40000504
1.40000504
1.40000504
1.40000504
1.40000504
1.40000504
1.40000504
1.40000504
1.40000504
1.400005039
1.400005038
1.400005037
1.400005069
1.40000515
1.400008946
1.400051849
1.40030142
1.40000504
1.40000504
1.40000504
1.40000504
1.40000504
1.40000504
1.40000504
1.40000504
1.40000504
1.40000504
1.40000504
1.40000504
1.40000504
1.40000504
1.40000504
1.40000504
1.40000504
1.40000504
1.40000504
1.40000504
1.40000504
1.40000504
1.400005039
1.400005034
1.40000508
1.400005101
1.400006939
1.400033698
1.400245819
1.401237036
1.405579263
1.422882463
1.460752807
1.40000504
1.40000504
1.40000504
1.40000504
1.40000504
1.40000504
1.40000504
1.40000504
1.40000504
1.40000504
1.40000504
1.40000504
1.40000504
1.40000504
1.40000504
1.40000504
1.40000504
1.400005038
1.400005039
1.400005036
1.400005056
1.400005068
1.400006096
1.400019634
1.400164495
1.401008281
1.404194852
1.417254143
1.457494926
1.529272283
1.672857855
1.886670206
2.08045096
1.40000504
1.40000504
1.40000504
1.40000504
1.40000504
1.40000504
1.40000504
1.40000504
1.40000504
1.40000504
1.40000504
1.40000504
1.40000504
1.400005038
1.400005037
1.400005037
1.400005041
1.400005013
1.400005596
1.400014146
1.400092755
1.400709359
1.403444717
1.412455439
1.447028446
1.524464345
1.64332431
1.849685786
2.079050437
2.286468226
2.535117981
2.644101656
2.716145879
1.40000504
1.40000504
1.40000504
1.40000504
1.40000504
1.40000504
1.40000504
1.400005038
1.400005039
1.400005039
1.400005039
1.400005037
1.400005051
1.400005035
1.400005247
1.400011393
1.40006538
1.400408697
1.402515785
1.410305077
1.434058757
1.507203751
1.628670086
1.800725476
2.065760207
2.284913854
2.491380482
2.694040258
2.729836638
2.771313919
2.804503074
2.805790604
2.809235847
1.40000504
1.40000504
1.40000504
1.40000504
1.40000504
1.400005039
1.400005041
1.400005025
1.40000507
1.400005293
1.400006861
1.400016152
1.400079821
1.400388073
1.401726561
1.408632873
1.429322782
1.479912071
1.604107061
1.773259458
2.008397053
2.277350856
2.463054778
2.665990193
2.823891529
2.854050225
2.891878695
2.907582635
2.898900103
2.891343518
2.88303782
2.870133258
2.852106219
1.40000504
1.400005037
1.400005033
1.400005168
1.40000569
1.400008752
1.400026621
1.40009957
1.400327866
1.401119109
1.403560762
1.409779151
1.43010882
1.475003693
1.566874723
1.754447167
1.959764852
2.226314317
2.482825149
2.630327164
2.795838324
2.872121133
2.876906569
2.88484857
2.877387724
2.861601131
2.865814118
2.856966841
2.857105347
2.854167453
2.836379551
2.822480884
2.811727245
1.400008377
1.40003109
1.400164278
1.400684631
1.402041323
1.405085666
1.413481569
1.431463775
1.461658329
1.522940609
1.617787338
1.755105751
1.961649442
2.180614945
2.439628029
2.688704221
2.802539853
2.925764436
3.007923029
3.019342938
3.008034722
2.994132132
2.97732655
2.951382806
2.921528108
2.882452294
2.826905683
2.793434496
2.786846388
2.780422168
2.774230373
2.775013577
2.778995308
1.404660036
1.415928469
1.44224701
1.493929143
1.557967366
1.640271803
1.777224549
1.913729244
2.064554083
2.25229408
2.391243234
2.575549203
2.706231576
2.7795396
2.839389489
2.888974299
2.942016943
2.959677303
2.961665162
2.938548257
2.900658443
2.888432619
2.865946873
2.844673229
2.840631762
2.832447011
2.820739342
2.811131665
2.80238326
2.792985554
2.786922198
2.786589805
2.789555165
1.573533472
1.784131325
2.02292527
2.244681174
2.455356159
2.697366018
2.870764475
2.990175351
3.177784003
3.296325921
3.326046669
3.40354537
3.410333432
3.374905192
3.299112876
3.198200912
3.097422623
3.000866948
2.91452449
2.846136487
2.803656931
2.78048978
2.75675395
2.746947871
2.747907095
2.754141439
2.765734672
2.776574324
2.784623446
2.789570484
2.795157337
2.800907916
2.807447567
0.979208093
0.9931589935
1.001864938
1.003262829
1.005116134
1.012117084
1.019418171
1.023478188
1.025856609
1.028151596
1.031008385
1.033328721
1.034608175
1.035400172
)
;

boundaryField
{
    inlet
    {
        type            calculated;
        value           nonuniform 0();
    }
    outlet
    {
        type            calculated;
        value           nonuniform 0();
    }
    bottom
    {
        type            calculated;
        value           nonuniform 0();
    }
    top
    {
        type            calculated;
        value           nonuniform 0();
    }
    obstacle
    {
        type            calculated;
        value           nonuniform List<scalar> 
47
(
0.979208093
0.9931589935
1.001864938
1.003262829
1.005116134
1.012117084
1.019418171
1.023478188
1.025856609
1.028151596
1.031008385
1.033328721
1.034608175
1.035400172
1.573533472
1.784131325
2.02292527
2.244681174
2.455356159
2.697366018
2.870764475
2.990175351
3.177784003
3.296325921
3.326046669
3.40354537
3.410333432
3.374905192
3.299112876
3.198200912
3.097422623
3.000866948
2.91452449
2.846136487
2.803656931
2.78048978
2.75675395
2.746947871
2.747907095
2.754141439
2.765734672
2.776574324
2.784623446
2.789570484
2.795157337
2.800907916
2.807447567
)
;
    }
    defaultFaces
    {
        type            empty;
    }
    procBoundary13to6
    {
        type            processor;
        value           uniform 1.40000504;
    }
    procBoundary13to7
    {
        type            processor;
        value           nonuniform List<scalar> 
72
(
1.40000504
1.40000504
1.40000504
1.40000504
1.40000504
1.40000504
1.40000504
1.40000504
1.40000504
1.40000504
1.40000504
1.40000504
1.40000504
1.40000504
1.40000504
1.40000504
1.40000504
1.40000504
1.40000504
1.40000504
1.40000504
1.40000504
1.40000504
1.40000504
1.40000504
1.40000504
1.40000504
1.40000504
1.40000504
1.40000504
1.40000504
1.40000504
1.40000504
1.40000504
1.40000504
1.40000504
1.40000504
1.40000504
1.40000504
1.40000504
1.40000504
1.40000504
1.40000504
1.40000504
1.40000504
1.40000504
1.40000504
1.40000504
1.40000504
1.40000504
1.40000504
1.40000504
1.40000504
1.40000504
1.40000504
1.40000504
1.40000504
1.40000504
1.40000504
1.40000504
1.40000504
1.40000504
1.40000504
1.40000504
1.40000504
1.40000504
1.40000504
1.40000504
1.40000504
1.40000504
1.40000504
1.40000504
)
;
    }
    procBoundary13to12
    {
        type            processor;
        value           nonuniform List<scalar> 
34
(
1.40000504
1.40000504
1.40000504
1.40000504
1.40000504
1.40000504
1.40000504
1.40000504
1.40000504
1.40000504
1.40000504
1.40000504
1.40000504
1.40000504
1.40000504
1.40000504
1.40000504
1.40000504
1.40000504
1.40000504
1.40000504
1.40000504
1.40000504
1.40000504
1.40000504
1.40000504
1.40000504
1.40000504
1.40000504
1.40000504
1.40000504
1.40000504
1.40000504
1.40000504
)
;
    }
    procBoundary13to14
    {
        type            processor;
        value           nonuniform List<scalar> 
28
(
1.40000504
1.40000504
1.40000504
1.40000504
1.40000504
1.40000504
1.40000504
1.40000504
1.40000504
1.40000504
1.40000504
1.40000504
1.40000504
1.40000504
1.40000504
1.40000504
1.40000504
1.40000504
1.40000504
1.400005038
1.400005326
1.401549334
1.543070246
2.333255107
2.806575822
2.81724392
2.817109596
2.805895304
)
;
    }
    procBoundary13to19
    {
        type            processor;
        value           nonuniform List<scalar> 
50
(
1.40000504
1.40000504
1.40000504
1.40000504
1.40000504
1.40000504
1.40000504
1.40000504
1.40000504
1.40000504
1.40000504
1.40000504
1.40000504
1.40000504
1.40000504
1.40000504
1.40000504
1.40000504
1.40000504
1.40000504
1.40000504
1.40000504
1.40000504
1.40000504
1.40000504
1.40000504
1.40000504
1.40000504
1.40000504
1.40000504
1.40000504
1.40000504
1.40000504
1.40000504
1.40000504
0.9682267845
1.041461612
1.032690664
1.025247364
1.020504252
1.01791424
1.014720854
1.012825898
1.01344497
1.015331563
1.017658813
1.019555746
1.021646663
1.024216128
1.027466508
)
;
    }
    procBoundary13to20
    {
        type            processor;
        value           nonuniform List<scalar> 4(2.78826094 2.795448982 2.815117165 1.036788477);
    }
}


// ************************************************************************* //
