/*--------------------------------*- C++ -*----------------------------------*\
  =========                 |
  \\      /  F ield         | OpenFOAM: The Open Source CFD Toolbox
   \\    /   O peration     | Website:  https://openfoam.org
    \\  /    A nd           | Version:  7
     \\/     M anipulation  |
\*---------------------------------------------------------------------------*/
FoamFile
{
    version     2.0;
    format      ascii;
    class       volVectorField;
    location    "4.6";
    object      U;
}
// * * * * * * * * * * * * * * * * * * * * * * * * * * * * * * * * * * * * * //

dimensions      [0 1 -1 0 0 0 0];

internalField   nonuniform List<vector> 
2225
(
(2.995169615 4.100002304e-05 0)
(2.995094279 -0.0003546288316 0)
(2.995143046 -0.0008835649619 0)
(2.995217674 -0.001042540553 0)
(2.995205287 -0.0008923550529 0)
(2.994999776 -0.0005520543411 0)
(2.994775697 1.404938847e-05 0)
(2.994651242 0.0002294726815 0)
(2.994256257 0.0001906102515 0)
(2.993648741 -0.0001658524226 0)
(2.993280497 -0.0004430884717 0)
(2.993239506 -0.0004696815617 0)
(3.091811551 -0.3457859954 0)
(3.095366692 -0.3552958145 0)
(3.094962727 -0.3585001412 0)
(3.093863682 -0.3576813021 0)
(3.091073161 -0.3447457499 0)
(3.084080393 -0.3140440486 0)
(3.053524922 -0.2179413206 0)
(3.045570439 -0.1391123394 0)
(3.026158861 -0.04091407556 0)
(3.012103281 0.0242962949 0)
(2.988901999 -0.005025893894 0)
(2.993404626 -0.007070107749 0)
(2.996871456 -0.007350974548 0)
(2.99878927 -0.005048124468 0)
(2.995889188 -0.003580480798 0)
(2.994064158 -0.00241541384 0)
(2.993448839 -0.002110871624 0)
(2.994287063 -0.001322304153 0)
(2.995063325 -0.0006229276409 0)
(2.995331998 2.596471886e-05 0)
(2.995377503 3.364579707e-05 0)
(2.994987159 -0.0003480385067 0)
(2.994867074 -0.0009513457991 0)
(2.994946817 -0.0009071116118 0)
(2.995002348 -0.0006261573708 0)
(2.994947016 -0.0002816381158 0)
(2.994886719 0.0002834150173 0)
(2.994856842 0.0005554561771 0)
(2.994563024 0.0005488830252 0)
(2.994096855 0.0001873081798 0)
(2.993838604 -0.0003175932205 0)
(2.993809682 -0.0004777475291 0)
(3.08898719 -0.3331269262 0)
(3.087909915 -0.3321370782 0)
(3.091916197 -0.3443559748 0)
(3.092853114 -0.3531159759 0)
(3.094357778 -0.3530156942 0)
(3.093720945 -0.3498148294 0)
(3.086956178 -0.3328225708 0)
(3.073025715 -0.2783068798 0)
(3.047668733 -0.1765671545 0)
(3.037889265 -0.1088768689 0)
(3.040435844 -0.06595225154 0)
(3.014030841 -0.02716935426 0)
(3.007801514 -0.02140515674 0)
(3.001016542 -0.01138017296 0)
(2.998913095 -0.005264329461 0)
(2.995911059 0.0001021014643 0)
(2.994777917 -0.0003817310073 0)
(2.994650385 -0.00111593232 0)
(2.994998701 -0.001160856607 0)
(2.995525806 -0.001176296783 0)
(2.995439955 -0.001229036418 0)
(2.994720669 -0.001719925776 0)
(2.99469236 -0.001581709856 0)
(2.994719375 -0.0009636504917 0)
(2.994822946 -0.0004400487584 0)
(2.994906801 -3.558488365e-05 0)
(2.995008472 0.0001438393202 0)
(2.995018544 0.000180592189 0)
(2.994871343 0.0001078561437 0)
(2.994535184 -0.0002410782642 0)
(2.994440326 -0.0005036439059 0)
(2.994421156 -0.0004539171032 0)
(3.086376165 -0.3225390807 0)
(3.087133728 -0.3236250719 0)
(3.091206868 -0.3364339783 0)
(3.091626672 -0.3443439913 0)
(3.092143039 -0.3440667235 0)
(3.092678418 -0.3475604572 0)
(3.092649608 -0.3496137063 0)
(3.090325999 -0.343331358 0)
(3.080679176 -0.3101480214 0)
(3.058701792 -0.2185392259 0)
(3.060222381 -0.1365096524 0)
(3.027071097 -0.0003195962815 0)
(3.008985992 -0.01420413047 0)
(3.004391086 -0.006117194874 0)
(3.002118079 0.001808988998 0)
(2.998324284 0.001010280933 0)
(2.994368232 -0.003142892818 0)
(2.993912998 -0.00355112632 0)
(2.99497443 -0.003375131477 0)
(2.996011618 -0.002966170489 0)
(2.995144149 -0.002712695546 0)
(2.994760403 -0.002715966868 0)
(2.99460963 -0.001997690054 0)
(2.994543461 -0.0008993366557 0)
(2.994995894 -0.0001681451253 0)
(2.99497285 -0.0002231241529 0)
(2.995038331 -0.0004142626254 0)
(2.995227899 -0.0003759504076 0)
(2.995267702 -0.0004745248677 0)
(2.995085287 -0.0006807330369 0)
(2.995029555 -0.000774059114 0)
(2.99498833 -0.0006395833498 0)
(3.082383696 -0.3032615163 0)
(3.083987656 -0.3045097537 0)
(3.087924455 -0.3151794786 0)
(3.089825708 -0.3335090402 0)
(3.089875509 -0.3387913952 0)
(3.089888092 -0.3351449699 0)
(3.092862298 -0.3454659881 0)
(3.092579069 -0.3473952413 0)
(3.091383635 -0.3437192674 0)
(3.08679848 -0.3253392931 0)
(3.077406473 -0.280950476 0)
(3.057286833 -0.1940427035 0)
(3.048005301 -0.1359158787 0)
(3.018120881 -0.03976634369 0)
(3.008162016 0.01629954552 0)
(2.994673726 -0.0005542073661 0)
(2.994165265 -0.007853811115 0)
(2.994759443 -0.005867967186 0)
(2.995918178 -0.00597622362 0)
(2.996002415 -0.003500759074 0)
(2.995905495 -0.001861893562 0)
(2.995033095 -0.001296937022 0)
(2.994369024 -0.001279498325 0)
(2.994792152 -0.0005071536229 0)
(2.994867662 -0.0004714937213 0)
(2.994871799 -0.000659408711 0)
(2.995060955 -0.0007347633373 0)
(2.99542881 -0.0006573325204 0)
(2.995638458 -0.0005744705151 0)
(2.995567361 -0.000755879142 0)
(2.995470595 -0.0009899043485 0)
(2.995346804 -0.0009426386156 0)
(3.079897014 -0.2928944529 0)
(3.07982988 -0.2881527156 0)
(3.082792869 -0.29541978 0)
(3.084855892 -0.3109245487 0)
(3.085370702 -0.3188378799 0)
(3.087049316 -0.3228345028 0)
(3.091613404 -0.336501166 0)
(3.090977582 -0.3476464575 0)
(3.093088723 -0.3454782819 0)
(3.092696766 -0.341085382 0)
(3.090841517 -0.3366456068 0)
(3.080939628 -0.3070542944 0)
(3.064943308 -0.2347443132 0)
(3.037534279 -0.1317807367 0)
(3.029877934 -0.08855407823 0)
(3.028662079 -0.04708745297 0)
(3.01323865 -0.02224425407 0)
(2.999781246 -0.008178674088 0)
(2.99562854 -0.006018742919 0)
(2.996218217 -0.001074655218 0)
(2.99648665 0.002587509787 0)
(2.99442085 0.001866487957 0)
(2.993837899 -0.0003664314855 0)
(2.994644479 -0.0007810427782 0)
(2.994855484 -0.000604701047 0)
(2.994894037 -0.0005946266487 0)
(2.995309879 -0.0002337936366 0)
(2.995652536 0.0001255616771 0)
(2.995969722 0.0002660368889 0)
(2.995840246 -0.0002468157933 0)
(2.995657373 -0.0009404355727 0)
(2.995436581 -0.001091853439 0)
(3.077798294 -0.2818812973 0)
(3.078126395 -0.2821471916 0)
(3.081259768 -0.2864019594 0)
(3.083129254 -0.3014861799 0)
(3.082480969 -0.3050735234 0)
(3.082821202 -0.30310509 0)
(3.084333607 -0.3095872472 0)
(3.08794097 -0.3291424539 0)
(3.089164277 -0.3350284088 0)
(3.091593762 -0.3356862799 0)
(3.091701201 -0.3376367657 0)
(3.091078489 -0.338658963 0)
(3.086794585 -0.3249302311 0)
(3.077170038 -0.2854584612 0)
(3.04755529 -0.1694275214 0)
(3.054229302 -0.1179260741 0)
(3.024693286 0.004350082891 0)
(3.000288312 0.004605106836 0)
(2.995230004 -0.007544544144 0)
(2.999138753 0.001057833154 0)
(2.996243201 0.003181253374 0)
(2.992543073 -0.00106812067 0)
(2.993376594 -0.002628745856 0)
(2.994592417 -0.001283082999 0)
(2.994917768 -0.000727886703 0)
(2.995026363 -0.0002620850237 0)
(2.995875244 0.0004789797622 0)
(2.996087056 0.0007115481704 0)
(2.996217463 0.0006477142486 0)
(2.995887439 8.177260035e-06 0)
(2.995525605 -0.0009373237637 0)
(2.995376029 -0.0009201284032 0)
(3.074023575 -0.2644514312 0)
(3.075139154 -0.2665223629 0)
(3.07758715 -0.2677310707 0)
(3.0820808 -0.2850597026 0)
(3.080293415 -0.2951677216 0)
(3.080632927 -0.2961453358 0)
(3.08393687 -0.3011076161 0)
(3.085843331 -0.3128229324 0)
(3.085478738 -0.3229811957 0)
(3.087008419 -0.3233647806 0)
(3.091195284 -0.3348019196 0)
(3.091082379 -0.339377935 0)
(3.091044271 -0.3388031867 0)
(3.090052265 -0.3310731454 0)
(3.083193591 -0.3059745867 0)
(3.069324423 -0.2437670853 0)
(3.046663829 -0.1473797876 0)
(3.052654074 -0.1205453344 0)
(3.031220655 -0.0627795475 0)
(3.011299592 -0.01301038261 0)
(2.999577038 -0.005387689966 0)
(2.993489134 -0.006335514366 0)
(2.993841582 -0.005329380699 0)
(2.995563208 -0.002541064078 0)
(2.995883196 -0.000325781421 0)
(2.995711105 0.0003543197326 0)
(2.995826678 -0.0001753575107 0)
(2.996364508 -0.0004772253779 0)
(2.99659528 -0.0001845192481 0)
(2.996006104 -0.0005605848581 0)
(2.995386803 -0.0008934483884 0)
(2.995398517 -0.0005466559771 0)
(3.071366815 -0.2526889518 0)
(3.071912693 -0.2538477472 0)
(3.073124864 -0.2515438219 0)
(3.076445647 -0.2636555137 0)
(3.076746054 -0.2792476778 0)
(3.077553754 -0.281093554 0)
(3.080964519 -0.2840324646 0)
(3.08470668 -0.2985801789 0)
(3.083331634 -0.3091812294 0)
(3.083637569 -0.3130622539 0)
(3.085879281 -0.3121472073 0)
(3.088171918 -0.324184789 0)
(3.088107838 -0.3334979486 0)
(3.090309473 -0.331515659 0)
(3.090256258 -0.329889564 0)
(3.087336131 -0.3220003339 0)
(3.07421009 -0.2816476143 0)
(3.06305049 -0.1936179164 0)
(3.036487573 -0.07585112778 0)
(3.01680858 -0.0367675225 0)
(3.015969983 -0.03523356238 0)
(3.009025162 -0.01816279721 0)
(2.997066299 -0.004970920174 0)
(2.995578778 -0.003251805721 0)
(2.995492017 -0.0001558002172 0)
(2.994839104 -0.0009152710246 0)
(2.99547025 -0.00309929859 0)
(2.997013925 -0.003441510363 0)
(2.997184515 -0.002312426417 0)
(2.99636842 -0.0008837968883 0)
(2.99574437 -0.0003113781212 0)
(2.995610821 9.971525158e-05 0)
(3.069908796 -0.2377795544 0)
(3.069063059 -0.2450185171 0)
(3.070743774 -0.2452092463 0)
(3.074972966 -0.2544453396 0)
(3.074509365 -0.2675513938 0)
(3.074343385 -0.2691553636 0)
(3.075720678 -0.2674670027 0)
(3.078658802 -0.2771228515 0)
(3.08019558 -0.2915596312 0)
(3.07982735 -0.2977988905 0)
(3.082695771 -0.3023900674 0)
(3.086886755 -0.312509996 0)
(3.087381676 -0.3280098976 0)
(3.087872556 -0.3294580123 0)
(3.090369583 -0.3321234906 0)
(3.090571875 -0.3314400633 0)
(3.088417881 -0.327692617 0)
(3.081314681 -0.3039092279 0)
(3.073617201 -0.2634675328 0)
(3.035915019 -0.1337294125 0)
(3.03938349 -0.09110775546 0)
(3.019654816 0.006454290667 0)
(3.001668051 0.003205956842 0)
(2.992514543 -0.007275278213 0)
(2.993730266 -0.003766412812 0)
(2.994160024 -0.004832868602 0)
(2.996220006 -0.006493295082 0)
(2.99801373 -0.004145139208 0)
(2.998213887 -0.001234361399 0)
(2.997227898 0.0007549724198 0)
(2.996036619 0.0005631185272 0)
(2.995735096 -2.022374338e-06 0)
(3.065225086 -0.2174412208 0)
(3.065283319 -0.2306577894 0)
(3.067183272 -0.2319852622 0)
(3.0714159 -0.237895875 0)
(3.073706088 -0.2546888066 0)
(3.072408918 -0.261725998 0)
(3.07374336 -0.2638570644 0)
(3.077264953 -0.2684376761 0)
(3.077412023 -0.2787619853 0)
(3.076177051 -0.2829653515 0)
(3.077814457 -0.2851722837 0)
(3.081491461 -0.2909535012 0)
(3.084011053 -0.3052593748 0)
(3.084079071 -0.3159946272 0)
(3.085867676 -0.3151592609 0)
(3.088372837 -0.3220993207 0)
(3.087926085 -0.324849625 0)
(3.087524046 -0.3259066546 0)
(3.085039279 -0.3140150322 0)
(3.075431542 -0.2783758486 0)
(3.059775841 -0.2038365229 0)
(3.035324083 -0.1057910587 0)
(3.041960587 -0.09286806807 0)
(3.02288912 -0.0401345969 0)
(3.008288081 -0.01252363454 0)
(2.998204471 -0.01021789615 0)
(2.995989385 -0.006008508535 0)
(2.999038426 -0.001008878978 0)
(2.998820569 0.002343846045 0)
(2.99764247 0.002580238135 0)
(2.996021292 0.001470062787 0)
(2.995428724 -0.0001747533382 0)
(3.061347366 -0.2028053578 0)
(3.061363807 -0.2169661301 0)
(3.062684962 -0.2181358614 0)
(3.06531137 -0.2193004689 0)
(3.070251224 -0.2354228259 0)
(3.070041327 -0.2462025049 0)
(3.070996562 -0.2499861874 0)
(3.074799836 -0.2567913302 0)
(3.07618422 -0.2665388161 0)
(3.075295457 -0.2749367922 0)
(3.075827606 -0.279438041 0)
(3.079034536 -0.283160469 0)
(3.081239037 -0.2895008162 0)
(3.081104765 -0.2997909602 0)
(3.081773142 -0.304841431 0)
(3.08558451 -0.3124983424 0)
(3.088064343 -0.3240261947 0)
(3.086731543 -0.3285480497 0)
(3.089233214 -0.3248152208 0)
(3.087763285 -0.3192880852 0)
(3.082265 -0.3025275657 0)
(3.062289259 -0.244654963 0)
(3.052342709 -0.160368317 0)
(3.039468712 -0.07094495092 0)
(3.017871359 0.01777381922 0)
(2.996418055 -0.007788709967 0)
(2.99935665 0.003582791466 0)
(3.001172931 0.002424030824 0)
(2.997680457 0.0009271114756 0)
(2.995148204 0.001208635263 0)
(2.994599077 0.000249242038 0)
(2.995131152 -0.001106889097 0)
(3.05816834 -0.1899582773 0)
(3.05927535 -0.2065907945 0)
(3.059395132 -0.2102393444 0)
(3.062402104 -0.2119216956 0)
(3.066922325 -0.2225183909 0)
(3.066849263 -0.231693365 0)
(3.066903336 -0.234304408 0)
(3.069866984 -0.2405406935 0)
(3.072669515 -0.2493603664 0)
(3.073174207 -0.257517587 0)
(3.074818958 -0.2668724957 0)
(3.076407405 -0.2739618936 0)
(3.078830932 -0.2794222563 0)
(3.079094463 -0.2854140659 0)
(3.079171658 -0.2916251811 0)
(3.080670823 -0.293156053 0)
(3.083916466 -0.3039245271 0)
(3.084450527 -0.3120789105 0)
(3.085904191 -0.3156881402 0)
(3.086733039 -0.3163121768 0)
(3.086501098 -0.3175044129 0)
(3.083699807 -0.3110246153 0)
(3.074970957 -0.2762830008 0)
(3.060143419 -0.2127316426 0)
(3.042019126 -0.1276641677 0)
(3.048176685 -0.09858170615 0)
(3.017163602 -0.03259025823 0)
(3.007307737 -0.0159923818 0)
(2.995464509 -0.005280954501 0)
(2.993784741 -0.003087265248 0)
(2.994339437 -0.002657526363 0)
(2.995766748 -0.0007641117452 0)
(3.050951656 -0.1683441498 0)
(3.055676385 -0.1877143709 0)
(3.055877181 -0.1962580189 0)
(3.058445671 -0.1993186379 0)
(3.063810067 -0.2107803578 0)
(3.064842528 -0.2206078388 0)
(3.064539844 -0.2242354685 0)
(3.067104128 -0.2326058533 0)
(3.070005644 -0.2414005312 0)
(3.070817374 -0.2424552117 0)
(3.069750723 -0.2466393249 0)
(3.072027002 -0.2575592536 0)
(3.074052012 -0.2636544712 0)
(3.076279983 -0.2706256294 0)
(3.077988571 -0.2800261137 0)
(3.07890409 -0.2864968665 0)
(3.08144065 -0.2923120169 0)
(3.083228351 -0.3022943104 0)
(3.083947247 -0.3121516853 0)
(3.085868378 -0.3123405512 0)
(3.085756954 -0.3199610486 0)
(3.087407453 -0.319069435 0)
(3.08621251 -0.316152981 0)
(3.080361321 -0.2969320661 0)
(3.06516298 -0.2433280743 0)
(3.052600229 -0.1493273419 0)
(3.022388679 -0.04821510214 0)
(3.023227483 -0.06282945373 0)
(3.010165528 -0.02225141923 0)
(3.001625571 -0.005855970623 0)
(2.996621534 -0.003596381822 0)
(2.996746438 -0.002657838696 0)
(3.048211633 -0.1597391672 0)
(3.052812589 -0.1750795561 0)
(3.052879598 -0.1836624832 0)
(3.054124051 -0.1848691508 0)
(3.059045777 -0.1948739807 0)
(3.061564114 -0.2076256273 0)
(3.061877598 -0.211305571 0)
(3.063912866 -0.2180002101 0)
(3.06736938 -0.2311163355 0)
(3.068678748 -0.2368209252 0)
(3.069505424 -0.2381063076 0)
(3.070644255 -0.2470516005 0)
(3.071101534 -0.2543707905 0)
(3.071828387 -0.255859514 0)
(3.073107813 -0.2614509075 0)
(3.075278599 -0.2703769895 0)
(3.076894812 -0.2758374871 0)
(3.079770536 -0.2858793117 0)
(3.080848461 -0.2938839659 0)
(3.082644865 -0.298921499 0)
(3.084588184 -0.3031069625 0)
(3.085397088 -0.3101491885 0)
(3.085459402 -0.3133618752 0)
(3.085641815 -0.314001356 0)
(3.082993684 -0.3047080823 0)
(3.076427119 -0.2788632519 0)
(3.052298503 -0.2021475886 0)
(3.045386072 -0.1375763065 0)
(3.022914082 -0.03477385386 0)
(3.009598947 0.01861879697 0)
(2.991851692 -0.006213042875 0)
(2.998358832 -0.007730542372 0)
(3.044093012 -0.1462748134 0)
(3.048679407 -0.1594174708 0)
(3.04922894 -0.1697127067 0)
(3.049732686 -0.1711975886 0)
(3.053569082 -0.179503993 0)
(3.057028295 -0.1937751218 0)
(3.058339965 -0.1975525611 0)
(3.058732427 -0.1992594598 0)
(3.06361399 -0.212928515 0)
(3.065443583 -0.224211504 0)
(3.067296488 -0.2270565733 0)
(3.069046518 -0.2323184209 0)
(3.070450568 -0.2451054763 0)
(3.070133832 -0.2523214259 0)
(3.071828154 -0.2556841009 0)
(3.073129798 -0.2594459777 0)
(3.074179408 -0.2664041509 0)
(3.074597583 -0.2693626687 0)
(3.077111795 -0.2785467937 0)
(3.079249259 -0.2870131184 0)
(3.081468521 -0.2909951355 0)
(3.084596129 -0.3029117568 0)
(3.085103626 -0.3121506806 0)
(3.084924637 -0.3168815922 0)
(3.086654513 -0.3130971248 0)
(3.085352026 -0.309496408 0)
(3.078760199 -0.2932415974 0)
(3.066133609 -0.246092232 0)
(3.044610984 -0.1632852302 0)
(3.035050054 -0.09985707192 0)
(3.04153507 -0.07821574133 0)
(3.012889595 -0.02852135778 0)
(3.040338722 -0.1338294961 0)
(3.04539404 -0.1469250884 0)
(3.046904222 -0.1597898911 0)
(3.047556375 -0.1629586948 0)
(3.05049984 -0.1694376842 0)
(3.054138241 -0.1839527206 0)
(3.05529018 -0.1903746598 0)
(3.057071553 -0.1902761924 0)
(3.059016898 -0.1962422636 0)
(3.061939009 -0.2100956665 0)
(3.063131699 -0.215917186 0)
(3.065099665 -0.2162824414 0)
(3.067270523 -0.2263774086 0)
(3.068523389 -0.2391965182 0)
(3.069090772 -0.2444131301 0)
(3.071416796 -0.2503454467 0)
(3.072880186 -0.2582474561 0)
(3.073503875 -0.2646160421 0)
(3.074692869 -0.2677008112 0)
(3.075893825 -0.272251883 0)
(3.077762317 -0.2788716276 0)
(3.079329412 -0.2819228374 0)
(3.081416281 -0.2927884 0)
(3.081942412 -0.3007787229 0)
(3.084244451 -0.3029637093 0)
(3.084667668 -0.3067217416 0)
(3.083950258 -0.3081158728 0)
(3.081516356 -0.3020430924 0)
(3.072707009 -0.272411132 0)
(3.057365164 -0.2020159797 0)
(3.046172226 -0.1028602569 0)
(3.020055519 -0.02825821143 0)
(3.036191658 -0.1185837156 0)
(3.040229572 -0.1289125632 0)
(3.042801493 -0.1443725916 0)
(3.043809048 -0.1483192148 0)
(3.044888412 -0.1502621725 0)
(3.049545779 -0.1650766639 0)
(3.05166409 -0.17778424 0)
(3.053891538 -0.18135454 0)
(3.056511447 -0.183868714 0)
(3.059176169 -0.1961905289 0)
(3.060154321 -0.2067486388 0)
(3.062201877 -0.2104812802 0)
(3.064075933 -0.2119895343 0)
(3.065695041 -0.2246384708 0)
(3.065683572 -0.2322414743 0)
(3.066757541 -0.2330674432 0)
(3.070109317 -0.2420498476 0)
(3.072045682 -0.2531817543 0)
(3.072687498 -0.2577920667 0)
(3.074156174 -0.2639998955 0)
(3.075704382 -0.2709453469 0)
(3.077371304 -0.2768682881 0)
(3.079063328 -0.2794100437 0)
(3.080338854 -0.2881046334 0)
(3.081859522 -0.2994063473 0)
(3.084054326 -0.3019492648 0)
(3.084169735 -0.3104621505 0)
(3.085316355 -0.3083879169 0)
(3.083986804 -0.3050777251 0)
(3.078379253 -0.2876046158 0)
(3.070928014 -0.2565205565 0)
(3.038856154 -0.1389451849 0)
(3.033336057 -0.1078750258 0)
(3.03661062 -0.115234497 0)
(3.040334704 -0.1327669807 0)
(3.041021652 -0.1404793583 0)
(3.043005065 -0.141494459 0)
(3.045963153 -0.149996538 0)
(3.049060425 -0.1651622774 0)
(3.050150262 -0.1719598792 0)
(3.053607685 -0.1744652362 0)
(3.055860643 -0.1813026815 0)
(3.058321919 -0.195039021 0)
(3.058785473 -0.2026519002 0)
(3.061502857 -0.2050263886 0)
(3.063582904 -0.2120880638 0)
(3.063917712 -0.2230562638 0)
(3.064610568 -0.2266800323 0)
(3.067168589 -0.229782325 0)
(3.069031894 -0.2396674737 0)
(3.069272883 -0.244494092 0)
(3.068293013 -0.245623165 0)
(3.072731746 -0.2561924142 0)
(3.074985021 -0.2655650508 0)
(3.076598048 -0.270086151 0)
(3.078700878 -0.2752795604 0)
(3.079467359 -0.2816961187 0)
(3.08117723 -0.2891743293 0)
(3.082780856 -0.2926795402 0)
(3.083554065 -0.2982185776 0)
(3.081620168 -0.3025301737 0)
(3.081596399 -0.3029067224 0)
(3.080619223 -0.2980414158 0)
(3.063868583 -0.2349678022 0)
(3.030011131 -0.09688919016 0)
(3.032690645 -0.1000925046 0)
(3.037246968 -0.1162156665 0)
(3.037954623 -0.1286536137 0)
(3.039856964 -0.1317701281 0)
(3.041966994 -0.1344487292 0)
(3.044355951 -0.1479701219 0)
(3.045765262 -0.1587746956 0)
(3.048580924 -0.1633908814 0)
(3.051492757 -0.1661506658 0)
(3.053428625 -0.1770448035 0)
(3.055535691 -0.1890076895 0)
(3.057723744 -0.1944253703 0)
(3.060727733 -0.1978226004 0)
(3.062790654 -0.2103441014 0)
(3.062631366 -0.2170519265 0)
(3.064179778 -0.22051056 0)
(3.067042438 -0.2307146468 0)
(3.067406272 -0.2385857331 0)
(3.067859502 -0.2397644761 0)
(3.067957324 -0.2412407896 0)
(3.07114966 -0.25139408 0)
(3.072857965 -0.2586632911 0)
(3.074614876 -0.2597979952 0)
(3.077338671 -0.2678818331 0)
(3.079290928 -0.2782579732 0)
(3.080364372 -0.2846281979 0)
(3.082800837 -0.2959192995 0)
(3.082303201 -0.2999212079 0)
(3.082067474 -0.305692744 0)
(3.083336375 -0.3034286544 0)
(3.079539569 -0.2898990383 0)
(3.025857632 -0.08555172338 0)
(3.02850422 -0.08639023493 0)
(3.032677935 -0.0981418935 0)
(3.035734725 -0.1157068254 0)
(3.036342135 -0.1228671927 0)
(3.039468286 -0.1264281108 0)
(3.04209578 -0.1357551098 0)
(3.043784272 -0.1488492609 0)
(3.044985413 -0.1567310239 0)
(3.04851272 -0.1615875589 0)
(3.051151822 -0.1658566044 0)
(3.05320192 -0.1769645511 0)
(3.054431663 -0.184323814 0)
(3.05747235 -0.1877316378 0)
(3.059863315 -0.194367575 0)
(3.060566663 -0.204989593 0)
(3.061170134 -0.2092627409 0)
(3.063424767 -0.2162519906 0)
(3.065284602 -0.2274958331 0)
(3.066017408 -0.2318897972 0)
(3.06708819 -0.2338624158 0)
(3.06946213 -0.2427553349 0)
(3.070458032 -0.2500635763 0)
(3.07179919 -0.2528910689 0)
(3.07307069 -0.2532158626 0)
(3.074660883 -0.2609713951 0)
(3.076582592 -0.2709934483 0)
(3.077890841 -0.2741251089 0)
(3.080511916 -0.2825371958 0)
(3.080813156 -0.2873261511 0)
(3.081784931 -0.2953430148 0)
(3.081508218 -0.2961396202 0)
(3.022205221 -0.07545993141 0)
(3.024975149 -0.07831504728 0)
(3.027980873 -0.0824948063 0)
(3.031648593 -0.09884978606 0)
(3.032608784 -0.1096673485 0)
(3.035457312 -0.1151288674 0)
(3.038771699 -0.1208815443 0)
(3.039541037 -0.1312146294 0)
(3.041271053 -0.1421382301 0)
(3.044049176 -0.1500625633 0)
(3.047821211 -0.1544370388 0)
(3.049078186 -0.1605561367 0)
(3.051403601 -0.1719316078 0)
(3.053525692 -0.1781107768 0)
(3.056747945 -0.1828859174 0)
(3.058388021 -0.1919162669 0)
(3.058646735 -0.1978923689 0)
(3.059962831 -0.2030593717 0)
(3.062537106 -0.2138281651 0)
(3.063502489 -0.2207253908 0)
(3.064970046 -0.2223349431 0)
(3.065832675 -0.2270695485 0)
(3.069198231 -0.239940235 0)
(3.069187147 -0.2469666941 0)
(3.070755349 -0.2486720438 0)
(3.072769939 -0.2519038942 0)
(3.074230251 -0.2596197454 0)
(3.075457161 -0.2670917453 0)
(3.077665779 -0.2700247064 0)
(3.080008804 -0.2773105409 0)
(3.081410078 -0.2880322296 0)
(3.081829003 -0.2966415524 0)
(3.018486938 -0.06202269065 0)
(3.020613429 -0.06834542052 0)
(3.024884844 -0.07312103691 0)
(3.028562831 -0.08511837077 0)
(3.029916091 -0.09720408237 0)
(3.031784452 -0.1050465718 0)
(3.035585162 -0.1128362639 0)
(3.037758333 -0.1195938309 0)
(3.038714195 -0.1287985771 0)
(3.041232123 -0.139860728 0)
(3.043861505 -0.147315923 0)
(3.046889876 -0.1511536732 0)
(3.048752197 -0.158882155 0)
(3.05086125 -0.1688047807 0)
(3.053305731 -0.1752462958 0)
(3.056015915 -0.1810450879 0)
(3.057113571 -0.1882717546 0)
(3.057832523 -0.1930497954 0)
(3.059397649 -0.2003006455 0)
(3.061196079 -0.2101437582 0)
(3.062499894 -0.2149464561 0)
(3.06392344 -0.2164827558 0)
(3.063892016 -0.2228545796 0)
(3.066301134 -0.2337163035 0)
(3.067555722 -0.2401668844 0)
(3.070125168 -0.2418669615 0)
(3.072757051 -0.2493751099 0)
(3.073798012 -0.2566622903 0)
(3.07497534 -0.2610027364 0)
(3.077225555 -0.2642877711 0)
(3.078418648 -0.2704546499 0)
(3.078508823 -0.2800089166 0)
(3.014024057 -0.04727931614 0)
(3.016015168 -0.05592862819 0)
(3.020312151 -0.06222015872 0)
(3.024931314 -0.07181934069 0)
(3.026190174 -0.08161280882 0)
(3.028229104 -0.09122172808 0)
(3.031822279 -0.1018756403 0)
(3.034987438 -0.109242804 0)
(3.035158641 -0.1126872659 0)
(3.036659267 -0.1230818098 0)
(3.039665267 -0.1351728442 0)
(3.042606001 -0.1409895427 0)
(3.044209197 -0.1429497665 0)
(3.046688781 -0.1532901251 0)
(3.049346906 -0.1629588581 0)
(3.052268982 -0.1689499858 0)
(3.054658978 -0.1755120164 0)
(3.055981798 -0.1823852742 0)
(3.05709476 -0.1886613231 0)
(3.058567528 -0.1973123517 0)
(3.060048618 -0.2055652599 0)
(3.061844748 -0.2108096243 0)
(3.062917668 -0.2138782888 0)
(3.063648886 -0.2225427139 0)
(3.06446925 -0.2291861663 0)
(3.06678359 -0.2325692997 0)
(3.069047312 -0.2349181956 0)
(3.072252381 -0.2452733767 0)
(3.072797251 -0.2518891263 0)
(3.074267285 -0.2552847496 0)
(3.076354942 -0.261324863 0)
(3.077655246 -0.2732233845 0)
(3.009809677 -0.03392520666 0)
(3.011486676 -0.04261743159 0)
(3.015236457 -0.05050293649 0)
(3.020571185 -0.06166158701 0)
(3.02322782 -0.06904668647 0)
(3.024290356 -0.07568846528 0)
(3.028872661 -0.08886898911 0)
(3.031517711 -0.1005810256 0)
(3.033353627 -0.1050156922 0)
(3.03349377 -0.1089591069 0)
(3.037093739 -0.1226162799 0)
(3.03882254 -0.1329881007 0)
(3.041586732 -0.1372473964 0)
(3.044170433 -0.1418228387 0)
(3.047153829 -0.1534149104 0)
(3.049035264 -0.1601165702 0)
(3.051783841 -0.1656051219 0)
(3.054024511 -0.1728847723 0)
(3.055116063 -0.1784156007 0)
(3.055676702 -0.1842983151 0)
(3.057608404 -0.1939151619 0)
(3.059119873 -0.2015634501 0)
(3.061144292 -0.2062839444 0)
(3.06135107 -0.2100541063 0)
(3.062847299 -0.220103299 0)
(3.063971876 -0.2258998305 0)
(3.066708157 -0.2282956374 0)
(3.068214472 -0.2310012269 0)
(3.069645023 -0.2402715026 0)
(3.070515165 -0.2438715089 0)
(3.072771137 -0.2484871431 0)
(3.075120502 -0.258513567 0)
(3.005614766 -0.02183014019 0)
(3.007389843 -0.02936782236 0)
(3.010609258 -0.03760774655 0)
(3.016111537 -0.05117021587 0)
(3.019525565 -0.06022044927 0)
(3.020747315 -0.06189930779 0)
(3.022520345 -0.07034861716 0)
(3.027553943 -0.08622759878 0)
(3.029556974 -0.09520847063 0)
(3.031449152 -0.09804407691 0)
(3.032629943 -0.1058498557 0)
(3.036248499 -0.1203796709 0)
(3.037818554 -0.1277781454 0)
(3.040605794 -0.1300939214 0)
(3.043142911 -0.1388601665 0)
(3.044898206 -0.1478123188 0)
(3.047049651 -0.1527244961 0)
(3.05033293 -0.1606436372 0)
(3.052466784 -0.1684215099 0)
(3.053096971 -0.1721102664 0)
(3.053845731 -0.1790695356 0)
(3.056819214 -0.1901364605 0)
(3.058324232 -0.197126066 0)
(3.06000331 -0.2003154892 0)
(3.06004174 -0.2055034724 0)
(3.062017979 -0.2154362035 0)
(3.06354864 -0.2216889242 0)
(3.066202004 -0.2251504295 0)
(3.067777184 -0.2309078023 0)
(3.068445377 -0.2366694038 0)
(3.069805333 -0.2393586944 0)
(3.072881202 -0.2483986577 0)
(3.001210452 -0.01056235441 0)
(3.003546349 -0.01779137055 0)
(3.004903138 -0.02172365163 0)
(3.011204205 -0.03630556321 0)
(3.015111655 -0.05024736272 0)
(3.017786846 -0.05541494097 0)
(3.019535564 -0.05822435517 0)
(3.023857932 -0.0717046492 0)
(3.026276301 -0.0844709967 0)
(3.028313933 -0.09004100234 0)
(3.029982554 -0.0930389787 0)
(3.033306645 -0.105565812 0)
(3.035329556 -0.1182333344 0)
(3.036957158 -0.1236025289 0)
(3.040161217 -0.1290781597 0)
(3.042596398 -0.1392139262 0)
(3.043972672 -0.1448878345 0)
(3.046784498 -0.1511738961 0)
(3.049911132 -0.1606233122 0)
(3.051561051 -0.1660321918 0)
(3.052048205 -0.168311725 0)
(3.053850081 -0.1767389376 0)
(3.05604216 -0.1873361004 0)
(3.05734549 -0.1926026447 0)
(3.058500152 -0.1947689422 0)
(3.058949395 -0.2015457067 0)
(3.060714801 -0.2105219857 0)
(3.062855142 -0.2158183467 0)
(3.065458656 -0.2204310627 0)
(3.066964557 -0.2274505523 0)
(3.067981746 -0.2323871424 0)
(3.070377944 -0.2394192085 0)
(2.997350365 0.002427076575 0)
(2.999746728 -0.008884396458 0)
(3.001707564 -0.01155840489 0)
(3.004959396 -0.01988686014 0)
(3.010547431 -0.03644311413 0)
(3.013090898 -0.04562804917 0)
(3.016495666 -0.04896182047 0)
(3.019256087 -0.05631859409 0)
(3.023486728 -0.07096195127 0)
(3.025072943 -0.08096294621 0)
(3.027669022 -0.08556893489 0)
(3.028637271 -0.08961132937 0)
(3.031674053 -0.1031862177 0)
(3.033167763 -0.1125995151 0)
(3.036026919 -0.1183772069 0)
(3.038784652 -0.1253591798 0)
(3.040319828 -0.1323252863 0)
(3.042380272 -0.1380798067 0)
(3.045869727 -0.1472674033 0)
(3.048430503 -0.1556838176 0)
(3.05003046 -0.1586910475 0)
(3.050116219 -0.1621612336 0)
(3.05293109 -0.1733568332 0)
(3.054482619 -0.1827024112 0)
(3.056208657 -0.1869987161 0)
(3.05729832 -0.1903246097 0)
(3.058815904 -0.1996572415 0)
(3.060138401 -0.2069794348 0)
(3.062359179 -0.2112027925 0)
(3.064226729 -0.2147689587 0)
(3.065682918 -0.2211594724 0)
(3.067843584 -0.2305628982 0)
(2.99266712 0.01886679442 0)
(2.996160421 0.002479620059 0)
(2.9981233 -0.003656256381 0)
(3.000663773 -0.007481958639 0)
(3.005445261 -0.02134815082 0)
(3.008902483 -0.03459999116 0)
(3.012090246 -0.04126342579 0)
(3.015963634 -0.04545527484 0)
(3.018870228 -0.05523623114 0)
(3.022487179 -0.06869078504 0)
(3.024256362 -0.07759835753 0)
(3.026777951 -0.08229687465 0)
(3.027920978 -0.08870958732 0)
(3.0308007 -0.1012014421 0)
(3.032457305 -0.1093749506 0)
(3.035554185 -0.1163656499 0)
(3.03824575 -0.1233893064 0)
(3.040030552 -0.1294372616 0)
(3.042532973 -0.136735404 0)
(3.045548853 -0.1463382537 0)
(3.047548646 -0.1530591297 0)
(3.0491093 -0.1554475263 0)
(3.050230657 -0.1613427574 0)
(3.052622046 -0.1720675339 0)
(3.053555965 -0.179460792 0)
(3.055366786 -0.1822758235 0)
(3.056220223 -0.1867740333 0)
(3.058002349 -0.1965648025 0)
(3.059294045 -0.2032881829 0)
(3.061650634 -0.2078334539 0)
(3.063188128 -0.210861353 0)
(3.065002756 -0.2195392721 0)
(2.986659099 0.03585583875 0)
(2.991960215 0.0179202264 0)
(2.994074751 0.006290405369 0)
(2.997256087 0.0007363358959 0)
(3.00044149 -0.006734296322 0)
(3.005023505 -0.02096657235 0)
(3.008048928 -0.03159876827 0)
(3.012111901 -0.03905827698 0)
(3.01516806 -0.04303266047 0)
(3.017285912 -0.0525593396 0)
(3.020654387 -0.06502645492 0)
(3.023191565 -0.07355230919 0)
(3.025412931 -0.07732239827 0)
(3.026942298 -0.08577259895 0)
(3.030122161 -0.09803481429 0)
(3.032106883 -0.1062532337 0)
(3.034709338 -0.1115011708 0)
(3.036780467 -0.1173147787 0)
(3.038445272 -0.1239523368 0)
(3.040641599 -0.1320965672 0)
(3.043382426 -0.1407347108 0)
(3.04595519 -0.1459686593 0)
(3.047263171 -0.1487044316 0)
(3.048497445 -0.1571577397 0)
(3.051086128 -0.1679195635 0)
(3.052452001 -0.1742943518 0)
(3.054199446 -0.176573743 0)
(3.055520337 -0.1840888814 0)
(3.056698505 -0.1925765411 0)
(3.05832132 -0.1983213287 0)
(3.060689081 -0.2036169199 0)
(3.063302504 -0.2122790715 0)
(2.98368677 0.04508901306 0)
(2.987158611 0.03360538131 0)
(2.990573839 0.01901923802 0)
(2.993318806 0.009856695283 0)
(2.997061281 0.003530197597 0)
(2.999466683 -0.004823973132 0)
(3.004165146 -0.01818826641 0)
(3.007728546 -0.02953477983 0)
(3.011521516 -0.03667785776 0)
(3.013700469 -0.04052374318 0)
(3.016594005 -0.05095183246 0)
(3.019835141 -0.0633456143 0)
(3.02237537 -0.06987349867 0)
(3.023918533 -0.07277115127 0)
(3.026754419 -0.08341161025 0)
(3.029653259 -0.09568357542 0)
(3.031441193 -0.1034073184 0)
(3.034015793 -0.1092095875 0)
(3.036155535 -0.1156619619 0)
(3.037734194 -0.1224230032 0)
(3.040510374 -0.1316569576 0)
(3.042900162 -0.1396235281 0)
(3.045370157 -0.1443610491 0)
(3.046760312 -0.1473893966 0)
(3.048683562 -0.1562378852 0)
(3.050342951 -0.1658499307 0)
(3.051742215 -0.1705107254 0)
(3.053137612 -0.1728817098 0)
(3.054834383 -0.1823908883 0)
(3.055508687 -0.1885356807 0)
(3.057184994 -0.1927767464 0)
(3.060703378 -0.2022096754 0)
(2.979730071 0.05345135781 0)
(2.983449982 0.04634524306 0)
(2.986800394 0.03357584996 0)
(2.990265495 0.02064070543 0)
(2.993587956 0.01089962777 0)
(2.996339449 0.005663552474 0)
(2.998116325 -0.002009580089 0)
(3.003272444 -0.01588855527 0)
(3.006731847 -0.02704759184 0)
(3.010217478 -0.03242344082 0)
(3.012032922 -0.03684706764 0)
(3.01679165 -0.05027658877 0)
(3.019203195 -0.06112282909 0)
(3.021713226 -0.06664984003 0)
(3.022997071 -0.06963131835 0)
(3.025640297 -0.08120471618 0)
(3.027515949 -0.09084781783 0)
(3.030062032 -0.0982558061 0)
(3.033054756 -0.1057358745 0)
(3.034591108 -0.1108848325 0)
(3.035596645 -0.1168822709 0)
(3.039093331 -0.1269398531 0)
(3.041981549 -0.1352696242 0)
(3.044539739 -0.1393870254 0)
(3.044684037 -0.1419880795 0)
(3.046601529 -0.1517469634 0)
(3.048492979 -0.1605635204 0)
(3.050615269 -0.1643684576 0)
(3.05196047 -0.1691470994 0)
(3.053592897 -0.1789056963 0)
(3.054661057 -0.1845048074 0)
(3.057753729 -0.1927242939 0)
(2.975289575 0.06290658437 0)
(2.979870752 0.0546644437 0)
(2.982426045 0.04801838938 0)
(2.98586053 0.0357551906 0)
(2.990033379 0.02189166927 0)
(2.99298818 0.01270269336 0)
(2.994848747 0.008810874084 0)
(2.99775669 -0.0006557797368 0)
(3.002858848 -0.01496662264 0)
(3.00579119 -0.02446622584 0)
(3.008888896 -0.02798347791 0)
(3.011438042 -0.03474168532 0)
(3.016151588 -0.04847150799 0)
(3.018239727 -0.0583066349 0)
(3.020707053 -0.06247044338 0)
(3.022962378 -0.06954446457 0)
(3.024978165 -0.08012797169 0)
(3.026578644 -0.08762054963 0)
(3.029566137 -0.09599376317 0)
(3.032187042 -0.1035239029 0)
(3.033632472 -0.108396827 0)
(3.035579788 -0.1153200385 0)
(3.039131912 -0.1254734332 0)
(3.041311071 -0.1330046594 0)
(3.043457872 -0.1370422549 0)
(3.044790205 -0.1420006009 0)
(3.046784517 -0.1515189915 0)
(3.048065905 -0.1581256581 0)
(3.05017852 -0.1624494777 0)
(3.051081666 -0.1668930291 0)
(3.052292982 -0.1745265408 0)
(3.054578637 -0.1834429575 0)
(2.970516885 0.07542275719 0)
(2.975442617 0.06334644223 0)
(2.979335286 0.05535674201 0)
(2.981355798 0.04968713238 0)
(2.985310551 0.03697363276 0)
(2.98913748 0.02335139522 0)
(2.991846576 0.01577323408 0)
(2.993663115 0.01200207034 0)
(2.998047109 4.881180386e-05 0)
(3.002419694 -0.01359559151 0)
(3.005115722 -0.02176197849 0)
(3.008221384 -0.02535276989 0)
(3.010648515 -0.03313585618 0)
(3.01491152 -0.04673165284 0)
(3.017156325 -0.05418702609 0)
(3.020102066 -0.05937062762 0)
(3.02192998 -0.06711694926 0)
(3.023743305 -0.07665332588 0)
(3.025997183 -0.08488409371 0)
(3.028813319 -0.09318155564 0)
(3.030935384 -0.09901669093 0)
(3.031863876 -0.1029010717 0)
(3.033918669 -0.1109502373 0)
(3.037529241 -0.1214202911 0)
(3.039993349 -0.1277668317 0)
(3.041874945 -0.1302207672 0)
(3.042979729 -0.1371461151 0)
(3.04521859 -0.1467698117 0)
(3.04709042 -0.1537354793 0)
(3.049030405 -0.1578395761 0)
(3.049838929 -0.1630748402 0)
(3.051631197 -0.1732062645 0)
(2.963989631 0.09042951312 0)
(2.970002359 0.07677098784 0)
(2.974835447 0.06436108973 0)
(2.978310694 0.05725845405 0)
(2.980715014 0.05087006041 0)
(2.985309441 0.03701768662 0)
(2.988423304 0.02480031549 0)
(2.991208698 0.01850656905 0)
(2.993018029 0.01437696485 0)
(2.997945995 0.001289136433 0)
(3.00161108 -0.01155595883 0)
(3.004457635 -0.01917480243 0)
(3.00695647 -0.02252447003 0)
(3.010536851 -0.03279854533 0)
(3.013852863 -0.04414318147 0)
(3.01655099 -0.05194736448 0)
(3.019104159 -0.05622749908 0)
(3.020942572 -0.06471017434 0)
(3.022647028 -0.0731213828 0)
(3.025529131 -0.08272259073 0)
(3.028150849 -0.09144086582 0)
(3.029980141 -0.09674508413 0)
(3.031047983 -0.1006289032 0)
(3.034102932 -0.1098857713 0)
(3.037095596 -0.1202165244 0)
(3.039155013 -0.1256703346 0)
(3.041154092 -0.1283317089 0)
(3.043093798 -0.1362579692 0)
(3.044847186 -0.1455076195 0)
(3.046466466 -0.1510455205 0)
(3.048259316 -0.1554295835 0)
(3.050065113 -0.1649505262 0)
(2.959621657 0.1004217627 0)
(2.963519528 0.09147907169 0)
(2.969674851 0.07731775343 0)
(2.973983974 0.06585058566 0)
(2.977482809 0.05996925744 0)
(2.980377076 0.05201796426 0)
(2.985433628 0.03713744333 0)
(2.988080654 0.02593271936 0)
(2.990801415 0.02054939119 0)
(2.992196101 0.01619352553 0)
(2.997322137 0.00250453312 0)
(3.00042493 -0.009447422956 0)
(3.003337392 -0.01571485879 0)
(3.005709053 -0.01956264347 0)
(3.010198983 -0.03120255528 0)
(3.013305529 -0.04284226014 0)
(3.015780207 -0.04819580762 0)
(3.018612943 -0.05505249329 0)
(3.019980318 -0.0620763967 0)
(3.021464563 -0.06983029713 0)
(3.024127046 -0.07867341253 0)
(3.0270799 -0.0876543047 0)
(3.029107283 -0.09278253507 0)
(3.029646574 -0.0965609554 0)
(3.033080376 -0.106838941 0)
(3.03582608 -0.1162185171 0)
(3.038433965 -0.1209684443 0)
(3.039507541 -0.1231695523 0)
(3.041610498 -0.1330903425 0)
(3.043151887 -0.1407005346 0)
(3.045036943 -0.1445409963 0)
(3.04792486 -0.1544159908 0)
(2.955579017 0.108793124 0)
(2.958857518 0.1023788396 0)
(2.963675763 0.09179158983 0)
(2.969800107 0.07685146239 0)
(2.973563772 0.06722557496 0)
(2.976736971 0.0626706462 0)
(2.979891273 0.05305709629 0)
(2.984832476 0.03792809369 0)
(2.987455866 0.0275020116 0)
(2.989905862 0.02308039987 0)
(2.991625039 0.01717912521 0)
(2.996819639 0.003198870458 0)
(2.999455677 -0.007650090151 0)
(3.002414455 -0.01248311164 0)
(3.004447764 -0.0165690847 0)
(3.010008138 -0.03022967991 0)
(3.012325793 -0.03938934473 0)
(3.015153958 -0.04608369757 0)
(3.017477836 -0.05176071528 0)
(3.019640263 -0.06151909855 0)
(3.021078607 -0.0683282351 0)
(3.023710159 -0.07676205516 0)
(3.026332927 -0.08467690871 0)
(3.027870687 -0.08867615339 0)
(3.029410721 -0.09500754094 0)
(3.033228918 -0.1058511219 0)
(3.035155941 -0.1137826569 0)
(3.037401802 -0.117529487 0)
(3.039440882 -0.1230983901 0)
(3.041485288 -0.1331417069 0)
(3.042627691 -0.1380133386 0)
(3.045867196 -0.1466959032 0)
(2.951710778 0.1191018252 0)
(2.955100755 0.1101193498 0)
(2.957918931 0.1049741268 0)
(2.963947611 0.09162142921 0)
(2.969395352 0.07723190995 0)
(2.973062578 0.06896536825 0)
(2.976062321 0.06402741431 0)
(2.979615222 0.05299711438 0)
(2.983908167 0.03903148519 0)
(2.986722318 0.02969041616 0)
(2.989104093 0.02566180462 0)
(2.991390397 0.01800481035 0)
(2.996438259 0.004055317789 0)
(2.998832749 -0.005591496233 0)
(3.001656372 -0.00966958156 0)
(3.004165096 -0.01528529027 0)
(3.009014123 -0.02789458386 0)
(3.011534435 -0.03783843799 0)
(3.013894038 -0.04174266868 0)
(3.016773915 -0.0500479037 0)
(3.018459976 -0.05797082746 0)
(3.02053766 -0.06630736688 0)
(3.023312405 -0.07516335939 0)
(3.025532681 -0.08124222028 0)
(3.026518881 -0.08427274193 0)
(3.02799911 -0.09171762688 0)
(3.031629701 -0.1024601178 0)
(3.033912437 -0.1090965121 0)
(3.036437794 -0.112650169 0)
(3.03817136 -0.1199504972 0)
(3.039845806 -0.1277620121 0)
(3.042801441 -0.1366846967 0)
(2.947341718 0.1324810844 0)
(2.951543287 0.118746785 0)
(2.954650874 0.1118507741 0)
(2.957798942 0.105348852 0)
(2.963728694 0.09137671134 0)
(2.968489514 0.07904088136 0)
(2.972481911 0.07088967863 0)
(2.975596635 0.0645589338 0)
(2.979463915 0.05304051752 0)
(2.983501817 0.04014156772 0)
(2.986385333 0.03149460193 0)
(2.988535969 0.02781404684 0)
(2.991248468 0.01901295498 0)
(2.995859789 0.0055655866 0)
(2.998234181 -0.003406247347 0)
(3.000968458 -0.007019288502 0)
(3.003676175 -0.01386601559 0)
(3.008415449 -0.02675339609 0)
(3.010463476 -0.03420770954 0)
(3.013591714 -0.04109003194 0)
(3.015441783 -0.04649978352 0)
(3.017665876 -0.05580988632 0)
(3.019832996 -0.06358824217 0)
(3.022781023 -0.07297669429 0)
(3.024758453 -0.07903650649 0)
(3.025514864 -0.08218149475 0)
(3.028052529 -0.09083860372 0)
(3.031100582 -0.1003815197 0)
(3.033420535 -0.1066295473 0)
(3.035968915 -0.1113966892 0)
(3.037763678 -0.1183600867 0)
(3.040286716 -0.1283427104 0)
(2.942161972 0.146298104 0)
(2.94739297 0.1315645077 0)
(2.951132654 0.1201937892 0)
(2.95458798 0.1126982991 0)
(2.958213501 0.1042933951 0)
(2.963312446 0.09199800874 0)
(2.968057029 0.08046957073 0)
(2.972110218 0.07214746644 0)
(2.974897655 0.06598132994 0)
(2.979324503 0.05403973581 0)
(2.983428528 0.04100950638 0)
(2.986083197 0.03284951716 0)
(2.987879774 0.02970414967 0)
(2.990767263 0.02030768174 0)
(2.995123864 0.006874642983 0)
(2.997494509 -0.001092293058 0)
(3.000010396 -0.004320386367 0)
(3.0033233 -0.01250821319 0)
(3.007626593 -0.02449322579 0)
(3.010038672 -0.0330940147 0)
(3.012182376 -0.03670263557 0)
(3.015237071 -0.04625802369 0)
(3.016659017 -0.05254382316 0)
(3.019150008 -0.06102618602 0)
(3.022004252 -0.06993450288 0)
(3.023887326 -0.07561761816 0)
(3.024453108 -0.07911900094 0)
(3.027442825 -0.08838439309 0)
(3.030314561 -0.09734807192 0)
(3.032884279 -0.1030367683 0)
(3.034917666 -0.1078777673 0)
(3.037311917 -0.1178515214 0)
(2.93853935 0.1553638166 0)
(2.942688077 0.1447460593 0)
(2.947076305 0.1322789545 0)
(2.951154395 0.1212430532 0)
(2.954790391 0.1127347928 0)
(2.957935531 0.1050059221 0)
(2.963482112 0.09254296284 0)
(2.968130376 0.08042727319 0)
(2.971648742 0.07326620246 0)
(2.973920496 0.06812278476 0)
(2.979046388 0.05515349228 0)
(2.982944553 0.04201280479 0)
(2.985437357 0.03460857629 0)
(2.986991997 0.03165004833 0)
(2.990628473 0.02096272305 0)
(2.994461985 0.008039470797 0)
(2.996863879 0.0005714371826 0)
(2.998898113 -0.001457934992 0)
(3.002915648 -0.0109431066 0)
(3.007111917 -0.02331432721 0)
(3.00893854 -0.0292140119 0)
(3.012121231 -0.03668665715 0)
(3.013856248 -0.04228414369 0)
(3.016365184 -0.05138265768 0)
(3.018753211 -0.05900733772 0)
(3.021335767 -0.06820745224 0)
(3.022835123 -0.07284572288 0)
(3.023202671 -0.07606539228 0)
(3.02753848 -0.08713586157 0)
(3.029837919 -0.09503971305 0)
(3.031914838 -0.0998196867 0)
(3.035213973 -0.1098892741 0)
(2.934334817 0.1642498864 0)
(2.938852029 0.1546471617 0)
(2.942657571 0.1448680076 0)
(2.947436821 0.1325222941 0)
(2.951550146 0.1205933124 0)
(2.954487208 0.1137535455 0)
(2.957431321 0.106597319 0)
(2.963724044 0.09239912041 0)
(2.967719668 0.08070244015 0)
(2.970833213 0.07507601296 0)
(2.973319399 0.06928143935 0)
(2.978760851 0.05557866737 0)
(2.982158936 0.04350358441 0)
(2.984777398 0.03690927849 0)
(2.986519326 0.03326582415 0)
(2.990675464 0.02149307641 0)
(2.994038682 0.008967776599 0)
(2.996256472 0.002685603733 0)
(2.998639147 -8.608369098e-05 0)
(3.002319804 -0.009446628861 0)
(3.005891028 -0.02035062263 0)
(3.008637205 -0.02871358146 0)
(3.010655448 -0.03243902978 0)
(3.013645099 -0.04162010643 0)
(3.014972712 -0.04721598037 0)
(3.018383857 -0.05784384391 0)
(3.020519903 -0.06650399087 0)
(3.02164594 -0.06962713686 0)
(3.022680764 -0.07408990729 0)
(3.026008556 -0.08396764583 0)
(3.02834191 -0.09050674716 0)
(3.032090698 -0.1000144329 0)
(2.929325637 0.1746056824 0)
(2.93465553 0.1635342567 0)
(2.938569228 0.1552333755 0)
(2.942491021 0.1458250993 0)
(2.947996219 0.1316152878 0)
(2.951404364 0.1205619583 0)
(2.953986029 0.1153020159 0)
(2.957466993 0.1067017406 0)
(2.963283441 0.09229558885 0)
(2.966872599 0.08227655154 0)
(2.97011083 0.07691970286 0)
(2.973237839 0.06943697817 0)
(2.978602077 0.0558879859 0)
(2.981710351 0.04507200016 0)
(2.984477723 0.03907920251 0)
(2.986251248 0.03461573055 0)
(2.990679768 0.0220280492 0)
(2.993438997 0.01062203198 0)
(2.995921855 0.004345770465 0)
(2.997649055 0.002116140579 0)
(3.002015645 -0.008511462469 0)
(3.005299936 -0.01875517802 0)
(3.007436881 -0.02495066884 0)
(3.010849947 -0.03293614632 0)
(3.01199641 -0.03693861992 0)
(3.014755831 -0.04629416693 0)
(3.017456762 -0.05526462833 0)
(3.019440592 -0.06372400291 0)
(3.021172001 -0.06825617819 0)
(3.022686818 -0.07341533564 0)
(3.025085866 -0.08109138911 0)
(3.028779993 -0.09107992692 0)
(2.923725679 0.1854920924 0)
(2.929789583 0.1735664402 0)
(2.934621598 0.1631081411 0)
(2.938244758 0.1561431033 0)
(2.942680496 0.1455328057 0)
(2.947821153 0.1312346623 0)
(2.950966626 0.1218653399 0)
(2.953861955 0.1158924553 0)
(2.957803973 0.1057062167 0)
(2.962691549 0.09290979479 0)
(2.96638188 0.08371039939 0)
(2.969687034 0.07824661083 0)
(2.973018373 0.06998154728 0)
(2.978452236 0.05673516513 0)
(2.981495233 0.04632652429 0)
(2.984159712 0.04078943187 0)
(2.985676399 0.03591535802 0)
(2.990181875 0.02298947189 0)
(2.992805593 0.01197789295 0)
(2.994960202 0.007194172062 0)
(2.99756899 0.002892871462 0)
(3.001240271 -0.006616908392 0)
(3.004376517 -0.01672827994 0)
(3.007430827 -0.02422658287 0)
(3.009375954 -0.02841785368 0)
(3.012375633 -0.03775966496 0)
(3.013270718 -0.0425883571 0)
(3.016611827 -0.05349442539 0)
(3.018926033 -0.06034463994 0)
(3.020670437 -0.06545007818 0)
(3.022304243 -0.0717450374 0)
(3.025547544 -0.08185968477 0)
(2.924020811 0.1848193087 0)
(2.929822133 0.1728434611 0)
(2.934335272 0.1634066986 0)
(2.938183047 0.1561318256 0)
(2.942874451 0.1445030757 0)
(2.947350924 0.1320155921 0)
(2.950850639 0.122964351 0)
(2.953915939 0.1160177745 0)
(2.957771772 0.105771523 0)
(2.962627978 0.09338386441 0)
(2.966250843 0.08409882073 0)
(2.969225402 0.07925172666 0)
(2.972327493 0.07126862861 0)
(2.978002788 0.05774867891 0)
(2.980994883 0.04760516759 0)
(2.983415556 0.04253029704 0)
(2.985043113 0.03693619131 0)
(2.98970044 0.02390092769 0)
(2.992052835 0.01372000816 0)
(2.994711934 0.008595447061 0)
(2.996179917 0.005655504003 0)
(3.001167548 -0.006330903912 0)
(3.003993434 -0.01466241429 0)
(3.006301214 -0.02079313343 0)
(3.009883816 -0.02949156358 0)
(3.01043246 -0.03292021793 0)
(3.013586806 -0.04331133622 0)
(3.015843579 -0.04992465104 0)
(3.018157002 -0.05784684847 0)
(3.019833567 -0.0630088341 0)
(3.023007455 -0.07316617875 0)
(2.919440814 0.1934798998 0)
(2.924161903 0.183952417 0)
(2.929598199 0.172501185 0)
(2.934124461 0.1636800359 0)
(2.938204144 0.1555254862 0)
(2.942852176 0.1443016041 0)
(2.947476242 0.1322622876 0)
(2.951012419 0.1230875542 0)
(2.953609265 0.1168907785 0)
(2.95756992 0.1066221904 0)
(2.9626272 0.09339347414 0)
(2.965853336 0.0845569821 0)
(2.968368192 0.08056318036 0)
(2.971929084 0.07184267269 0)
(2.97724832 0.05880356908 0)
(2.980228689 0.04913831601 0)
(2.982703378 0.04429004481 0)
(2.9845788 0.03802148486 0)
(2.989410367 0.02493777212 0)
(2.9918118 0.01511955694 0)
(2.993888959 0.01084009975 0)
(2.99679475 0.005302941861 0)
(2.99989482 -0.003381595027 0)
(3.003055826 -0.01309390545 0)
(3.00632727 -0.01989783109 0)
(3.007994782 -0.02500447605 0)
(3.010905433 -0.03424707348 0)
(3.011724412 -0.0381481895 0)
(3.015285123 -0.0496470089 0)
(3.017316094 -0.05446470726 0)
(3.020637783 -0.06421151838 0)
(2.915979303 0.2007712655 0)
(2.919611278 0.1928792535 0)
(2.924437022 0.1827489701 0)
(2.929564374 0.1720666699 0)
(2.934086479 0.1632439798 0)
(2.937834973 0.1558125497 0)
(2.94284657 0.1445316332 0)
(2.947735806 0.1319174565 0)
(2.950904218 0.1234060345 0)
(2.953223378 0.1179868408 0)
(2.957595266 0.1067245237 0)
(2.962161446 0.09373676987 0)
(2.965088251 0.08580789576 0)
(2.967730339 0.08142528249 0)
(2.971703722 0.07211363809 0)
(2.976790735 0.05955363451 0)
(2.97975495 0.05064111733 0)
(2.982216974 0.04592247034 0)
(2.984442764 0.03910658541 0)
(2.989136083 0.02631331407 0)
(2.991334811 0.01672779839 0)
(2.993905751 0.01179361527 0)
(2.995345036 0.007968272253 0)
(2.999821742 -0.003610579045 0)
(3.002335674 -0.01025558191 0)
(3.004880014 -0.01761506332 0)
(3.00826226 -0.02538790274 0)
(3.008559251 -0.02877150053 0)
(3.012031227 -0.04009517319 0)
(3.014106108 -0.04374080051 0)
(3.018065522 -0.05581402112 0)
(2.912854 0.2092367157 0)
(2.916181616 0.2004774064 0)
(2.919847809 0.1920945882 0)
(2.924500821 0.182141655 0)
(2.929693648 0.1710940359 0)
(2.933919284 0.1630322862 0)
(2.937694207 0.1559744533 0)
(2.942953939 0.1443627479 0)
(2.947600695 0.1320351243 0)
(2.950613381 0.1243822236 0)
(2.953252672 0.1181668662 0)
(2.957577078 0.1065332029 0)
(2.961592879 0.09446258787 0)
(2.964575584 0.08676220329 0)
(2.967247652 0.08223628994 0)
(2.971502885 0.07271206039 0)
(2.976562603 0.06046787469 0)
(2.979483648 0.05157384115 0)
(2.981800725 0.04759775365 0)
(2.983996252 0.04041166236 0)
(2.98867311 0.02750305965 0)
(2.990870636 0.01832693501 0)
(2.992885101 0.01358255204 0)
(2.995388655 0.008315299271 0)
(2.998197009 -8.44824195e-05 0)
(3.001662528 -0.01055123263 0)
(3.004391945 -0.0152500591 0)
(3.00623002 -0.02200633949 0)
(3.010008295 -0.03197605142 0)
(3.009680448 -0.03182532501 0)
(3.014599336 -0.04759854466 0)
(2.909554735 0.2183532105 0)
(2.913197267 0.208664021 0)
(2.916603982 0.1996355906 0)
(2.920041814 0.1915631737 0)
(2.924803419 0.1811593569 0)
(2.929698889 0.1706913017 0)
(2.933890396 0.1628043707 0)
(2.937753415 0.1556904102 0)
(2.942959043 0.1440064258 0)
(2.947261795 0.1328632401 0)
(2.950533874 0.1251362547 0)
(2.9531976 0.1183914574 0)
(2.957482133 0.106742546 0)
(2.96139586 0.09481001065 0)
(2.964323123 0.08713929903 0)
(2.966789983 0.08326071089 0)
(2.971050671 0.07378127006 0)
(2.976257958 0.06112267452 0)
(2.978968887 0.0530701755 0)
(2.981314573 0.04867654751 0)
(2.983471434 0.04146575396 0)
(2.987781095 0.02904021135 0)
(2.990183313 0.01974704503 0)
(2.992547076 0.01525346995 0)
(2.994424112 0.01002013984 0)
(2.998347201 -0.0005483376918 0)
(3.000452167 -0.006632340318 0)
(3.003553076 -0.01544098454 0)
(3.008246205 -0.02069273831 0)
(3.006172386 -0.02494771761 0)
(3.009685205 -0.04296217588 0)
(2.906228017 0.2262667865 0)
(2.909910388 0.217726835 0)
(2.913694161 0.2079067131 0)
(2.916975764 0.1991659011 0)
(2.920529196 0.1905865586 0)
(2.924896132 0.1808301279 0)
(2.929731653 0.1703434508 0)
(2.933799389 0.1628238516 0)
(2.937872424 0.155096321 0)
(2.942956833 0.1439373637 0)
(2.94730743 0.133009295 0)
(2.950494988 0.125645695 0)
(2.952873221 0.1191154728 0)
(2.957354621 0.1071797151 0)
(2.961285877 0.09499067663 0)
(2.96398282 0.08782026296 0)
(2.96637804 0.08406755522 0)
(2.97064722 0.07438400388 0)
(2.975472145 0.06233560829 0)
(2.978440303 0.05423453404 0)
(2.980500303 0.05020573288 0)
(2.983481962 0.04148231169 0)
(2.987206201 0.03050580476 0)
(2.989686198 0.02219131051 0)
(2.992353394 0.01582025499 0)
(2.994375484 0.01040225213 0)
(2.996932114 0.002746093417 0)
(3.001229678 -0.007579032289 0)
(3.003005323 -0.007544891808 0)
(3.003738778 -0.02311091486 0)
(3.001376797 -0.0467498442 0)
(2.902637441 0.2328147027 0)
(2.90643435 0.225632057 0)
(2.910342251 0.2169852364 0)
(2.914071649 0.2075928973 0)
(2.917557086 0.1983042015 0)
(2.920777648 0.1903374098 0)
(2.925299813 0.1800159095 0)
(2.929790709 0.1699380184 0)
(2.933781417 0.162495657 0)
(2.937619986 0.1552914767 0)
(2.943088838 0.1436725929 0)
(2.947359575 0.1330281362 0)
(2.950355501 0.1259131007 0)
(2.952632708 0.119669509 0)
(2.957165314 0.1075272328 0)
(2.960920032 0.0957406626 0)
(2.963634539 0.08881306529 0)
(2.966129996 0.08437584169 0)
(2.970414312 0.07458083465 0)
(2.974943425 0.06335480451 0)
(2.977845239 0.05564400687 0)
(2.980580742 0.05011394803 0)
(2.982665641 0.04312800348 0)
(2.986729346 0.03200711439 0)
(2.989602662 0.02382905996 0)
(2.991703107 0.01787466868 0)
(2.995550081 0.009273643935 0)
(2.995617647 0.007642185607 0)
(2.99976403 -0.002544237677 0)
(2.995330078 -0.02194138585 0)
(2.987156628 -0.0665055044 0)
(2.898865667 0.238344189 0)
(2.902752618 0.2320310243 0)
(2.906831585 0.2247255699 0)
(2.910734211 0.2165423411 0)
(2.914729375 0.2066670582 0)
(2.917804096 0.1983641058 0)
(2.92110798 0.1899863072 0)
(2.925526232 0.1794030127 0)
(2.929883587 0.1691752128 0)
(2.93361089 0.1624676176 0)
(2.937688217 0.1549213182 0)
(2.942909743 0.1438612278 0)
(2.947264369 0.1330136425 0)
(2.950213238 0.1263241069 0)
(2.952726069 0.1195888945 0)
(2.95708006 0.1077498383 0)
(2.960593875 0.09686893214 0)
(2.963449176 0.0895020824 0)
(2.966063378 0.08444677456 0)
(2.969892286 0.07541348508 0)
(2.974627779 0.06412491383 0)
(2.97771216 0.05624356321 0)
(2.980073529 0.05098599929 0)
(2.98287285 0.04327646671 0)
(2.985384112 0.03568204147 0)
(2.990028906 0.02416001031 0)
(2.991848402 0.02260981761 0)
(2.992401242 0.01167281437 0)
(2.990538771 -0.003293895904 0)
(2.986840945 -0.02685989694 0)
(2.963999695 -0.1062834441 0)
(2.895665281 0.2423972832 0)
(2.898844493 0.2376653604 0)
(2.902963494 0.231287951 0)
(2.906985198 0.2244715128 0)
(2.911268976 0.2157146665 0)
(2.915002403 0.206451037 0)
(2.918150178 0.1980708718 0)
(2.921356269 0.1895722091 0)
(2.925779329 0.1785882004 0)
(2.929867799 0.1690104847 0)
(2.93381971 0.1615969213 0)
(2.937647599 0.1546409653 0)
(2.942883135 0.1436082517 0)
(2.947096186 0.1336039593 0)
(2.950233612 0.1265079227 0)
(2.952763284 0.1196555323 0)
(2.956981054 0.1081907414 0)
(2.960568298 0.09742391863 0)
(2.963301524 0.09005800483 0)
(2.966015958 0.08458904271 0)
(2.969391759 0.07636272642 0)
(2.97400548 0.06542459959 0)
(2.977531357 0.05659949964 0)
(2.979483586 0.05249365617 0)
(2.983691757 0.04316257677 0)
(2.985164458 0.03949441821 0)
(2.987929642 0.02910098597 0)
(2.984190952 0.01085651971 0)
(2.981006629 -0.01317143862 0)
(2.969729148 -0.05745647913 0)
(2.935401611 -0.1595504107 0)
(2.894036686 0.2452122325 0)
(2.895828523 0.2420296425 0)
(2.899144494 0.2368887436 0)
(2.903142692 0.230727137 0)
(2.907378779 0.2236764752 0)
(2.91152731 0.2152389591 0)
(2.915399557 0.2058856389 0)
(2.918482574 0.1976303035 0)
(2.921793582 0.188656446 0)
(2.925751385 0.1785636393 0)
(2.930050758 0.1683856523 0)
(2.93383047 0.1613319471 0)
(2.937922849 0.1539136955 0)
(2.942857211 0.1437388672 0)
(2.947167977 0.1334937655 0)
(2.950086461 0.1268641509 0)
(2.952855891 0.1196040328 0)
(2.956724666 0.1089224075 0)
(2.960476579 0.0980109216 0)
(2.96326659 0.09068637862 0)
(2.965631482 0.08520759462 0)
(2.969737657 0.07567897259 0)
(2.972736493 0.06845383221 0)
(2.977659117 0.05731717754 0)
(2.980013687 0.05546999407 0)
(2.981545635 0.04541819053 0)
(2.97927673 0.0295035856 0)
(2.975640911 0.002456904285 0)
(2.962547324 -0.04329573589 0)
(2.94357829 -0.1122884244 0)
(2.909461986 -0.2086976022 0)
(2.894061178 0.2464962115 0)
(2.894381631 0.2447231576 0)
(2.896107183 0.2412825242 0)
(2.899284491 0.2362941667 0)
(2.9033799 0.2300907795 0)
(2.907528942 0.2231325785 0)
(2.911797653 0.2145564011 0)
(2.915651912 0.2054647086 0)
(2.918939474 0.1967400345 0)
(2.921965944 0.1882815052 0)
(2.926219849 0.1775854124 0)
(2.930187654 0.1682303036 0)
(2.934088148 0.160918437 0)
(2.937859942 0.1540924049 0)
(2.942888614 0.1433854124 0)
(2.947032541 0.1334859873 0)
(2.950039786 0.1266343125 0)
(2.952732531 0.1198403496 0)
(2.956724674 0.1093331864 0)
(2.959834477 0.1002352068 0)
(2.963400175 0.09037454659 0)
(2.965402095 0.08597020956 0)
(2.97028317 0.0754973447 0)
(2.972704169 0.071419861 0)
(2.976259183 0.06190231734 0)
(2.972321661 0.04211814831 0)
(2.969486049 0.01828261073 0)
(2.961082299 -0.02452772583 0)
(2.92670237 -0.1197418958 0)
(2.917390616 -0.1615600706 0)
(2.89673318 -0.2159726842 0)
(2.894617784 0.2474372324 0)
(2.894377019 0.2463090721 0)
(2.89463688 0.2444310445 0)
(2.896314037 0.2409722069 0)
(2.899559265 0.2357590485 0)
(2.903584612 0.2293490516 0)
(2.907861555 0.2220392016 0)
(2.912105461 0.213779813 0)
(2.916073147 0.204524083 0)
(2.919151042 0.1962978071 0)
(2.922510774 0.1874591709 0)
(2.92650639 0.1774029065 0)
(2.930588562 0.1679020153 0)
(2.933893594 0.1615139428 0)
(2.937978132 0.1533026941 0)
(2.942468929 0.1435921752 0)
(2.946692287 0.1337771338 0)
(2.950345076 0.1259313234 0)
(2.952519483 0.1204619806 0)
(2.956840942 0.1094834352 0)
(2.959377754 0.1020992887 0)
(2.9638635 0.09105501234 0)
(2.966025348 0.08748154578 0)
(2.968586427 0.0776708453 0)
(2.966289369 0.05961763778 0)
(2.963786549 0.03523199324 0)
(2.948308583 -0.02311306228 0)
(2.929652237 -0.0829499651 0)
(2.904539544 -0.1586819034 0)
(2.891954407 -0.2122611208 0)
(2.890774485 -0.2230445637 0)
(2.896026385 0.2467983508 0)
(2.894974633 0.2465141023 0)
(2.894552464 0.2461060658 0)
(2.894771778 0.2442984763 0)
(2.896577565 0.2405136185 0)
(2.899826067 0.2349574923 0)
(2.903914094 0.2282630936 0)
(2.907993417 0.2214493216 0)
(2.912427248 0.2128151332 0)
(2.916394426 0.2037512278 0)
(2.919642986 0.1956995838 0)
(2.923015955 0.1872767732 0)
(2.926902444 0.1775176396 0)
(2.930484283 0.1685868434 0)
(2.934259072 0.1602186556 0)
(2.937452794 0.1534221536 0)
(2.942570943 0.1428132211 0)
(2.946228717 0.1353574549 0)
(2.950564335 0.1252395867 0)
(2.952524306 0.1209658366 0)
(2.957504188 0.1095451596 0)
(2.959787473 0.1040636742 0)
(2.961920385 0.09344285997 0)
(2.959195354 0.07449433202 0)
(2.956129123 0.04805534027 0)
(2.941641368 -0.003749461341 0)
(2.922925553 -0.07369999387 0)
(2.893668897 -0.1568350335 0)
(2.891293502 -0.1778691699 0)
(2.890858496 -0.1978993787 0)
(2.889753626 -0.2055798293 0)
(2.899219124 0.2459031263 0)
(2.898433031 0.2486312091 0)
(2.894898906 0.247209575 0)
(2.894582245 0.2460789414 0)
(2.894915635 0.2438381953 0)
(2.896779413 0.2398270388 0)
(2.900002973 0.2342005162 0)
(2.903863931 0.2278182679 0)
(2.908247452 0.2204200358 0)
(2.912647715 0.2120596043 0)
(2.916956653 0.2029184835 0)
(2.920281014 0.1955362763 0)
(2.923370171 0.187515063 0)
(2.927074143 0.1777930426 0)
(2.930344475 0.1689094912 0)
(2.934332343 0.1593043802 0)
(2.937385329 0.153162825 0)
(2.942554489 0.1427722525 0)
(2.946170213 0.1359958222 0)
(2.951145858 0.1260776263 0)
(2.953398752 0.121347203 0)
(2.955620119 0.1104884667 0)
(2.952876482 0.09113365646 0)
(2.948775026 0.06240886743 0)
(2.936788496 0.009500630337 0)
(2.907584434 -0.07416257222 0)
(2.8937764 -0.1313129102 0)
(2.886211893 -0.1780671726 0)
(2.884133674 -0.1967927248 0)
(2.884590344 -0.1993314863 0)
(2.889297111 -0.1966816967 0)
(2.902039873 0.2489769924 0)
(2.899465048 0.2472941836 0)
(2.896335226 0.2466582798 0)
(2.895345916 0.2463351974 0)
(2.894938914 0.2456486863 0)
(2.895201453 0.2434283743 0)
(2.896750787 0.2395654182 0)
(2.899891425 0.2337569304 0)
(2.903908535 0.226976357 0)
(2.908294819 0.2195764783 0)
(2.913117116 0.2111484425 0)
(2.91707761 0.203431035 0)
(2.921034973 0.1946795162 0)
(2.923328411 0.1880476832 0)
(2.927543119 0.1767369243 0)
(2.93008383 0.1693484885 0)
(2.934479424 0.1586383358 0)
(2.937410862 0.1534434324 0)
(2.943490408 0.1425317189 0)
(2.946366914 0.1380566445 0)
(2.94877415 0.1256494683 0)
(2.947105007 0.107669129 0)
(2.942615514 0.07617117668 0)
(2.927098654 0.02142736614 0)
(2.910578071 -0.0468363291 0)
(2.885476512 -0.125833648 0)
(2.882225182 -0.1482615094 0)
(2.881664112 -0.1633187828 0)
(2.879607781 -0.1738448584 0)
(2.879256072 -0.1808475966 0)
(2.884841529 -0.18255099 0)
(2.897337651 0.2350464485 0)
(2.90016645 0.2397786377 0)
(2.899431642 0.2445410994 0)
(2.898764578 0.2481737827 0)
(2.895547733 0.2468711548 0)
(2.895080556 0.2458879486 0)
(2.895221532 0.2436103401 0)
(2.896863492 0.2393238493 0)
(2.899892184 0.2331937017 0)
(2.904185021 0.2254785879 0)
(2.908272185 0.2190495918 0)
(2.913425531 0.210279158 0)
(2.917301099 0.2033652876 0)
(2.921360902 0.1941794423 0)
(2.923766084 0.1872414736 0)
(2.927712755 0.1762600819 0)
(2.930121705 0.1694354138 0)
(2.935434484 0.1587272924 0)
(2.937541903 0.1547219274 0)
(2.941031658 0.1420745273 0)
(2.939634729 0.1230590992 0)
(2.934283785 0.08794791105 0)
(2.925338654 0.04051045323 0)
(2.893680067 -0.06006590239 0)
(2.883964708 -0.1071407532 0)
(2.87609949 -0.1569945231 0)
(2.871751342 -0.1646290856 0)
(2.871651845 -0.1644727995 0)
(2.874023819 -0.1622539045 0)
(2.878643045 -0.1660126612 0)
(2.887914137 -0.1714613785 0)
(2.92653775 0.1798236829 0)
(2.906689133 0.2213094044 0)
(2.902414578 0.2480029415 0)
(2.89991874 0.2469159183 0)
(2.896438227 0.246005415 0)
(2.895920671 0.2461524715 0)
(2.895554474 0.245809716 0)
(2.895904359 0.2432653223 0)
(2.897375987 0.2382313344 0)
(2.899776114 0.2324689308 0)
(2.904077837 0.2245313617 0)
(2.908260339 0.2182332699 0)
(2.9137606 0.2093779243 0)
(2.917411081 0.203224353 0)
(2.922074627 0.1928707909 0)
(2.923732801 0.187541885 0)
(2.929028689 0.1751362107 0)
(2.929735972 0.1714799104 0)
(2.931960229 0.1567620263 0)
(2.931537299 0.1383473426 0)
(2.926428498 0.1009968784 0)
(2.912444784 0.0458104719 0)
(2.893445197 -0.03047659545 0)
(2.880938111 -0.08593171692 0)
(2.871143194 -0.1203537546 0)
(2.869866818 -0.1315435248 0)
(2.868627212 -0.1455516956 0)
(2.869127779 -0.1504475578 0)
(2.871872899 -0.152288701 0)
(2.875473114 -0.1525193155 0)
(2.882410038 -0.1541963938 0)
(2.954176738 0.1352646867 0)
(2.914140059 0.2341791851 0)
(2.89819765 0.2375004296 0)
(2.899493545 0.2377009143 0)
(2.899143253 0.2434219525 0)
(2.897299808 0.2475095215 0)
(2.896382484 0.2470325137 0)
(2.896251299 0.2456993878 0)
(2.895995809 0.2430876187 0)
(2.897237792 0.237988186 0)
(2.899468197 0.2322695193 0)
(2.904306949 0.2233992739 0)
(2.908293615 0.2179492027 0)
(2.914401713 0.2082208234 0)
(2.917541363 0.2034847538 0)
(2.923383311 0.1919914548 0)
(2.923758047 0.188269549 0)
(2.924329688 0.1737401089 0)
(2.922523733 0.1514843445 0)
(2.915824286 0.1125754344 0)
(2.906012846 0.06338283933 0)
(2.876497128 -0.04118906308 0)
(2.874458943 -0.0872087352 0)
(2.858889551 -0.1311990348 0)
(2.857827844 -0.1321909212 0)
(2.859404112 -0.1304870286 0)
(2.864304686 -0.1318750102 0)
(2.870458421 -0.1388055909 0)
(2.876015311 -0.1415705334 0)
(2.879266016 -0.1408421182 0)
(2.88535383 -0.1416002625 0)
(2.973597385 0.07574941219 0)
(2.937466282 0.1702563434 0)
(2.928276555 0.1801920307 0)
(2.907396739 0.2171252794 0)
(2.901953942 0.2458334236 0)
(2.898891689 0.2459910881 0)
(2.897022709 0.2456887088 0)
(2.896674121 0.2458675964 0)
(2.896226177 0.2453461566 0)
(2.896099028 0.2430459646 0)
(2.897758534 0.2368975854 0)
(2.899611048 0.2317601229 0)
(2.904866848 0.2223958981 0)
(2.908417633 0.2180447017 0)
(2.915660841 0.2077054818 0)
(2.917640821 0.2045636914 0)
(2.917656747 0.1890994786 0)
(2.915694312 0.1667432762 0)
(2.908313189 0.1293439774 0)
(2.890450385 0.05926910533 0)
(2.867818182 -0.01566027856 0)
(2.866533792 -0.05138665168 0)
(2.855443005 -0.09175394579 0)
(2.853483363 -0.1038487942 0)
(2.853643469 -0.1155972648 0)
(2.856307009 -0.1201977385 0)
(2.859940566 -0.1197216081 0)
(2.864949379 -0.1202557696 0)
(2.871129947 -0.1223754486 0)
(2.876045074 -0.1254939627 0)
(2.882760543 -0.1265838508 0)
(2.990716137 0.02537544286 0)
(2.962106729 0.09217462315 0)
(2.95661896 0.1316540094 0)
(2.915047621 0.2312156151 0)
(2.896993115 0.2440345634 0)
(2.898898153 0.2364220108 0)
(2.899647832 0.242136673 0)
(2.898002151 0.2462849747 0)
(2.897009129 0.2465701575 0)
(2.896726156 0.2451190443 0)
(2.896422982 0.2422649584 0)
(2.897881992 0.2363728391 0)
(2.899648798 0.2317171073 0)
(2.905733606 0.222074778 0)
(2.90929051 0.2187877291 0)
(2.909732951 0.2037280423 0)
(2.908638957 0.1800559379 0)
(2.900489749 0.1376410353 0)
(2.878403716 0.06671152655 0)
(2.864997854 -0.00572948343 0)
(2.849040941 -0.07667425256 0)
(2.840775598 -0.09750616715 0)
(2.840893269 -0.09879214533 0)
(2.844066846 -0.09903350052 0)
(2.850256797 -0.1034743595 0)
(2.857597526 -0.1107171695 0)
(2.863701048 -0.1107397955 0)
(2.868945006 -0.1095588129 0)
(2.874489924 -0.1103224391 0)
(2.879593964 -0.113026132 0)
(2.886865204 -0.1137297999 0)
(2.997800561 0.005860083768 0)
(2.98666733 0.03128689573 0)
(2.974529903 0.07415079964 0)
(2.938933984 0.1663901171 0)
(2.92519316 0.1860802159 0)
(2.910679062 0.2156543289 0)
(2.899286207 0.2402913181 0)
(2.899428954 0.245773684 0)
(2.898588077 0.2457050102 0)
(2.897236734 0.2452205542 0)
(2.89652367 0.2445974042 0)
(2.895901831 0.2430183071 0)
(2.898326479 0.2356504686 0)
(2.901728379 0.2309421458 0)
(2.900365614 0.2159277829 0)
(2.899258437 0.1904809004 0)
(2.891193186 0.1489189559 0)
(2.875735808 0.07791162837 0)
(2.854299193 0.0006289308713 0)
(2.847089541 -0.02538685707 0)
(2.847526971 -0.05680432932 0)
(2.837967252 -0.07459022693 0)
(2.83649199 -0.08430652013 0)
(2.839739657 -0.08856033059 0)
(2.844583587 -0.08844991204 0)
(2.851315819 -0.09123811108 0)
(2.858569517 -0.09397453911 0)
(2.864564767 -0.09543640625 0)
(2.87042376 -0.09496910162 0)
(2.87581613 -0.09567674361 0)
(2.884630295 -0.09694647122 0)
(2.999666689 0.000863797873 0)
(2.997080261 0.00721718189 0)
(2.99084217 0.02502151678 0)
(2.962807005 0.09070752563 0)
(2.955409398 0.1298886491 0)
(2.917821205 0.2290040864 0)
(2.895147395 0.2408512691 0)
(2.899867084 0.2369801677 0)
(2.899832128 0.242526192 0)
(2.899038865 0.2447394358 0)
(2.897626337 0.2463280301 0)
(2.895918248 0.245867197 0)
(2.895589562 0.240641316 0)
(2.894710153 0.2274393547 0)
(2.889727931 0.1998613913 0)
(2.881427519 0.152653635 0)
(2.855882236 0.06249582464 0)
(2.85434108 0.009982011144 0)
(2.839057926 -0.05724559471 0)
(2.832210846 -0.06013750407 0)
(2.832965713 -0.06432447661 0)
(2.836304974 -0.06737247889 0)
(2.841545462 -0.0741085072 0)
(2.846577323 -0.08056038212 0)
(2.851333785 -0.08010598632 0)
(2.856475288 -0.08036043049 0)
(2.862559688 -0.0825973404 0)
(2.868635198 -0.08457472878 0)
(2.874521935 -0.08371891272 0)
(2.87977346 -0.08340165469 0)
(2.888700869 -0.08413443983 0)
(2.999966535 8.541522898e-05 0)
(2.999596003 0.001036963804 0)
(2.997798639 0.005825753041 0)
(2.986958409 0.03051087182 0)
(2.974450953 0.07400796693 0)
(2.939396581 0.1647893515 0)
(2.934212489 0.1801464596 0)
(2.904889152 0.2253144338 0)
(2.900539931 0.2362676879 0)
(2.899922245 0.247198543 0)
(2.898961731 0.2474040983 0)
(2.896937975 0.2450882392 0)
(2.89237259 0.2330307466 0)
(2.883537208 0.2028922079 0)
(2.868617681 0.1497969283 0)
(2.856895841 0.08627173733 0)
(2.844038294 0.02918043582 0)
(2.840054941 -0.008981580909 0)
(2.838533075 -0.02769025814 0)
(2.832898711 -0.04565516849 0)
(2.832265763 -0.05451384946 0)
(2.834613855 -0.05482590627 0)
(2.838127514 -0.05608361677 0)
(2.8428197 -0.06008548237 0)
(2.847489615 -0.06293632193 0)
(2.851603052 -0.06418728379 0)
(2.856031877 -0.06483578798 0)
(2.861148811 -0.06661974487 0)
(2.866785569 -0.067238146 0)
(2.871877369 -0.06728970023 0)
(2.88052778 -0.06742016597 0)
(2.999997487 6.421184546e-06 0)
(2.999962006 9.922113848e-05 0)
(2.999669307 0.0008531720773 0)
(2.99720251 0.006929935601 0)
(2.990508997 0.02567175804 0)
(2.96460009 0.084950992 0)
(2.957813288 0.1343618395 0)
(2.914098042 0.2287077262 0)
(2.895658046 0.2329399332 0)
(2.900690323 0.2437957005 0)
(2.901068242 0.244843988 0)
(2.896158261 0.2325541296 0)
(2.88279384 0.1998390582 0)
(2.868561748 0.1464026127 0)
(2.845851428 0.05567315172 0)
(2.84384431 0.01907953478 0)
(2.827877837 -0.02734981371 0)
(2.825492867 -0.03152659254 0)
(2.826307206 -0.03337774081 0)
(2.829539091 -0.03466198129 0)
(2.834179324 -0.03929469843 0)
(2.838371639 -0.04334531913 0)
(2.842017891 -0.04410880632 0)
(2.846299892 -0.04628748651 0)
(2.850815329 -0.04936123899 0)
(2.854808654 -0.05134061665 0)
(2.858789678 -0.05134184065 0)
(2.863296289 -0.05220599793 0)
(2.868644895 -0.05281843756 0)
(2.87377347 -0.05311509703 0)
(2.88244026 -0.05288793005 0)
(2.999999888 2.864394329e-07 0)
(2.99999736 6.892156616e-06 0)
(2.999967172 8.400610588e-05 0)
(2.999615081 0.0009982538148 0)
(2.997768361 0.005846092354 0)
(2.988164444 0.02803670417 0)
(2.972450515 0.07709392732 0)
(2.939990894 0.1587712779 0)
(2.930401147 0.1774126235 0)
(2.910973427 0.2315497657 0)
(2.898510208 0.2248369493 0)
(2.879850625 0.1846331315 0)
(2.860597687 0.132424288 0)
(2.854097207 0.09457419139 0)
(2.841654012 0.04320520179 0)
(2.826544802 0.005764320687 0)
(2.820137608 -0.01219899083 0)
(2.815765547 -0.02482651398 0)
(2.816530539 -0.02694545038 0)
(2.82088948 -0.02705107536 0)
(2.826378426 -0.0280996721 0)
(2.831665937 -0.03075376883 0)
(2.836000829 -0.03245173977 0)
(2.840291087 -0.03391455695 0)
(2.844764301 -0.03574501814 0)
(2.84899542 -0.03789326325 0)
(2.852995517 -0.03876138429 0)
(2.857427506 -0.03921623248 0)
(2.862548234 -0.03944316433 0)
(2.867468987 -0.03986567314 0)
(2.876093086 -0.03965131204 0)
(2.999999996 1.085901314e-08 0)
(2.999999888 2.898802988e-07 0)
(2.999997641 6.126057245e-06 0)
(2.99996473 9.347996304e-05 0)
(2.999673645 0.0008565576646 0)
(2.99755379 0.006324118969 0)
(2.989918781 0.02674732144 0)
(2.971176771 0.07330478094 0)
(2.946581473 0.1469044622 0)
(2.920613674 0.189336415 0)
(2.883214994 0.1669656404 0)
(2.853696083 0.1300023738 0)
(2.835416379 0.04806289335 0)
(2.815103832 -0.003782448017 0)
(2.803966344 -0.009805581918 0)
(2.797639051 -0.006631486449 0)
(2.798440612 -0.009137875305 0)
(2.800811287 -0.01420755674 0)
(2.804511485 -0.01736165372 0)
(2.809404497 -0.01795665009 0)
(2.815051001 -0.01755209013 0)
(2.821182342 -0.01839031528 0)
(2.826857971 -0.01935447493 0)
(2.832305325 -0.01997917449 0)
(2.837850096 -0.02076977515 0)
(2.843186973 -0.02209589334 0)
(2.848035356 -0.02261042114 0)
(2.852951505 -0.0228329333 0)
(2.858262689 -0.0227547418 0)
(2.863193189 -0.02281960785 0)
(2.872050489 -0.02268989388 0)
(3 1.289802128e-10 0)
(2.999999995 5.363888949e-09 0)
(2.999999852 1.597384707e-07 0)
(2.999996866 3.497287607e-06 0)
(2.999955301 4.752101399e-05 0)
(2.999510161 0.0005383881879 0)
(2.996661313 0.003410361949 0)
(2.983688885 0.01651691409 0)
(2.950418199 0.04563001735 0)
(2.900111408 0.07154148185 0)
(2.868755178 0.07779837204 0)
(2.845452476 0.07147542592 0)
(2.845996615 0.07113629785 0)
(2.808736421 0.0276657227 0)
(2.796909799 0.01079987125 0)
(2.793175838 0.0006020242483 0)
(2.793474456 -0.001999336512 0)
(2.796832867 -0.003793068851 0)
(2.801555032 -0.005097923302 0)
(2.8062332 -0.005603098737 0)
(2.810848177 -0.00567589854 0)
(2.816126713 -0.00579066345 0)
(2.822183104 -0.006050616416 0)
(2.828601742 -0.006265549944 0)
(2.835225194 -0.006417825424 0)
(2.842040855 -0.006903388395 0)
(2.848578192 -0.007343449485 0)
(2.854504847 -0.007559884123 0)
(2.860281682 -0.007572205544 0)
(2.865553624 -0.007584745446 0)
(2.874952869 -0.007604161052 0)
)
;

boundaryField
{
    inlet
    {
        type            fixedValue;
        value           nonuniform 0();
    }
    outlet
    {
        type            inletOutlet;
        inletValue      uniform (3 0 0);
        value           nonuniform List<vector> 
71
(
(2.993239506 -0.0004696815617 0)
(2.993809682 -0.0004777475291 0)
(2.994421156 -0.0004539171032 0)
(2.99498833 -0.0006395833498 0)
(2.995346804 -0.0009426386156 0)
(2.995436581 -0.001091853439 0)
(2.995376029 -0.0009201284032 0)
(2.995398517 -0.0005466559771 0)
(2.995610821 9.971525158e-05 0)
(2.995735096 -2.022374338e-06 0)
(2.995428724 -0.0001747533382 0)
(2.995131152 -0.001106889097 0)
(2.995766748 -0.0007641117452 0)
(2.996746438 -0.002657838696 0)
(2.998358832 -0.007730542372 0)
(3.012889595 -0.02852135778 0)
(3.020055519 -0.02825821143 0)
(3.038856154 -0.1389451849 0)
(3.063868583 -0.2349678022 0)
(3.079539569 -0.2898990383 0)
(3.081508218 -0.2961396202 0)
(3.081829003 -0.2966415524 0)
(3.078508823 -0.2800089166 0)
(3.077655246 -0.2732233845 0)
(3.075120502 -0.258513567 0)
(3.072881202 -0.2483986577 0)
(3.070377944 -0.2394192085 0)
(3.067843584 -0.2305628982 0)
(3.065002756 -0.2195392721 0)
(3.063302504 -0.2122790715 0)
(3.060703378 -0.2022096754 0)
(3.057753729 -0.1927242939 0)
(3.054578637 -0.1834429575 0)
(3.051631197 -0.1732062645 0)
(3.050065113 -0.1649505262 0)
(3.04792486 -0.1544159908 0)
(3.045867196 -0.1466959032 0)
(3.042801441 -0.1366846967 0)
(3.040286716 -0.1283427104 0)
(3.037311917 -0.1178515214 0)
(3.035213973 -0.1098892741 0)
(3.032090698 -0.1000144329 0)
(3.028779993 -0.09107992692 0)
(3.025547544 -0.08185968477 0)
(3.023007455 -0.07316617875 0)
(3.020637783 -0.06421151838 0)
(3.018065522 -0.05581402112 0)
(3.014599336 -0.04759854466 0)
(3.009685205 -0.04296217588 0)
(3.001376797 -0.0467498442 0)
(2.987156628 -0.0665055044 0)
(2.963999695 -0.1062834441 0)
(2.935401611 -0.1595504107 0)
(2.909461986 -0.2086976022 0)
(2.89673318 -0.2159726842 0)
(2.890774485 -0.2230445637 0)
(2.889753626 -0.2055798293 0)
(2.889297111 -0.1966816967 0)
(2.884841529 -0.18255099 0)
(2.887914137 -0.1714613785 0)
(2.882410038 -0.1541963938 0)
(2.88535383 -0.1416002625 0)
(2.882760543 -0.1265838508 0)
(2.886865204 -0.1137297999 0)
(2.884630295 -0.09694647122 0)
(2.888700869 -0.08413443983 0)
(2.88052778 -0.06742016597 0)
(2.88244026 -0.05288793005 0)
(2.876093086 -0.03965131204 0)
(2.872050489 -0.02268989388 0)
(2.874952869 -0.007604161052 0)
)
;
    }
    bottom
    {
        type            slip;
    }
    top
    {
        type            slip;
    }
    obstacle
    {
        type            slip;
    }
    defaultFaces
    {
        type            empty;
    }
    procBoundary35to29
    {
        type            processor;
        value           nonuniform List<vector> 
33
(
(2.994741357 -0.000918733049 0)
(2.994949098 -0.001071860994 0)
(2.995082823 -0.001215758834 0)
(2.995263517 -0.001247250947 0)
(2.995246686 -0.001003928734 0)
(2.994938683 -0.0005197842027 0)
(2.994473483 -9.230672113e-05 0)
(2.994273977 2.485900454e-05 0)
(2.993778405 -0.0001100761416 0)
(2.993122473 -0.0004010213424 0)
(2.99284845 -0.0005441991014 0)
(2.992765046 -0.0004468814472 0)
(3.096207099 -0.3609898491 0)
(3.095462508 -0.3587940185 0)
(3.094015592 -0.3573743137 0)
(3.086488527 -0.3317139216 0)
(3.069264001 -0.2633163277 0)
(3.049241265 -0.1566279904 0)
(3.022796248 -0.06673587434 0)
(3.028498219 -0.07009321661 0)
(3.009112456 -0.02224085264 0)
(3.001664167 -0.002697480388 0)
(2.996791841 -0.001795358999 0)
(2.994030329 -0.003014893124 0)
(2.994519054 -0.002293531699 0)
(2.995438827 -0.0007728595577 0)
(2.995221946 -0.0002809581846 0)
(2.993277684 -0.00134437739 0)
(2.993278859 -0.001654525766 0)
(2.993841832 -0.001545043846 0)
(2.994494281 -0.0009130417284 0)
(2.994976001 -4.663284627e-05 0)
(2.994976001 -4.663284627e-05 0)
)
;
    }
    procBoundary35to34
    {
        type            processor;
        value           nonuniform List<vector> 
71
(
(3.090893513 -0.3446834384 0)
(3.088946021 -0.3319273907 0)
(3.087090496 -0.3163808367 0)
(3.082492889 -0.2974993666 0)
(3.080484745 -0.2868450053 0)
(3.078373094 -0.2689127215 0)
(3.072803251 -0.2481860801 0)
(3.070046851 -0.2367535128 0)
(3.066168186 -0.2192387379 0)
(3.059793627 -0.2000806585 0)
(3.056393184 -0.1898804617 0)
(3.053196304 -0.1806021838 0)
(3.047972334 -0.1642274364 0)
(3.045101737 -0.156753404 0)
(3.041639344 -0.1431369222 0)
(3.038739029 -0.1306066937 0)
(3.035385232 -0.11696136 0)
(3.032439186 -0.1058203278 0)
(3.028514021 -0.09193125687 0)
(3.024595897 -0.077881198 0)
(3.020653599 -0.06246270025 0)
(3.014830053 -0.04473658223 0)
(3.00983133 -0.03064686969 0)
(3.005597591 -0.02023207008 0)
(3.000826191 -0.008649310124 0)
(2.996175755 0.004632363483 0)
(2.99150364 0.01950262377 0)
(2.987061431 0.03396569777 0)
(2.98409019 0.04259396939 0)
(2.980094523 0.05024171894 0)
(2.975437331 0.06152001564 0)
(2.970778263 0.07445984607 0)
(2.964651411 0.08936625516 0)
(2.959994466 0.1001813416 0)
(2.955965076 0.1084336994 0)
(2.951406162 0.1204764468 0)
(2.946628936 0.1339147298 0)
(2.941947761 0.1465851763 0)
(2.938430386 0.1551749571 0)
(2.934358864 0.1637085425 0)
(2.9291876 0.1747466077 0)
(2.923731725 0.1855348114 0)
(2.919016947 0.1944365007 0)
(2.919160948 0.1941076423 0)
(2.919160948 0.1941076423 0)
(2.915615857 0.201432348 0)
(2.912341767 0.2101350276 0)
(2.909079377 0.2192370394 0)
(2.905786375 0.2271194259 0)
(2.902430496 0.2335722943 0)
(2.898758851 0.2391815889 0)
(2.895738029 0.2431090607 0)
(2.893946557 0.2453522262 0)
(2.893732509 0.2466913655 0)
(2.894503925 0.2468339912 0)
(2.897640616 0.2490043839 0)
(2.899062323 0.2471480241 0)
(2.900733155 0.2399252755 0)
(2.906796246 0.2242232325 0)
(2.914090541 0.2356986258 0)
(2.936959249 0.1699074458 0)
(2.961896524 0.09159270754 0)
(2.986637285 0.03136430163 0)
(2.997076436 0.007276417992 0)
(2.999583764 0.001076480347 0)
(2.999961341 0.0001016212283 0)
(2.999997253 7.25354248e-06 0)
(2.999999887 2.935227112e-07 0)
(2.999999996 1.072190268e-08 0)
(3 2.036285417e-10 0)
(3 1.880045898e-12 0)
)
;
    }
}


// ************************************************************************* //
